1.107086614173228428e-01 2.177559055118110168e-02 7.015748031496062964e-01 6.539370078740157632e-01 8.688976377952756236e-01 1.224409448818897683e+00 1.031496062992126039e-01
1.185826771653543388e-01 2.326377952755905379e-02 7.913385826771653919e-01 6.421259842519685401e-01 9.051181102362204633e-01 1.192913385826771755e+00 4.043307086614172929e-01
1.283464566929133910e-01 2.201181102362204794e-02 7.881889763779527103e-01 7.342519685039370358e-01 9.744094488188976833e-01 8.070866141732283561e-01 2.519685039370078705e-01
1.044094488188976461e-01 2.217716535433070929e-02 7.346456692913385655e-01 8.429133858267716661e-01 8.562992125984252301e-01 5.314960629921259283e-01 2.590551181102362377e-01
1.040944881889763890e-01 2.220078740157480426e-02 7.708661417322834053e-01 6.988188976377952555e-01 9.964566929133858997e-01 5.236220472440944462e-01 2.838582677165354395e-01
1.003149606299212626e-01 2.302755905511811099e-02 8.354330708661417138e-01 6.043307086614173596e-01 1.046850393700787363e+00 1.358267716535433101e+00 1.881889763779527325e-01
1.381102362204724432e-01 2.116141732283464624e-02 7.661417322834644938e-01 7.437007874015748587e-01 1.029527559055118058e+00 1.027559055118110187e+00 2.307086614173228245e-01
1.359055118110236160e-01 2.222440944881889924e-02 7.551181102362204411e-01 8.240157480314960203e-01 9.413385826771654141e-01 7.283464566929134243e-01 5.000000000000000278e-02
1.122834645669291420e-01 2.132677165354330759e-02 8.543307086614173596e-01 8.192913385826772199e-01 9.224409448818897683e-01 5.629921259842519676e-01 6.771653543307086520e-02
1.028346456692913469e-01 2.340551181102362363e-02 7.456692913385826182e-01 6.822834645669291209e-01 1.013779527559055094e+00 1.145669291338582640e+00 5.354330708661417249e-02
1.324409448818897883e-01 2.189370078740157655e-02 7.740157480314960869e-01 7.602362204724408823e-01 9.492125984251968962e-01 1.334645669291338432e+00 3.511811023622047334e-01
1.355905511811023589e-01 2.120866141732283619e-02 7.629921259842519232e-01 5.783464566929134021e-01 9.555118110236220375e-01 1.232283464566929165e+00 4.220472440944881831e-01
1.242519685039370214e-01 2.078346456692913360e-02 7.094488188976377785e-01 7.460629921259842590e-01 9.003937007874015519e-01 1.177165354330708791e+00 1.350393700787401730e-01
1.176377952755905676e-01 2.205905511811023789e-02 7.519685039370078705e-01 7.814960629921259283e-01 9.476377952755905554e-01 9.251968503937008093e-01 2.377952755905511917e-01
1.229921259842519793e-01 2.109055118110236132e-02 8.559055118110237004e-01 6.137795275590551825e-01 1.001181102362204811e+00 7.834645669291337988e-01 1.562992125984252190e-01
1.327559055118110454e-01 2.298031496062992105e-02 8.055118110236220152e-01 7.129921259842519898e-01 1.010629921259842634e+00 6.023622047244094890e-01 2.200787401574803015e-01
1.037795275590551181e-01 2.139763779527559251e-02 7.897637795275590511e-01 7.389763779527559473e-01 9.507874015748031260e-01 1.468503937007874072e+00 9.606299212598425064e-02
1.088188976377952866e-01 2.227165354330708572e-02 8.039370078740157854e-01 5.830708661417323135e-01 1.042125984251968562e+00 1.066929133858267598e+00 4.681102362204724310e-01
1.157480314960629975e-01 2.054724409448819081e-02 7.488188976377952999e-01 7.933070866141732624e-01 8.972440944881889813e-01 6.496062992125983815e-01 4.610236220472440638e-01
1.160629921259842545e-01 2.279133858267716473e-02 8.669291338582677531e-01 8.334645669291338432e-01 1.038976377952755881e+00 1.019685039370078705e+00 2.803149606299212837e-01
1.050393700787401602e-01 2.153937007874015888e-02 7.944881889763779625e-01 7.909448818897637512e-01 9.240157480314961091e-01 7.598425196850393526e-01 4.007874015748031371e-01
1.318110236220472464e-01 2.127952755905511764e-02 8.133858267716534973e-01 7.625984251968503935e-01 9.429133858267716439e-01 8.307086614173228023e-01 3.086614173228346414e-01
1.292913385826771622e-01 2.309842519685039244e-02 8.480314960629921073e-01 5.759842519685040019e-01 9.696850393700787718e-01 1.374015748031496065e+00 3.688976377952755681e-01
1.138582677165354412e-01 2.087795275590551350e-02 8.102362204724409267e-01 6.586614173228346747e-01 8.846456692913385877e-01 1.279527559055118058e+00 2.271653543307086687e-01
1.053543307086614172e-01 2.335826771653543368e-02 8.653543307086614123e-01 5.972440944881890479e-01 1.034251968503937080e+00 1.153543307086614123e+00 3.972440944881889813e-01
1.314960629921259894e-01 2.137401574803149754e-02 7.787401574803149984e-01 8.287401574803149318e-01 8.940944881889764106e-01 1.185039370078740273e+00 9.960629921259842035e-02
1.333858267716535595e-01 2.347637795275590508e-02 8.322834645669291431e-01 7.035433070866141669e-01 9.114173228346457156e-01 5.866141732283464139e-01 4.433070866141732291e-01
1.056692913385826882e-01 2.135039370078740256e-02 8.590551181102362710e-01 7.767716535433071279e-01 8.547244094488188892e-01 1.366141732283464583e+00 4.397637795275590178e-01
1.239370078740157644e-01 2.175196850393700670e-02 7.850393700787401396e-01 6.468503937007874516e-01 9.177165354330708569e-01 1.003937007874015741e+00 3.334645669291338432e-01
1.248818897637795355e-01 2.269685039370078830e-02 7.724409448818897461e-01 7.059055118110235671e-01 8.673228346456692828e-01 1.059055118110236116e+00 3.547244094488188892e-01
1.377952755905511861e-01 2.101968503937007987e-02 7.236220472440944018e-01 6.255905511811024056e-01 9.728346456692913424e-01 1.492125984251968518e+00 1.669291338582677142e-01
1.144881889763779553e-01 2.196456692913385800e-02 8.889763779527559695e-01 7.177165354330709013e-01 9.933070866141733291e-01 1.248031496062992129e+00 4.645669291338582751e-01
1.289763779527559051e-01 2.191732283464566805e-02 8.826771653543307172e-01 5.523622047244094446e-01 1.002755905511811152e+00 1.114173228346456712e+00 8.897637795275591122e-02
1.270866141732283627e-01 2.324015748031496228e-02 7.976377952755905332e-01 5.547244094488189559e-01 9.397637795275590733e-01 5.472440944881890035e-01 1.066929133858267736e-01
1.321259842519685035e-01 2.061811023622047226e-02 8.527559055118110187e-01 6.751968503937008093e-01 8.720472440944881942e-01 8.543307086614173596e-01 3.051181102362204300e-01
1.362204724409449008e-01 2.064173228346456723e-02 8.700787401574803237e-01 8.051181102362204856e-01 8.814960629921260171e-01 9.960629921259842590e-01 2.661417322834645494e-01
1.022047244094488189e-01 2.253149606299212696e-02 7.267716535433070835e-01 7.838582677165354395e-01 1.043700787401574903e+00 1.342519685039369914e+00 2.874015748031495954e-01
1.384251968503937280e-01 2.075984251968503863e-02 8.196850393700787496e-01 6.657480314960629864e-01 9.271653543307086798e-01 5.157480314960629642e-01 2.980314960629921184e-01
1.365354330708661579e-01 2.099606299212598490e-02 8.433070866141731958e-01 5.594488188976378673e-01 1.023228346456692917e+00 1.271653543307086576e+00 2.909448818897637512e-01
1.047244094488189031e-01 2.170472440944882023e-02 8.181102362204724088e-01 6.161417322834645827e-01 9.334645669291338210e-01 8.464566929133858775e-01 4.716535433070865868e-01
1.195275590551181100e-01 2.290944881889763612e-02 8.496062992125984481e-01 8.169291338582677087e-01 9.255905511811023390e-01 7.125984251968504601e-01 1.208661417322834664e-01
1.018897637795275618e-01 2.090157480314960847e-02 7.362204724409449064e-01 7.578740157480314821e-01 9.681102362204724310e-01 1.287401574803149540e+00 2.625984251968503935e-01
1.311811023622047323e-01 2.333464566929133871e-02 8.748031496062992352e-01 6.114173228346456712e-01 9.192913385826771977e-01 9.645669291338583307e-01 1.775590551181102095e-01
1.374803149606299291e-01 2.260236220472440841e-02 7.535433070866141003e-01 8.003937007874015741e-01 9.019685039370078927e-01 1.161417322834645605e+00 2.696850393700787607e-01
1.255118110236220497e-01 2.331102362204724374e-02 7.283464566929133133e-01 6.681102362204724976e-01 8.736220472440944240e-01 6.338582677165354173e-01 1.633858267716535306e-01
1.201574803149606380e-01 2.066535433070866221e-02 8.511811023622046779e-01 6.610236220472440749e-01 9.066929133858268042e-01 7.204724409448819422e-01 4.149606299212598159e-01
1.182677165354330817e-01 2.241338582677165209e-02 8.244094488188976610e-01 7.484251968503936592e-01 8.641732283464567121e-01 6.417322834645668994e-01 3.759842519685039353e-01
1.034645669291338610e-01 2.168110236220472525e-02 7.472440944881889591e-01 8.405511811023622659e-01 8.578740157480314599e-01 1.444881889763779625e+00 1.137795275590551131e-01
1.400000000000000133e-01 2.231889763779527566e-02 8.118110236220472675e-01 7.011811023622047667e-01 8.499999999999999778e-01 8.779527559055118058e-01 2.944881889763779625e-01
1.081889763779527586e-01 2.321653543307086731e-02 7.188976377952756014e-01 6.704724409448818978e-01 8.531496062992125484e-01 1.381889763779527547e+00 3.937007874015747699e-01
1.308661417322834752e-01 2.142125984251968401e-02 7.614173228346456934e-01 8.216535433070866201e-01 8.767716535433071057e-01 6.732283464566929387e-01 1.173228346456692966e-01
1.125984251968503991e-01 2.144488188976377899e-02 7.440944881889763884e-01 6.185039370078740939e-01 1.024803149606299257e+00 9.173228346456692162e-01 4.822834645669291098e-01
1.059842519685039453e-01 2.246062992125984203e-02 7.031496062992125262e-01 6.562992125984252745e-01 9.287401574803149096e-01 1.452755905511811108e+00 3.263779527559054761e-01
1.015748031496063047e-01 2.215354330708661432e-02 8.307086614173228023e-01 7.106299212598425896e-01 8.610236220472440305e-01 7.755905511811023167e-01 1.740157480314960536e-01
1.226771653543307083e-01 2.250787401574803198e-02 7.110236220472440083e-01 6.444881889763779403e-01 9.318897637795275912e-01 5.551181102362204856e-01 4.362204724409448620e-01
1.103937007874015858e-01 2.123228346456693116e-02 8.937007874015747699e-01 5.618110236220472675e-01 1.005905511811023612e+00 6.259842519685039353e-01 4.964566929133857887e-01
1.066141732283464594e-01 2.073622047244094713e-02 8.370078740157480546e-01 6.303149606299213170e-01 1.027952755905511939e+00 1.169291338582677309e+00 3.795275590551180911e-01
1.113385826771653569e-01 2.198818897637795297e-02 7.598425196850393526e-01 8.122047244094487972e-01 9.366141732283465027e-01 1.295275590551181022e+00 3.830708661417322469e-01
1.343307086614173307e-01 2.092519685039369998e-02 7.677165354330708347e-01 5.854330708661417138e-01 8.751968503937007648e-01 1.043307086614173151e+00 4.468503937007873850e-01
1.116535433070866279e-01 2.149212598425196893e-02 7.157480314960629197e-01 6.374015748031496287e-01 9.822834645669291653e-01 7.440944881889763884e-01 2.129921259842519898e-01
1.236220472440944934e-01 2.338188976377952866e-02 8.417322834645669660e-01 7.200787401574803015e-01 9.885826771653543066e-01 9.015748031496062520e-01 3.299212598425196874e-01
1.000000000000000056e-01 2.156299212598425386e-02 8.228346456692913202e-01 6.799212598425197207e-01 1.045275590551181244e+00 1.460629921259842590e+00 7.480314960629921850e-02
1.371653543307086720e-01 2.281496062992125970e-02 8.842519685039370581e-01 7.555118110236220819e-01 9.712598425196851126e-01 1.397637795275590511e+00 1.598425196850393748e-01
1.305511811023622182e-01 2.113779527559055127e-02 7.047244094488188670e-01 6.066929133858267598e-01 9.838582677165355062e-01 1.413385826771653475e+00 2.165354330708661457e-01
1.296062992125984192e-01 2.248425196850393701e-02 7.204724409448818312e-01 6.350393700787402285e-01 1.009055118110236293e+00 1.208661417322834719e+00 2.767716535433070724e-01
1.352755905511811019e-01 2.212992125984251934e-02 7.078740157480314377e-01 6.515748031496063630e-01 8.783464566929133355e-01 9.094488188976377341e-01 1.102362204724409434e-01
1.179527559055118247e-01 2.161023622047244033e-02 8.070866141732283561e-01 8.381889763779527547e-01 8.657480314960629419e-01 8.228346456692913202e-01 5.000000000000000000e-01
1.009448818897637906e-01 2.234251968503937064e-02 7.425196850393700476e-01 5.925196850393701364e-01 1.012204724409448975e+00 8.858267716535432879e-01 2.413385826771653475e-01
1.223622047244094513e-01 2.151574803149606391e-02 7.866141732283464805e-01 7.720472440944882164e-01 8.877952755905511584e-01 8.937007874015747699e-01 6.062992125984252578e-02
1.349606299212598448e-01 2.104330708661417484e-02 8.685039370078739829e-01 7.862204724409448398e-01 1.004330708661417271e+00 1.051181102362204633e+00 3.015748031496062742e-01
1.119685039370078850e-01 2.057086614173228578e-02 7.929133858267716217e-01 8.074803149606299968e-01 1.032677165354330739e+00 1.500000000000000000e+00 9.251968503937008093e-02
1.031496062992126039e-01 2.345275590551181011e-02 7.251968503937007426e-01 5.688976377952755792e-01 9.854330708661417360e-01 5.944881889763780070e-01 4.574803149606299080e-01
1.072440944881889874e-01 2.068897637795275718e-02 8.259842519685038909e-01 5.500000000000000444e-01 1.021653543307086576e+00 1.011811023622047223e+00 1.456692913385826960e-01
1.387401574803149851e-01 2.083070866141732355e-02 7.299212598425196541e-01 5.996062992125984481e-01 1.016929133858267775e+00 1.082677165354330562e+00 1.811023622047244208e-01
1.163779527559055116e-01 2.229527559055118069e-02 7.141732283464566899e-01 5.736220472440944906e-01 9.775590551181102539e-01 1.122047244094488194e+00 3.724409448818897239e-01
1.154330708661417404e-01 2.194094488188976302e-02 8.622047244094488416e-01 8.027559055118109743e-01 9.523622047244094668e-01 1.484251968503937036e+00 1.421259842519684846e-01
1.233070866141732363e-01 2.307480314960630094e-02 7.803149606299212282e-01 6.279527559055118058e-01 9.082677165354330340e-01 1.200787401574803237e+00 4.326771653543307061e-01
1.261417322834645638e-01 2.238976377952756058e-02 8.763779527559055760e-01 7.318897637795276356e-01 9.460629921259842146e-01 1.240157480314960647e+00 3.228346456692913202e-01
1.280314960629921339e-01 2.203543307086614292e-02 7.692913385826771755e-01 7.224409448818898127e-01 8.909448818897637290e-01 5.078740157480314821e-01 7.834645669291338821e-02
1.390551181102362421e-01 2.295669291338582607e-02 8.637795275590551825e-01 5.877952755905512250e-01 9.602362204724409489e-01 1.476377952755905554e+00 1.314960629921259894e-01
1.198425196850393809e-01 2.272047244094488327e-02 7.582677165354330118e-01 5.712598425196850904e-01 9.759842519685040241e-01 8.700787401574803237e-01 4.114173228346456601e-01
1.062992125984252023e-01 2.080708661417322858e-02 8.149606299212598381e-01 5.807086614173229133e-01 1.020078740157480457e+00 6.574803149606298636e-01 2.732283464566929165e-01
1.214173228346456801e-01 2.274409448818897478e-02 8.716535433070866645e-01 7.980314960629921739e-01 1.037401574803149540e+00 1.074803149606299080e+00 3.405511811023622104e-01
1.330708661417323024e-01 2.314566929133858239e-02 7.960629921259843034e-01 6.870078740157480324e-01 8.704724409448818534e-01 1.405511811023621993e+00 5.708661417322834913e-02
1.302362204724409611e-01 2.179921259842519665e-02 8.606299212598425008e-01 6.728346456692912980e-01 9.791338582677165947e-01 6.181102362204724532e-01 4.751968503937007982e-01
1.337007874015748166e-01 2.097244094488188992e-02 8.574803149606299302e-01 7.791338582677165281e-01 9.539370078740158077e-01 1.437007874015748143e+00 1.492125984251968518e-01
1.245669291338582785e-01 2.130314960629921262e-02 8.732283464566930054e-01 6.846456692913386322e-01 9.145669291338582862e-01 5.393700787401575214e-01 7.125984251968503491e-02
1.204724409448818950e-01 2.255511811023622193e-02 8.291338582677165725e-01 6.232283464566930054e-01 9.901574803149606474e-01 1.129921259842519676e+00 4.078740157480315043e-01
1.258267716535433067e-01 2.224803149606299074e-02 8.007874015748031038e-01 8.145669291338581974e-01 9.870078740157480768e-01 6.811023622047244208e-01 3.653543307086614123e-01
1.151181102362204833e-01 2.328740157480314876e-02 7.062992125984252079e-01 7.413385826771653475e-01 8.862204724409448175e-01 8.385826771653543954e-01 4.291338582677164948e-01
1.286614173228346480e-01 2.316929133858267736e-02 8.464566929133858775e-01 7.082677165354330784e-01 9.444881889763779848e-01 6.889763779527559029e-01 1.704724409448818978e-01
1.264566929133858486e-01 2.350000000000000006e-02 8.086614173228345859e-01 8.263779527559054205e-01 8.956692913385826404e-01 9.803149606299212948e-01 2.059055118110236227e-01
1.075590551181102444e-01 2.050000000000000086e-02 8.968503937007874516e-01 7.248031496062992129e-01 9.035433070866141225e-01 7.047244094488188670e-01 3.582677165354330451e-01
1.346456692913385877e-01 2.257874015748031343e-02 8.165354330708661790e-01 6.940944881889763440e-01 9.381889763779527325e-01 6.653543307086613456e-01 3.192913385826771644e-01
1.173228346456692966e-01 2.125590551181102267e-02 8.401574803149606252e-01 8.476377952755904666e-01 9.807086614173228245e-01 9.724409448818898127e-01 1.952755905511810997e-01
1.396850393700787563e-01 2.208267716535432940e-02 7.645669291338582640e-01 7.507874015748031704e-01 1.026377952755905598e+00 9.330708661417322913e-01 2.236220472440945128e-01
1.340157480314960736e-01 2.243700787401574706e-02 7.125984251968503491e-01 7.531496062992125706e-01 9.350393700787401619e-01 7.362204724409449064e-01 1.527559055118110076e-01
1.006299212598425197e-01 2.276771653543306975e-02 8.984251968503937924e-01 7.696850393700787052e-01 8.988188976377953221e-01 6.968503937007873850e-01 3.440944881889763662e-01
1.251968503937007926e-01 2.158661417322834536e-02 8.874015748031496287e-01 8.452755905511810663e-01 9.208661417322834275e-01 1.429133858267716661e+00 3.618110236220472564e-01
1.012598425196850477e-01 2.312204724409448742e-02 7.173228346456692606e-01 6.917322834645669438e-01 1.015354330708661434e+00 8.149606299212598381e-01 3.370078740157479991e-01
1.132283464566929132e-01 2.187007874015748157e-02 6.999999999999999556e-01 7.295275590551181244e-01 9.586614173228347191e-01 1.106299212598425230e+00 3.476377952755905221e-01
1.188976377952755958e-01 2.052362204724409583e-02 7.834645669291337988e-01 8.311023622047244430e-01 8.893700787401574992e-01 1.318897637795275468e+00 1.279527559055118058e-01
1.299212598425197041e-01 2.319291338582677234e-02 8.448818897637795367e-01 7.956692913385826627e-01 1.050000000000000044e+00 1.263779527559055094e+00 6.417322834645669549e-02
1.141732283464566983e-01 2.106692913385826982e-02 8.212598425196850904e-01 8.499999999999999778e-01 8.830708661417322469e-01 1.350393700787401619e+00 4.255905511811023390e-01
1.135433070866141841e-01 2.085433070866141853e-02 7.409448818897637068e-01 7.153543307086613900e-01 9.303149606299212504e-01 1.216535433070866201e+00 4.539370078740157521e-01
1.100787401574803148e-01 2.305118110236220597e-02 8.905511811023621993e-01 8.098425196850393970e-01 1.035826771653543421e+00 7.913385826771652809e-01 3.866141732283464583e-01
1.274015748031496198e-01 2.236614173228346561e-02 8.338582677165353729e-01 5.570866141732283561e-01 9.665354330708662012e-01 9.881889763779527769e-01 3.122047244094487972e-01
1.192125984251968529e-01 2.146850393700787396e-02 7.330708661417322247e-01 5.901574803149606252e-01 1.007480314960629952e+00 7.992125984251968740e-01 1.917322834645669438e-01
1.217322834645669372e-01 2.267322834645669333e-02 7.314960629921259949e-01 6.019685039370079593e-01 8.625984251968503713e-01 5.787401574803149318e-01 4.929133858267716328e-01
1.220472440944881942e-01 2.288582677165354462e-02 7.393700787401574770e-01 6.326771653543307172e-01 9.098425196850393748e-01 1.303149606299212504e+00 1.846456692913385766e-01
1.368503937007874149e-01 2.210629921259842437e-02 7.377952755905511362e-01 6.090551181102362710e-01 9.161417322834646271e-01 7.519685039370078705e-01 1.988188976377952555e-01
1.393700787401574992e-01 2.094881889763779495e-02 7.755905511811023167e-01 6.397637795275590289e-01 9.129921259842519454e-01 9.566929133858267376e-01 2.555118110236220264e-01
1.094488188976378007e-01 2.172834645669291520e-02 9.000000000000000222e-01 7.744094488188976166e-01 9.948818897637795589e-01 5.000000000000000000e-01 3.157480314960629530e-01
1.078740157480315015e-01 2.300393700787401602e-02 7.566929133858267820e-01 7.271653543307086132e-01 9.649606299212598604e-01 1.098425196850393748e+00 3.901574803149606141e-01
1.110236220472440999e-01 2.118503937007874122e-02 8.023622047244094446e-01 7.366141732283464361e-01 9.917322834645669882e-01 6.102362204724409711e-01 8.188976377952755792e-02
1.129133858267716561e-01 2.111417322834645630e-02 8.811023622047244874e-01 7.649606299212599048e-01 8.925196850393700698e-01 1.389763779527559029e+00 2.094488188976377785e-01
1.091338582677165436e-01 2.071259842519685215e-02 7.503937007874015297e-01 6.893700787401575436e-01 1.018503937007874116e+00 1.326771653543306950e+00 2.484251968503937147e-01
1.069291338582677164e-01 2.262598425196850338e-02 8.275590551181102317e-01 7.673228346456693050e-01 9.618110236220472897e-01 8.622047244094488416e-01 4.858267716535432656e-01
1.170078740157480396e-01 2.293307086614173110e-02 8.858267716535432879e-01 6.492125984251968518e-01 1.040551181102362222e+00 5.708661417322834497e-01 4.185039370078739718e-01
1.211023622047244230e-01 2.165748031496063028e-02 7.771653543307086576e-01 6.775590551181103205e-01 8.594488188976378007e-01 1.421259842519685179e+00 1.385826771653543288e-01
1.277165354330708769e-01 2.184645669291338660e-02 8.952755905511811108e-01 5.665354330708661790e-01 1.048425196850393704e+00 1.035433070866141669e+00 1.244094488188976361e-01
1.267716535433071057e-01 2.286220472440944965e-02 7.220472440944881720e-01 7.885826771653543510e-01 9.980314960629921295e-01 1.137795275590551158e+00 2.342519685039369803e-01
1.207874015748031660e-01 2.264960629921259835e-02 8.795275590551181466e-01 5.948818897637795367e-01 1.031102362204724399e+00 7.677165354330708347e-01 8.543307086614174151e-02
1.085039370078740295e-01 2.163385826771653531e-02 8.779527559055118058e-01 6.208661417322834941e-01 8.515748031496063186e-01 1.255905511811023612e+00 2.448818897637795033e-01
1.097637795275590578e-01 2.182283464566929163e-02 7.818897637795275690e-01 6.964566929133858553e-01 8.799212598425196763e-01 9.409448818897637734e-01 4.893700787401574770e-01
1.025196850393700898e-01 2.283858267716535467e-02 8.385826771653543954e-01 6.633858267716535861e-01 9.633858267716535195e-01 1.311023622047243986e+00 4.503937007874015408e-01
1.148031496062992263e-01 2.059448818897637729e-02 8.921259842519685401e-01 8.358267716535432434e-01 9.570866141732283783e-01 9.488188976377952555e-01 2.023622047244094668e-01
1.166929133858267825e-01 2.342913385826771860e-02 7.992125984251968740e-01 5.641732283464567788e-01 9.996062992125984703e-01 1.090551181102362044e+00 4.787401574803149540e-01
