# Parameters:
# omega_b = 0.022580, omega_m = 0.133084, n_s = 0.963000, h = 71.000000, w = -1.000000, sigma_8 = 0.800000
# z = 0.510000
#
# k[1/Mpc] # P(k):
8.694000e-04 1.060580e+04 
2.077466e-03 2.252380e+04 
3.285532e-03 3.168166e+04 
4.493598e-03 3.858971e+04 
5.701664e-03 4.359529e+04 
6.909730e-03 4.703089e+04 
8.117797e-03 4.925580e+04 
9.325863e-03 5.045558e+04 
1.053393e-02 5.081100e+04 
1.174199e-02 5.048662e+04 
1.295006e-02 4.958879e+04 
1.415813e-02 4.826025e+04 
1.536619e-02 4.662013e+04 
1.657426e-02 4.475083e+04 
1.778233e-02 4.272282e+04 
1.899039e-02 4.063857e+04 
2.019846e-02 3.856219e+04 
2.140652e-02 3.654820e+04 
2.261459e-02 3.462137e+04 
2.382266e-02 3.281086e+04 
2.503072e-02 3.113578e+04 
2.623879e-02 2.960189e+04 
2.744685e-02 2.821071e+04 
2.865492e-02 2.695989e+04 
2.986299e-02 2.584135e+04 
3.100100e-02 2.490431e+04 
3.220400e-02 2.402478e+04 
3.288100e-02 2.357799e+04 
3.424300e-02 2.276931e+04 
3.555100e-02 2.208776e+04 
3.686000e-02 2.148498e+04 
3.795000e-02 2.103040e+04 
3.929100e-02 2.051971e+04 
4.039800e-02 2.012414e+04 
4.164000e-02 1.969892e+04 
4.294400e-02 1.925642e+04 
4.415000e-02 1.884957e+04 
4.542900e-02 1.840221e+04 
4.660900e-02 1.798205e+04 
4.782300e-02 1.752152e+04 
4.892900e-02 1.709077e+04 
5.031200e-02 1.653094e+04 
5.155900e-02 1.600629e+04 
5.238100e-02 1.565404e+04 
5.378200e-02 1.504726e+04 
5.513400e-02 1.445744e+04 
5.627600e-02 1.396202e+04 
5.735300e-02 1.350297e+04 
5.870100e-02 1.294496e+04 
5.988700e-02 1.247463e+04 
6.113500e-02 1.200362e+04 
6.225900e-02 1.160355e+04 
6.340100e-02 1.122279e+04 
6.480200e-02 1.079036e+04 
6.601100e-02 1.045147e+04 
6.725500e-02 1.013461e+04 
6.829100e-02 9.897110e+03 
6.958600e-02 9.626851e+03 
7.071100e-02 9.417767e+03 
7.192300e-02 9.215373e+03 
7.307400e-02 9.042882e+03 
7.412300e-02 8.900305e+03 
7.550400e-02 8.732289e+03 
7.663100e-02 8.606801e+03 
7.791200e-02 8.476375e+03 
7.912700e-02 8.359802e+03 
8.027600e-02 8.252847e+03 
8.138400e-02 8.151129e+03 
8.272200e-02 8.027919e+03 
8.406100e-02 7.902028e+03 
8.534100e-02 7.775234e+03 
8.653800e-02 7.650088e+03 
8.759800e-02 7.535503e+03 
8.900300e-02 7.377055e+03 
9.009000e-02 7.248674e+03 
9.113300e-02 7.120566e+03 
9.239600e-02 6.963234e+03 
9.358000e-02 6.812544e+03 
9.496100e-02 6.633495e+03 
9.608400e-02 6.488749e+03 
9.727500e-02 6.337123e+03 
9.852600e-02 6.179342e+03 
9.973800e-02 6.031468e+03 
1.009000e-01 5.894172e+03 
1.020900e-01 5.760617e+03 
1.034000e-01 5.620721e+03 
1.046000e-01 5.499257e+03 
1.057200e-01 5.395009e+03 
1.069100e-01 5.289701e+03 
1.082500e-01 5.181800e+03 
1.093900e-01 5.097368e+03 
1.105400e-01 5.017144e+03 
1.116900e-01 4.945400e+03 
1.129600e-01 4.870358e+03 
1.142000e-01 4.804174e+03 
1.153300e-01 4.746935e+03 
1.166400e-01 4.684689e+03 
1.177800e-01 4.633099e+03 
1.190000e-01 4.579793e+03 
1.201200e-01 4.531484e+03 
1.213400e-01 4.480008e+03 
1.227100e-01 4.420820e+03 
1.238900e-01 4.370253e+03 
1.250700e-01 4.317924e+03 
1.263200e-01 4.262442e+03 
1.275500e-01 4.206137e+03 
1.287500e-01 4.150876e+03 
1.299900e-01 4.092555e+03 
1.311300e-01 4.038801e+03 
1.323500e-01 3.980529e+03 
1.335900e-01 3.921690e+03 
1.347100e-01 3.868424e+03 
1.359800e-01 3.808896e+03 
1.372100e-01 3.751622e+03 
1.384300e-01 3.695989e+03 
1.395700e-01 3.644859e+03 
1.407700e-01 3.592224e+03 
1.420300e-01 3.538536e+03 
1.432800e-01 3.486474e+03 
1.444500e-01 3.439809e+03 
1.456300e-01 3.393716e+03 
1.468900e-01 3.346651e+03 
1.480500e-01 3.304550e+03 
1.491700e-01 3.265354e+03 
1.503800e-01 3.224685e+03 
1.516400e-01 3.183495e+03 
1.528200e-01 3.146969e+03 
1.540200e-01 3.110539e+03 
1.551900e-01 3.076754e+03 
1.564300e-01 3.041889e+03 
1.576600e-01 3.008396e+03 
1.588700e-01 2.976581e+03 
1.600900e-01 2.945127e+03 
1.612700e-01 2.915723e+03 
1.625400e-01 2.884663e+03 
1.637600e-01 2.855367e+03 
1.649500e-01 2.827296e+03 
1.662200e-01 2.797821e+03 
1.674000e-01 2.770583e+03 
1.685000e-01 2.745616e+03 
1.697500e-01 2.717363e+03 
1.710300e-01 2.688598e+03 
1.722200e-01 2.662330e+03 
1.734400e-01 2.635072e+03 
1.746400e-01 2.608690e+03 
1.758700e-01 2.581885e+03 
1.770900e-01 2.555291e+03 
1.782700e-01 2.530002e+03 
1.794600e-01 2.504640e+03 
1.807000e-01 2.478470e+03 
1.819100e-01 2.453363e+03 
1.830100e-01 2.430761e+03 
1.842200e-01 2.406265e+03 
1.855000e-01 2.380792e+03 
1.867000e-01 2.357399e+03 
1.879200e-01 2.334000e+03 
1.890900e-01 2.311963e+03 
1.902800e-01 2.290147e+03 
1.915200e-01 2.267774e+03 
1.926900e-01 2.247084e+03 
1.939000e-01 2.226305e+03 
1.951700e-01 2.204841e+03 
1.963100e-01 2.185975e+03 
1.975100e-01 2.166692e+03 
1.987800e-01 2.146599e+03 
2.000100e-01 2.127536e+03 
2.012500e-01 2.108829e+03 
2.023400e-01 2.092619e+03 
2.036100e-01 2.074047e+03 
2.048900e-01 2.055784e+03 
2.060400e-01 2.039616e+03 
2.072200e-01 2.023263e+03 
2.084200e-01 2.006944e+03 
2.096900e-01 1.989924e+03 
2.109200e-01 1.973682e+03 
2.121100e-01 1.958165e+03 
2.132700e-01 1.943243e+03 
2.145200e-01 1.927387e+03 
2.157200e-01 1.912333e+03 
2.168800e-01 1.897954e+03 
2.180700e-01 1.883400e+03 
2.193400e-01 1.868048e+03 
2.206000e-01 1.852967e+03 
2.217500e-01 1.839388e+03 
2.229500e-01 1.825403e+03 
2.241400e-01 1.811641e+03 
2.253500e-01 1.797830e+03 
2.264900e-01 1.784985e+03 
2.277100e-01 1.771382e+03 
2.289900e-01 1.757266e+03 
2.301500e-01 1.744642e+03 
2.313600e-01 1.731640e+03 
2.325600e-01 1.718890e+03 
2.337700e-01 1.706198e+03 
2.350000e-01 1.693462e+03 
2.362000e-01 1.681201e+03 
2.374100e-01 1.669002e+03 
2.386500e-01 1.656658e+03 
2.399100e-01 1.644278e+03 
2.410400e-01 1.633350e+03 
2.422500e-01 1.621794e+03 
2.435000e-01 1.610005e+03 
2.447300e-01 1.598563e+03 
2.458700e-01 1.588136e+03 
2.470600e-01 1.577378e+03 
2.483300e-01 1.566037e+03 
2.495600e-01 1.555229e+03 
2.507600e-01 1.544866e+03 
2.519600e-01 1.534624e+03 
2.532200e-01 1.523999e+03 
2.543700e-01 1.514465e+03 
2.555500e-01 1.504827e+03 
2.568000e-01 1.494736e+03 
2.580100e-01 1.485083e+03 
2.592400e-01 1.475443e+03 
2.604100e-01 1.466404e+03 
2.616100e-01 1.457237e+03 
2.628400e-01 1.447947e+03 
2.640600e-01 1.438889e+03 
2.652200e-01 1.430393e+03 
2.664300e-01 1.421626e+03 
2.676500e-01 1.412887e+03 
2.688400e-01 1.404489e+03 
2.700700e-01 1.395924e+03 
2.712400e-01 1.387866e+03 
2.724800e-01 1.379419e+03 
2.736700e-01 1.371409e+03 
2.748800e-01 1.363359e+03 
2.761000e-01 1.355330e+03 
2.773200e-01 1.347388e+03 
2.785400e-01 1.339536e+03 
2.797000e-01 1.332157e+03 
2.808900e-01 1.324664e+03 
2.821400e-01 1.316878e+03 
2.833900e-01 1.309175e+03 
2.845500e-01 1.302098e+03 
2.857800e-01 1.294672e+03 
2.870300e-01 1.287204e+03 
2.882100e-01 1.280228e+03 
2.893900e-01 1.273317e+03 
2.906300e-01 1.266126e+03 
2.918900e-01 1.258896e+03 
2.930500e-01 1.252307e+03 
2.942500e-01 1.245556e+03 
2.954200e-01 1.239033e+03 
2.966500e-01 1.232244e+03 
2.978900e-01 1.225469e+03 
2.990400e-01 1.219247e+03 
3.002700e-01 1.212656e+03 
3.015100e-01 1.206077e+03 
3.026800e-01 1.199930e+03 
3.038500e-01 1.193842e+03 
3.050300e-01 1.187759e+03 
3.062600e-01 1.181480e+03 
3.075000e-01 1.175213e+03 
3.087000e-01 1.169207e+03 
3.099100e-01 1.163208e+03 
3.111200e-01 1.157271e+03 
3.123100e-01 1.151493e+03 
3.135300e-01 1.145625e+03 
3.147300e-01 1.139908e+03 
3.159900e-01 1.133962e+03 
3.171800e-01 1.128407e+03 
3.183700e-01 1.122907e+03 
3.196300e-01 1.117138e+03 
3.208400e-01 1.111651e+03 
3.220300e-01 1.106304e+03 
3.232000e-01 1.101109e+03 
3.244300e-01 1.095702e+03 
3.256700e-01 1.090303e+03 
3.269200e-01 1.084911e+03 
3.280800e-01 1.079952e+03 
3.292500e-01 1.075010e+03 
3.304800e-01 1.069865e+03 
3.317100e-01 1.064767e+03 
3.328900e-01 1.059920e+03 
3.340700e-01 1.055114e+03 
3.353600e-01 1.049927e+03 
3.365300e-01 1.045272e+03 
3.377100e-01 1.040617e+03 
3.389200e-01 1.035885e+03 
3.401600e-01 1.031078e+03 
3.413700e-01 1.026442e+03 
3.425300e-01 1.022044e+03 
3.437700e-01 1.017384e+03 
3.449800e-01 1.012875e+03 
3.461800e-01 1.008442e+03 
3.473600e-01 1.004127e+03 
3.485800e-01 9.997199e+02 
3.498100e-01 9.953148e+02 
3.510200e-01 9.910183e+02 
3.522000e-01 9.868631e+02 
3.533900e-01 9.827070e+02 
3.546400e-01 9.784009e+02 
3.558400e-01 9.743032e+02 
3.570600e-01 9.701717e+02 
3.582700e-01 9.661080e+02 
3.595000e-01 9.620116e+02 
3.607100e-01 9.580261e+02 
3.618900e-01 9.541795e+02 
3.631200e-01 9.502025e+02 
3.643200e-01 9.463541e+02 
3.655500e-01 9.424416e+02 
3.667300e-01 9.387184e+02 
3.679500e-01 9.349245e+02 
3.691900e-01 9.310999e+02 
3.703600e-01 9.275199e+02 
3.715700e-01 9.238466e+02 
3.727700e-01 9.202325e+02 
3.739900e-01 9.165906e+02 
3.752000e-01 9.130136e+02 
3.763900e-01 9.095232e+02 
3.775800e-01 9.060597e+02 
3.788200e-01 9.024790e+02 
3.800300e-01 8.990125e+02 
3.812100e-01 8.956501e+02 
3.824200e-01 8.922234e+02 
3.836100e-01 8.888791e+02 
3.848600e-01 8.853934e+02 
3.860400e-01 8.821283e+02 
3.872400e-01 8.788329e+02 
3.884600e-01 8.755356e+02 
3.896500e-01 8.723540e+02 
3.908700e-01 8.691169e+02 
3.920600e-01 8.659832e+02 
3.933100e-01 8.627164e+02 
3.945300e-01 8.595525e+02 
3.957200e-01 8.564813e+02 
3.969300e-01 8.533793e+02 
3.981700e-01 8.502243e+02 
3.993500e-01 8.472442e+02 
4.094840e-01 8.224402e+02 
4.272360e-01 7.825924e+02 
4.454600e-01 7.454483e+02 
4.630560e-01 7.127020e+02 
4.804610e-01 6.829320e+02 
4.980690e-01 6.552249e+02 
5.159230e-01 6.292912e+02 
5.317440e-01 6.080123e+02 
5.489640e-01 5.863673e+02 
5.671990e-01 5.650738e+02 
5.838690e-01 5.469694e+02 
6.018840e-01 5.287507e+02 
6.202330e-01 5.114754e+02 
6.379250e-01 4.958574e+02 
6.545410e-01 4.821005e+02 
6.714560e-01 4.689039e+02 
6.892080e-01 4.558383e+02 
7.066010e-01 4.437005e+02 
7.240540e-01 4.321956e+02 
7.420450e-01 4.210195e+02 
7.593780e-01 4.107039e+02 
7.764720e-01 4.010367e+02 
7.942840e-01 3.914549e+02 
8.116170e-01 3.824738e+02 
8.288310e-01 3.739676e+02 
8.462240e-01 3.656805e+02 
8.631980e-01 3.579144e+02 
8.810700e-01 3.500623e+02 
8.989410e-01 3.425230e+02 
9.166330e-01 3.353068e+02 
9.345640e-01 3.282155e+02 
9.515980e-01 3.217098e+02 
9.688720e-01 3.153439e+02 
9.865640e-01 3.090190e+02 
1.031870e+00 2.936781e+02 
1.063490e+00 2.836470e+02 
1.097920e+00 2.732880e+02 
1.134370e+00 2.629452e+02 
1.167730e+00 2.539283e+02 
1.203830e+00 2.446868e+02 
1.240470e+00 2.357963e+02 
1.275790e+00 2.276186e+02 
1.309140e+00 2.202909e+02 
1.342970e+00 2.131499e+02 
1.378420e+00 2.060532e+02 
1.413200e+00 1.993829e+02 
1.448110e+00 1.929890e+02 
1.484090e+00 1.867065e+02 
1.518820e+00 1.809068e+02 
1.552880e+00 1.754386e+02 
1.588630e+00 1.699622e+02 
1.623230e+00 1.648902e+02 
1.657720e+00 1.600405e+02 
1.692450e+00 1.553858e+02 
1.726400e+00 1.509770e+02 
1.762200e+00 1.465135e+02 
1.797880e+00 1.422563e+02 
1.833270e+00 1.382034e+02 
1.869070e+00 1.342635e+02 
1.903200e+00 1.306618e+02 
1.937740e+00 1.271506e+02 
1.973190e+00 1.236798e+02 
2.007440e+00 1.204513e+02 
2.042160e+00 1.172991e+02 
2.077900e+00 1.141672e+02 
2.112390e+00 1.112731e+02 
2.146220e+00 1.085076e+02 
2.181600e+00 1.057334e+02 
2.216930e+00 1.030627e+02 
2.250760e+00 1.005875e+02 
2.286500e+00 9.805983e+01 
2.321770e+00 9.565561e+01 
2.355950e+00 9.340604e+01 
2.391280e+00 9.114912e+01 
2.426240e+00 8.899595e+01 
2.460670e+00 8.694297e+01 
2.495640e+00 8.491901e+01 
2.531080e+00 8.294481e+01 
2.566220e+00 8.104502e+01 
2.600830e+00 7.923301e+01 
2.635080e+00 7.749720e+01 
2.670340e+00 7.575740e+01 
2.705970e+00 7.406173e+01 
2.740040e+00 7.249221e+01 
2.774520e+00 7.094204e+01 
2.809730e+00 6.941044e+01 
2.844390e+00 6.794940e+01 
2.879960e+00 6.649240e+01 
2.914860e+00 6.510370e+01 
2.949410e+00 6.376977e+01 
2.984440e+00 6.245876e+01 
3.019760e+00 6.117194e+01 
3.054730e+00 5.993320e+01 
3.089030e+00 5.875225e+01 
3.124060e+00 5.758064e+01 
3.159560e+00 5.642722e+01 
3.194710e+00 5.531694e+01 
3.229010e+00 5.426329e+01 
3.263320e+00 5.323306e+01 
3.297930e+00 5.222282e+01 
3.332830e+00 5.123292e+01 
3.368040e+00 5.025991e+01 
3.403300e+00 4.931090e+01 
3.438450e+00 4.838810e+01 
3.473060e+00 4.750310e+01 
3.508440e+00 4.662563e+01 
3.543110e+00 4.578772e+01 
3.577470e+00 4.497512e+01 
3.613040e+00 4.415627e+01 
3.648120e+00 4.337161e+01 
3.682910e+00 4.261124e+01 
3.718050e+00 4.185899e+01 
3.753320e+00 4.112460e+01 
3.787980e+00 4.042323e+01 
3.822290e+00 3.974447e+01 
3.857020e+00 3.907204e+01 
3.891920e+00 3.841235e+01 
3.926650e+00 3.777120e+01 
3.961970e+00 3.713461e+01 
3.997360e+00 3.651191e+01 
4.031670e+00 3.592244e+01 
4.066330e+00 3.534152e+01 
4.101420e+00 3.476682e+01 
4.136200e+00 3.420987e+01 
4.170810e+00 3.366805e+01 
4.206250e+00 3.312664e+01 
4.241580e+00 3.259921e+01 
4.276300e+00 3.209191e+01 
4.310970e+00 3.159609e+01 
4.346120e+00 3.110488e+01 
4.380600e+00 3.063430e+01 
4.414730e+00 3.017825e+01 
4.450350e+00 2.971180e+01 
4.485320e+00 2.926360e+01 
4.519810e+00 2.883177e+01 
4.555430e+00 2.839553e+01 
4.590870e+00 2.797099e+01 
4.625480e+00 2.756570e+01 
4.659910e+00 2.717061e+01 
4.695230e+00 2.677325e+01 
4.729960e+00 2.639034e+01 
4.764450e+00 2.601748e+01 
4.799530e+00 2.564553e+01 
4.834910e+00 2.527784e+01 
4.869700e+00 2.492565e+01 
4.904370e+00 2.458180e+01 
4.939450e+00 2.424050e+01 
4.973940e+00 2.391117e+01 
5.008430e+00 2.358801e+01 
5.043810e+00 2.326269e+01 
5.078840e+00 2.294663e+01 
5.113500e+00 2.263972e+01 
5.148890e+00 2.233439e+01 
5.184210e+00 2.203543e+01 
5.219060e+00 2.174551e+01 
5.253660e+00 2.146192e+01 
5.288570e+00 2.118094e+01 
5.323420e+00 2.090649e+01 
5.358440e+00 2.063675e+01 
5.393590e+00 2.037082e+01 
5.428310e+00 2.011274e+01 
5.462800e+00 1.986078e+01 
5.497640e+00 1.961066e+01 
5.532670e+00 1.936499e+01 
5.567280e+00 1.912688e+01 
5.602000e+00 1.889206e+01 
5.637270e+00 1.865672e+01 
5.672410e+00 1.842605e+01 
5.707020e+00 1.820266e+01 
5.742040e+00 1.798190e+01 
5.777430e+00 1.776284e+01 
5.812210e+00 1.755112e+01 
5.846820e+00 1.734378e+01 
5.881610e+00 1.713871e+01 
5.916510e+00 1.693632e+01 
5.951600e+00 1.673671e+01 
5.986560e+00 1.654131e+01 
6.021830e+00 1.634733e+01 
6.056490e+00 1.616013e+01 
6.091160e+00 1.597612e+01 
6.125830e+00 1.579498e+01 
6.161090e+00 1.561361e+01 
6.195760e+00 1.543801e+01 
6.230420e+00 1.526515e+01 
6.265690e+00 1.509199e+01 
6.300950e+00 1.492228e+01 
6.335620e+00 1.475795e+01 
6.370880e+00 1.459335e+01 
6.405550e+00 1.443435e+01 
6.440220e+00 1.427788e+01 
6.475480e+00 1.412111e+01 
6.510150e+00 1.396945e+01 
6.544810e+00 1.382049e+01 
6.580080e+00 1.367113e+01 
6.614750e+00 1.352645e+01 
6.649410e+00 1.338390e+01 
6.684080e+00 1.324336e+01 
6.719340e+00 1.310247e+01 
6.754010e+00 1.296609e+01 
6.788680e+00 1.283200e+01 
6.823940e+00 1.269756e+01 
6.859800e+00 1.256279e+01 
6.894470e+00 1.243472e+01 
6.929140e+00 1.230857e+01 
6.963800e+00 1.218418e+01 
6.999070e+00 1.205936e+01 
7.033730e+00 1.193841e+01 
7.068400e+00 1.181907e+01 
7.103660e+00 1.169935e+01 
7.138330e+00 1.158354e+01 
7.173600e+00 1.146795e+01 
7.208260e+00 1.135588e+01 
7.243530e+00 1.124337e+01 
7.277600e+00 1.113589e+01 
7.312860e+00 1.102591e+01 
7.348120e+00 1.091739e+01 
7.382790e+00 1.081210e+01 
7.417460e+00 1.070874e+01 
7.452720e+00 1.060528e+01 
7.487390e+00 1.050486e+01 
7.522650e+00 1.040406e+01 
7.557320e+00 1.030623e+01 
7.591990e+00 1.020964e+01 
7.627250e+00 1.011267e+01 
7.662510e+00 1.001693e+01 
7.697180e+00 9.924272e+00 
7.731850e+00 9.832875e+00 
7.766510e+00 9.742640e+00 
7.801180e+00 9.653496e+00 
7.836440e+00 9.563965e+00 
7.871110e+00 9.477024e+00 
7.906380e+00 9.389670e+00 
7.941040e+00 9.304881e+00 
7.976310e+00 9.219826e+00 
8.011570e+00 9.136043e+00 
8.046240e+00 9.054660e+00 
8.080900e+00 8.974275e+00 
8.115570e+00 8.894868e+00 
8.150830e+00 8.815239e+00 
8.185500e+00 8.737875e+00 
8.220770e+00 8.660109e+00 
8.255430e+00 8.584593e+00 
8.290100e+00 8.510102e+00 
8.324770e+00 8.436497e+00 
8.359430e+00 8.363768e+00 
8.394700e+00 8.290621e+00 
8.429960e+00 8.218448e+00 
8.464630e+00 8.148400e+00 
8.499890e+00 8.077982e+00 
8.534560e+00 8.009536e+00 
8.569200e+00 7.941926e+00 
