0.00000e+00 7.45266e-05 2.04881e-06 0.00000e+00
0.00000e+00 7.15517e-05 2.39793e-06 0.00000e+00
0.00000e+00 6.84937e-05 2.79851e-06 0.00000e+00
0.00000e+00 6.53727e-05 3.25571e-06 0.00000e+00
0.00000e+00 6.22135e-05 3.77443e-06 0.00000e+00
0.00000e+00 5.90449e-05 4.35900e-06 0.00000e+00
0.00000e+00 5.58998e-05 5.01280e-06 0.00000e+00
0.00000e+00 5.28150e-05 5.73774e-06 0.00000e+00
0.00000e+00 4.98302e-05 6.53365e-06 0.00000e+00
0.00000e+00 4.69869e-05 7.39756e-06 0.00000e+00
0.00000e+00 4.43269e-05 8.32297e-06 0.00000e+00
0.00000e+00 4.18898e-05 9.29896e-06 0.00000e+00
0.00000e+00 3.97110e-05 1.03094e-05 0.00000e+00
0.00000e+00 3.78179e-05 1.13325e-05 0.00000e+00
0.00000e+00 3.62273e-05 1.23398e-05 0.00000e+00
0.00000e+00 3.49413e-05 1.32970e-05 0.00000e+00
0.00000e+00 3.39448e-05 1.41641e-05 0.00000e+00
0.00000e+00 3.32030e-05 1.48970e-05 0.00000e+00
0.00000e+00 3.26607e-05 1.54506e-05 0.00000e+00
0.00000e+00 3.22441e-05 1.57822e-05 0.00000e+00
0.00000e+00 3.18646e-05 1.58569e-05 0.00000e+00
0.00000e+00 3.14269e-05 1.56542e-05 0.00000e+00
0.00000e+00 3.08396e-05 1.51740e-05 0.00000e+00
0.00000e+00 3.00292e-05 1.44429e-05 0.00000e+00
0.00000e+00 2.89546e-05 1.35182e-05 0.00000e+00
0.00000e+00 2.76205e-05 1.24876e-05 0.00000e+00
0.00000e+00 2.60849e-05 1.14631e-05 0.00000e+00
0.00000e+00 2.44577e-05 1.05674e-05 0.00000e+00
0.00000e+00 2.28867e-05 9.91312e-06 0.00000e+00
0.00000e+00 2.15283e-05 9.57633e-06 0.00000e+00
0.00000e+00 2.05085e-05 9.57052e-06 0.00000e+00
0.00000e+00 1.98803e-05 9.82906e-06 0.00000e+00
0.00000e+00 1.95924e-05 1.02065e-05 0.00000e+00
0.00000e+00 1.94871e-05 1.05073e-05 0.00000e+00
0.00000e+00 1.93378e-05 1.05419e-05 0.00000e+00
0.00000e+00 1.89279e-05 1.02004e-05 0.00000e+00
0.00000e+00 1.81481e-05 9.51408e-06 0.00000e+00
0.00000e+00 1.70681e-05 8.67027e-06 0.00000e+00
0.00000e+00 1.59313e-05 7.94996e-06 0.00000e+00
0.00000e+00 1.50454e-05 7.59292e-06 0.00000e+00
0.00000e+00 1.45996e-05 7.64685e-06 0.00000e+00
0.00000e+00 1.45144e-05 7.90096e-06 0.00000e+00
0.00000e+00 1.44537e-05 7.99026e-06 0.00000e+00
0.00000e+00 1.40538e-05 7.65377e-06 0.00000e+00
0.00000e+00 1.32379e-05 6.97524e-06 0.00000e+00
0.00000e+00 1.23346e-05 6.36331e-06 0.00000e+00
0.00000e+00 1.17978e-05 6.19094e-06 0.00000e+00
0.00000e+00 1.17132e-05 6.37974e-06 0.00000e+00
0.00000e+00 1.16396e-05 6.42626e-06 0.00000e+00
0.00000e+00 1.11189e-05 5.99413e-06 0.00000e+00
0.00000e+00 1.03273e-05 5.40939e-06 0.00000e+00
0.00000e+00 9.88159e-06 5.25038e-06 0.00000e+00
0.00000e+00 9.86279e-06 5.42967e-06 0.00000e+00
0.00000e+00 9.61368e-06 5.27522e-06 0.00000e+00
0.00000e+00 8.92888e-06 4.74852e-06 0.00000e+00
0.00000e+00 8.51486e-06 4.57875e-06 0.00000e+00
0.00000e+00 8.50219e-06 4.73153e-06 0.00000e+00
0.00000e+00 8.10513e-06 4.44193e-06 0.00000e+00
0.00000e+00 7.53605e-06 4.07134e-06 0.00000e+00
0.00000e+00 7.47079e-06 4.19227e-06 0.00000e+00
0.00000e+00 7.17548e-06 4.00902e-06 0.00000e+00
0.00000e+00 6.66595e-06 3.68439e-06 0.00000e+00
0.00000e+00 6.62640e-06 3.80675e-06 0.00000e+00
0.00000e+00 6.20673e-06 3.51260e-06 0.00000e+00
0.00000e+00 5.94172e-06 3.43156e-06 0.00000e+00
0.00000e+00 5.77467e-06 3.38646e-06 0.00000e+00
0.00000e+00 5.36965e-06 3.14719e-06 0.00000e+00
0.00000e+00 5.28677e-06 3.19573e-06 0.00000e+00
0.00000e+00 4.88260e-06 2.94294e-06 0.00000e+00
0.00000e+00 4.79475e-06 2.98442e-06 0.00000e+00
0.00000e+00 4.44921e-06 2.78614e-06 0.00000e+00
0.00000e+00 4.29594e-06 2.75279e-06 0.00000e+00
0.00000e+00 4.08654e-06 2.68600e-06 0.00000e+00
0.00000e+00 3.79971e-06 2.51782e-06 0.00000e+00
0.00000e+00 3.70229e-06 2.54272e-06 0.00000e+00
0.00000e+00 3.47128e-06 2.43850e-06 0.00000e+00
0.00000e+00 3.22326e-06 2.30220e-06 0.00000e+00
0.00000e+00 3.08837e-06 2.27559e-06 0.00000e+00
0.00000e+00 2.95736e-06 2.25504e-06 0.00000e+00
0.00000e+00 2.77807e-06 2.18265e-06 0.00000e+00
0.00000e+00 2.58683e-06 2.09185e-06 0.00000e+00
0.00000e+00 2.41239e-06 2.01234e-06 0.00000e+00
0.00000e+00 2.25685e-06 1.94739e-06 0.00000e+00
0.00000e+00 2.11505e-06 1.89217e-06 0.00000e+00
0.00000e+00 1.98578e-06 1.84531e-06 0.00000e+00
0.00000e+00 1.87095e-06 1.80822e-06 0.00000e+00
0.00000e+00 1.76448e-06 1.77419e-06 0.00000e+00
0.00000e+00 1.64113e-06 1.71808e-06 0.00000e+00
0.00000e+00 1.49477e-06 1.63587e-06 0.00000e+00
0.00000e+00 1.39570e-06 1.59783e-06 0.00000e+00
0.00000e+00 1.31546e-06 1.57138e-06 0.00000e+00
0.00000e+00 1.18507e-06 1.49210e-06 0.00000e+00
0.00000e+00 1.12539e-06 1.47821e-06 0.00000e+00
0.00000e+00 1.01401e-06 1.40930e-06 0.00000e+00
0.00000e+00 9.36004e-07 1.36798e-06 0.00000e+00
0.00000e+00 8.76761e-07 1.34244e-06 0.00000e+00
0.00000e+00 8.01811e-07 1.29727e-06 0.00000e+00
0.00000e+00 7.28852e-07 1.24983e-06 0.00000e+00
0.00000e+00 6.66062e-07 1.20861e-06 0.00000e+00
0.00000e+00 6.11810e-07 1.17212e-06 0.00000e+00
