0.00000e+00 6.03380e-05 1.40353e-06 0.00000e+00
0.00000e+00 5.82055e-05 1.64330e-06 0.00000e+00
0.00000e+00 5.60073e-05 1.91860e-06 0.00000e+00
0.00000e+00 5.37567e-05 2.23307e-06 0.00000e+00
0.00000e+00 5.14699e-05 2.59018e-06 0.00000e+00
0.00000e+00 4.91661e-05 2.99307e-06 0.00000e+00
0.00000e+00 4.68672e-05 3.44423e-06 0.00000e+00
0.00000e+00 4.45981e-05 3.94523e-06 0.00000e+00
0.00000e+00 4.23855e-05 4.49623e-06 0.00000e+00
0.00000e+00 4.02575e-05 5.09557e-06 0.00000e+00
0.00000e+00 3.82429e-05 5.73922e-06 0.00000e+00
0.00000e+00 3.63688e-05 6.42018e-06 0.00000e+00
0.00000e+00 3.46601e-05 7.12801e-06 0.00000e+00
0.00000e+00 3.31365e-05 7.84828e-06 0.00000e+00
0.00000e+00 3.18105e-05 8.56235e-06 0.00000e+00
0.00000e+00 3.06853e-05 9.24730e-06 0.00000e+00
0.00000e+00 2.97527e-05 9.87638e-06 0.00000e+00
0.00000e+00 2.89914e-05 1.04201e-05 0.00000e+00
0.00000e+00 2.83663e-05 1.08477e-05 0.00000e+00
0.00000e+00 2.78300e-05 1.11304e-05 0.00000e+00
0.00000e+00 2.73247e-05 1.12439e-05 0.00000e+00
0.00000e+00 2.67880e-05 1.11734e-05 0.00000e+00
0.00000e+00 2.61598e-05 1.09177e-05 0.00000e+00
0.00000e+00 2.53912e-05 1.04930e-05 0.00000e+00
0.00000e+00 2.44545e-05 9.93615e-06 0.00000e+00
0.00000e+00 2.33521e-05 9.30409e-06 0.00000e+00
0.00000e+00 2.21216e-05 8.67037e-06 0.00000e+00
0.00000e+00 2.08354e-05 8.11610e-06 0.00000e+00
0.00000e+00 1.95909e-05 7.71611e-06 0.00000e+00
0.00000e+00 1.84922e-05 7.52155e-06 0.00000e+00
0.00000e+00 1.76235e-05 7.54242e-06 0.00000e+00
0.00000e+00 1.70212e-05 7.73578e-06 0.00000e+00
0.00000e+00 1.66530e-05 8.00625e-06 0.00000e+00
0.00000e+00 1.64153e-05 8.22464e-06 0.00000e+00
0.00000e+00 1.61589e-05 8.26518e-06 0.00000e+00
0.00000e+00 1.57398e-05 8.05394e-06 0.00000e+00
0.00000e+00 1.50844e-05 7.61024e-06 0.00000e+00
0.00000e+00 1.42372e-05 7.05685e-06 0.00000e+00
0.00000e+00 1.33579e-05 6.57937e-06 0.00000e+00
0.00000e+00 1.26499e-05 6.33721e-06 0.00000e+00
0.00000e+00 1.22391e-05 6.36350e-06 0.00000e+00
0.00000e+00 1.20740e-05 6.52034e-06 0.00000e+00
0.00000e+00 1.19333e-05 6.56682e-06 0.00000e+00
0.00000e+00 1.15755e-05 6.32953e-06 0.00000e+00
0.00000e+00 1.09479e-05 5.86246e-06 0.00000e+00
0.00000e+00 1.02662e-05 5.43524e-06 0.00000e+00
0.00000e+00 9.83047e-06 5.29553e-06 0.00000e+00
0.00000e+00 9.69872e-06 5.39346e-06 0.00000e+00
0.00000e+00 9.58005e-06 5.39709e-06 0.00000e+00
0.00000e+00 9.17039e-06 5.08306e-06 0.00000e+00
0.00000e+00 8.58451e-06 4.66570e-06 0.00000e+00
0.00000e+00 8.22962e-06 4.52794e-06 0.00000e+00
0.00000e+00 8.16081e-06 4.61392e-06 0.00000e+00
0.00000e+00 7.94397e-06 4.47980e-06 0.00000e+00
0.00000e+00 7.44156e-06 4.09863e-06 0.00000e+00
0.00000e+00 7.11975e-06 3.95234e-06 0.00000e+00
0.00000e+00 7.06624e-06 4.02003e-06 0.00000e+00
0.00000e+00 6.76161e-06 3.79602e-06 0.00000e+00
0.00000e+00 6.34446e-06 3.51782e-06 0.00000e+00
0.00000e+00 6.26209e-06 3.56495e-06 0.00000e+00
0.00000e+00 6.03010e-06 3.41224e-06 0.00000e+00
0.00000e+00 5.65734e-06 3.16588e-06 0.00000e+00
0.00000e+00 5.59658e-06 3.21579e-06 0.00000e+00
0.00000e+00 5.28617e-06 2.99147e-06 0.00000e+00
0.00000e+00 5.07836e-06 2.90819e-06 0.00000e+00
0.00000e+00 4.93673e-06 2.85009e-06 0.00000e+00
0.00000e+00 4.63820e-06 2.66412e-06 0.00000e+00
0.00000e+00 4.55348e-06 2.66964e-06 0.00000e+00
0.00000e+00 4.25685e-06 2.47681e-06 0.00000e+00
0.00000e+00 4.16992e-06 2.47968e-06 0.00000e+00
0.00000e+00 3.91298e-06 2.32495e-06 0.00000e+00
0.00000e+00 3.78367e-06 2.28052e-06 0.00000e+00
0.00000e+00 3.61741e-06 2.21485e-06 0.00000e+00
0.00000e+00 3.40040e-06 2.08339e-06 0.00000e+00
0.00000e+00 3.30875e-06 2.08056e-06 0.00000e+00
0.00000e+00 3.12894e-06 1.99335e-06 0.00000e+00
0.00000e+00 2.93821e-06 1.88610e-06 0.00000e+00
0.00000e+00 2.82242e-06 1.85237e-06 0.00000e+00
0.00000e+00 2.70933e-06 1.82359e-06 0.00000e+00
0.00000e+00 2.56452e-06 1.76152e-06 0.00000e+00
0.00000e+00 2.41206e-06 1.68827e-06 0.00000e+00
0.00000e+00 2.27093e-06 1.62340e-06 0.00000e+00
0.00000e+00 2.14254e-06 1.56903e-06 0.00000e+00
0.00000e+00 2.02349e-06 1.52191e-06 0.00000e+00
0.00000e+00 1.91299e-06 1.48109e-06 0.00000e+00
0.00000e+00 1.81232e-06 1.44746e-06 0.00000e+00
0.00000e+00 1.71750e-06 1.41653e-06 0.00000e+00
0.00000e+00 1.61185e-06 1.37165e-06 0.00000e+00
0.00000e+00 1.49134e-06 1.31010e-06 0.00000e+00
0.00000e+00 1.40243e-06 1.27826e-06 0.00000e+00
0.00000e+00 1.32639e-06 1.25462e-06 0.00000e+00
0.00000e+00 1.21764e-06 1.19652e-06 0.00000e+00
0.00000e+00 1.15607e-06 1.18206e-06 0.00000e+00
0.00000e+00 1.06080e-06 1.13162e-06 0.00000e+00
0.00000e+00 9.88111e-07 1.09977e-06 0.00000e+00
0.00000e+00 9.28332e-07 1.07865e-06 0.00000e+00
0.00000e+00 8.58716e-07 1.04482e-06 0.00000e+00
0.00000e+00 7.90961e-07 1.00971e-06 0.00000e+00
0.00000e+00 7.30478e-07 9.78895e-07 0.00000e+00
0.00000e+00 6.76190e-07 9.51358e-07 0.00000e+00
