0.00000e+00 5.45841e-05 1.29942e-06 0.00000e+00
0.00000e+00 5.26677e-05 1.52101e-06 0.00000e+00
0.00000e+00 5.06957e-05 1.77533e-06 0.00000e+00
0.00000e+00 4.86809e-05 2.06566e-06 0.00000e+00
0.00000e+00 4.66387e-05 2.39516e-06 0.00000e+00
0.00000e+00 4.45871e-05 2.76661e-06 0.00000e+00
0.00000e+00 4.25469e-05 3.18221e-06 0.00000e+00
0.00000e+00 4.05412e-05 3.64325e-06 0.00000e+00
0.00000e+00 3.85950e-05 4.14969e-06 0.00000e+00
0.00000e+00 3.67346e-05 4.69977e-06 0.00000e+00
0.00000e+00 3.49864e-05 5.28948e-06 0.00000e+00
0.00000e+00 3.33756e-05 5.91203e-06 0.00000e+00
0.00000e+00 3.19245e-05 6.55739e-06 0.00000e+00
0.00000e+00 3.06510e-05 7.21181e-06 0.00000e+00
0.00000e+00 2.95657e-05 7.85758e-06 0.00000e+00
0.00000e+00 2.86706e-05 8.47306e-06 0.00000e+00
0.00000e+00 2.79565e-05 9.03306e-06 0.00000e+00
0.00000e+00 2.74021e-05 9.50985e-06 0.00000e+00
0.00000e+00 2.69729e-05 9.87485e-06 0.00000e+00
0.00000e+00 2.66230e-05 1.01011e-05 0.00000e+00
0.00000e+00 2.62970e-05 1.01664e-05 0.00000e+00
0.00000e+00 2.59351e-05 1.00575e-05 0.00000e+00
0.00000e+00 2.54798e-05 9.77407e-06 0.00000e+00
0.00000e+00 2.48850e-05 9.33238e-06 0.00000e+00
0.00000e+00 2.41246e-05 8.76809e-06 0.00000e+00
0.00000e+00 2.32011e-05 8.13598e-06 0.00000e+00
0.00000e+00 2.21507e-05 7.50621e-06 0.00000e+00
0.00000e+00 2.10422e-05 6.95583e-06 0.00000e+00
0.00000e+00 1.99682e-05 6.55566e-06 0.00000e+00
0.00000e+00 1.90269e-05 6.35375e-06 0.00000e+00
0.00000e+00 1.82978e-05 6.35894e-06 0.00000e+00
0.00000e+00 1.78144e-05 6.52983e-06 0.00000e+00
0.00000e+00 1.75451e-05 6.77548e-06 0.00000e+00
0.00000e+00 1.73913e-05 6.97322e-06 0.00000e+00
0.00000e+00 1.72111e-05 7.00406e-06 0.00000e+00
0.00000e+00 1.68683e-05 6.79861e-06 0.00000e+00
0.00000e+00 1.62939e-05 6.37606e-06 0.00000e+00
0.00000e+00 1.55313e-05 5.85354e-06 0.00000e+00
0.00000e+00 1.47328e-05 5.40724e-06 0.00000e+00
0.00000e+00 1.40913e-05 5.18782e-06 0.00000e+00
0.00000e+00 1.37261e-05 5.22572e-06 0.00000e+00
0.00000e+00 1.35876e-05 5.38918e-06 0.00000e+00
0.00000e+00 1.34654e-05 5.44937e-06 0.00000e+00
0.00000e+00 1.31311e-05 5.24226e-06 0.00000e+00
0.00000e+00 1.25361e-05 4.81990e-06 0.00000e+00
0.00000e+00 1.18860e-05 4.43834e-06 0.00000e+00
0.00000e+00 1.14656e-05 4.33182e-06 0.00000e+00
0.00000e+00 1.13292e-05 4.45175e-06 0.00000e+00
0.00000e+00 1.12005e-05 4.48264e-06 0.00000e+00
0.00000e+00 1.07916e-05 4.21314e-06 0.00000e+00
0.00000e+00 1.02129e-05 3.84727e-06 0.00000e+00
0.00000e+00 9.85084e-06 3.74788e-06 0.00000e+00
0.00000e+00 9.75694e-06 3.86074e-06 0.00000e+00
0.00000e+00 9.51921e-06 3.76448e-06 0.00000e+00
0.00000e+00 9.00833e-06 3.43440e-06 0.00000e+00
0.00000e+00 8.66716e-06 3.32774e-06 0.00000e+00
0.00000e+00 8.57812e-06 3.42351e-06 0.00000e+00
0.00000e+00 8.24853e-06 3.24196e-06 0.00000e+00
0.00000e+00 7.81106e-06 3.00925e-06 0.00000e+00
0.00000e+00 7.68983e-06 3.08476e-06 0.00000e+00
0.00000e+00 7.42494e-06 2.96974e-06 0.00000e+00
0.00000e+00 7.02588e-06 2.76579e-06 0.00000e+00
0.00000e+00 6.92198e-06 2.84222e-06 0.00000e+00
0.00000e+00 6.58034e-06 2.65757e-06 0.00000e+00
0.00000e+00 6.33600e-06 2.60638e-06 0.00000e+00
0.00000e+00 6.15385e-06 2.57793e-06 0.00000e+00
0.00000e+00 5.82297e-06 2.42759e-06 0.00000e+00
0.00000e+00 5.69487e-06 2.45784e-06 0.00000e+00
0.00000e+00 5.36598e-06 2.29906e-06 0.00000e+00
0.00000e+00 5.23629e-06 2.32486e-06 0.00000e+00
0.00000e+00 4.94579e-06 2.20021e-06 0.00000e+00
0.00000e+00 4.77677e-06 2.17898e-06 0.00000e+00
0.00000e+00 4.57337e-06 2.13661e-06 0.00000e+00
0.00000e+00 4.32246e-06 2.03066e-06 0.00000e+00
0.00000e+00 4.19119e-06 2.04559e-06 0.00000e+00
0.00000e+00 3.97709e-06 1.97936e-06 0.00000e+00
0.00000e+00 3.75334e-06 1.89290e-06 0.00000e+00
0.00000e+00 3.60151e-06 1.87504e-06 0.00000e+00
0.00000e+00 3.45310e-06 1.86078e-06 0.00000e+00
0.00000e+00 3.27546e-06 1.81383e-06 0.00000e+00
0.00000e+00 3.09140e-06 1.75519e-06 0.00000e+00
0.00000e+00 2.91901e-06 1.70350e-06 0.00000e+00
0.00000e+00 2.75964e-06 1.66080e-06 0.00000e+00
0.00000e+00 2.61011e-06 1.62407e-06 0.00000e+00
0.00000e+00 2.46971e-06 1.59247e-06 0.00000e+00
0.00000e+00 2.33966e-06 1.56687e-06 0.00000e+00
0.00000e+00 2.21623e-06 1.54306e-06 0.00000e+00
0.00000e+00 2.08359e-06 1.50525e-06 0.00000e+00
0.00000e+00 1.93796e-06 1.45094e-06 0.00000e+00
0.00000e+00 1.82344e-06 1.42417e-06 0.00000e+00
0.00000e+00 1.72223e-06 1.40450e-06 0.00000e+00
0.00000e+00 1.59112e-06 1.35154e-06 0.00000e+00
0.00000e+00 1.50591e-06 1.33939e-06 0.00000e+00
0.00000e+00 1.38987e-06 1.29256e-06 0.00000e+00
0.00000e+00 1.29637e-06 1.26282e-06 0.00000e+00
0.00000e+00 1.21624e-06 1.24276e-06 0.00000e+00
0.00000e+00 1.12792e-06 1.21018e-06 0.00000e+00
0.00000e+00 1.04248e-06 1.17593e-06 0.00000e+00
0.00000e+00 9.65082e-07 1.14537e-06 0.00000e+00
0.00000e+00 8.94694e-07 1.11753e-06 0.00000e+00
