0.00000e+00 2.92791e-05 6.37330e-07 0.00000e+00
0.00000e+00 2.82983e-05 7.46261e-07 0.00000e+00
0.00000e+00 2.72865e-05 8.71357e-07 0.00000e+00
0.00000e+00 2.62497e-05 1.01427e-06 0.00000e+00
0.00000e+00 2.51951e-05 1.17660e-06 0.00000e+00
0.00000e+00 2.41313e-05 1.35978e-06 0.00000e+00
0.00000e+00 2.30683e-05 1.56496e-06 0.00000e+00
0.00000e+00 2.20171e-05 1.79288e-06 0.00000e+00
0.00000e+00 2.09898e-05 2.04364e-06 0.00000e+00
0.00000e+00 1.99993e-05 2.31653e-06 0.00000e+00
0.00000e+00 1.90582e-05 2.60975e-06 0.00000e+00
0.00000e+00 1.81792e-05 2.92019e-06 0.00000e+00
0.00000e+00 1.73733e-05 3.24315e-06 0.00000e+00
0.00000e+00 1.66496e-05 3.57217e-06 0.00000e+00
0.00000e+00 1.60139e-05 3.89885e-06 0.00000e+00
0.00000e+00 1.54676e-05 4.21287e-06 0.00000e+00
0.00000e+00 1.50072e-05 4.50217e-06 0.00000e+00
0.00000e+00 1.46233e-05 4.75343e-06 0.00000e+00
0.00000e+00 1.43001e-05 4.95283e-06 0.00000e+00
0.00000e+00 1.40165e-05 5.08724e-06 0.00000e+00
0.00000e+00 1.37465e-05 5.14579e-06 0.00000e+00
0.00000e+00 1.34622e-05 5.12172e-06 0.00000e+00
0.00000e+00 1.31366e-05 5.01438e-06 0.00000e+00
0.00000e+00 1.27478e-05 4.83109e-06 0.00000e+00
0.00000e+00 1.22835e-05 4.58834e-06 0.00000e+00
0.00000e+00 1.17450e-05 4.31182e-06 0.00000e+00
0.00000e+00 1.11493e-05 4.03461e-06 0.00000e+00
0.00000e+00 1.05293e-05 3.79325e-06 0.00000e+00
0.00000e+00 9.92916e-06 3.62143e-06 0.00000e+00
0.00000e+00 9.39587e-06 3.54214e-06 0.00000e+00
0.00000e+00 8.96760e-06 3.55981e-06 0.00000e+00
0.00000e+00 8.66082e-06 3.65494e-06 0.00000e+00
0.00000e+00 8.46094e-06 3.78441e-06 0.00000e+00
0.00000e+00 8.32133e-06 3.88979e-06 0.00000e+00
0.00000e+00 8.17451e-06 3.91426e-06 0.00000e+00
0.00000e+00 7.95559e-06 3.82440e-06 0.00000e+00
0.00000e+00 7.63135e-06 3.62895e-06 0.00000e+00
0.00000e+00 7.22190e-06 3.38337e-06 0.00000e+00
0.00000e+00 6.79953e-06 3.17150e-06 0.00000e+00
0.00000e+00 6.45606e-06 3.06531e-06 0.00000e+00
0.00000e+00 6.24839e-06 3.07974e-06 0.00000e+00
0.00000e+00 6.15321e-06 3.15242e-06 0.00000e+00
0.00000e+00 6.07036e-06 3.17448e-06 0.00000e+00
0.00000e+00 5.89072e-06 3.06758e-06 0.00000e+00
0.00000e+00 5.59048e-06 2.85616e-06 0.00000e+00
0.00000e+00 5.26703e-06 2.66211e-06 0.00000e+00
0.00000e+00 5.05593e-06 2.59734e-06 0.00000e+00
0.00000e+00 4.98326e-06 2.63930e-06 0.00000e+00
0.00000e+00 4.91743e-06 2.63800e-06 0.00000e+00
0.00000e+00 4.72096e-06 2.49256e-06 0.00000e+00
0.00000e+00 4.44567e-06 2.29993e-06 0.00000e+00
0.00000e+00 4.27553e-06 2.23323e-06 0.00000e+00
0.00000e+00 4.23532e-06 2.26723e-06 0.00000e+00
0.00000e+00 4.12876e-06 2.20138e-06 0.00000e+00
0.00000e+00 3.89367e-06 2.02362e-06 0.00000e+00
0.00000e+00 3.74070e-06 1.95184e-06 0.00000e+00
0.00000e+00 3.70942e-06 1.97661e-06 0.00000e+00
0.00000e+00 3.56501e-06 1.86943e-06 0.00000e+00
0.00000e+00 3.37012e-06 1.73774e-06 0.00000e+00
0.00000e+00 3.32689e-06 1.75312e-06 0.00000e+00
0.00000e+00 3.21633e-06 1.67819e-06 0.00000e+00
0.00000e+00 3.04242e-06 1.56104e-06 0.00000e+00
0.00000e+00 3.00980e-06 1.57789e-06 0.00000e+00
0.00000e+00 2.86454e-06 1.47090e-06 0.00000e+00
0.00000e+00 2.76587e-06 1.42780e-06 0.00000e+00
0.00000e+00 2.69725e-06 1.39620e-06 0.00000e+00
0.00000e+00 2.55782e-06 1.30696e-06 0.00000e+00
0.00000e+00 2.51513e-06 1.30440e-06 0.00000e+00
0.00000e+00 2.37668e-06 1.21232e-06 0.00000e+00
0.00000e+00 2.33302e-06 1.20886e-06 0.00000e+00
0.00000e+00 2.21247e-06 1.13432e-06 0.00000e+00
0.00000e+00 2.14954e-06 1.10979e-06 0.00000e+00
0.00000e+00 2.06978e-06 1.07581e-06 0.00000e+00
0.00000e+00 1.96698e-06 1.01230e-06 0.00000e+00
0.00000e+00 1.92065e-06 1.00708e-06 0.00000e+00
0.00000e+00 1.83430e-06 9.63933e-07 0.00000e+00
0.00000e+00 1.74275e-06 9.11874e-07 0.00000e+00
0.00000e+00 1.68478e-06 8.93218e-07 0.00000e+00
0.00000e+00 1.62774e-06 8.76997e-07 0.00000e+00
0.00000e+00 1.55603e-06 8.45926e-07 0.00000e+00
0.00000e+00 1.48052e-06 8.09997e-07 0.00000e+00
0.00000e+00 1.40975e-06 7.78070e-07 0.00000e+00
0.00000e+00 1.34438e-06 7.51107e-07 0.00000e+00
0.00000e+00 1.28285e-06 7.27663e-07 0.00000e+00
0.00000e+00 1.22484e-06 7.07319e-07 0.00000e+00
0.00000e+00 1.17094e-06 6.90501e-07 0.00000e+00
0.00000e+00 1.11939e-06 6.75188e-07 0.00000e+00
0.00000e+00 1.06269e-06 6.53856e-07 0.00000e+00
0.00000e+00 9.99045e-07 6.25276e-07 0.00000e+00
0.00000e+00 9.49501e-07 6.10405e-07 0.00000e+00
0.00000e+00 9.05598e-07 5.99472e-07 0.00000e+00
0.00000e+00 8.46791e-07 5.73215e-07 0.00000e+00
0.00000e+00 8.09193e-07 5.66879e-07 0.00000e+00
0.00000e+00 7.56258e-07 5.44444e-07 0.00000e+00
0.00000e+00 7.13444e-07 5.30558e-07 0.00000e+00
0.00000e+00 6.76391e-07 5.21638e-07 0.00000e+00
0.00000e+00 6.34847e-07 5.07084e-07 0.00000e+00
0.00000e+00 5.94118e-07 4.92043e-07 0.00000e+00
0.00000e+00 5.56668e-07 4.79021e-07 0.00000e+00
0.00000e+00 5.22048e-07 4.67550e-07 0.00000e+00
