0.00000e+00 2.56648e-05 5.13760e-07 0.00000e+00
0.00000e+00 2.48562e-05 6.01658e-07 0.00000e+00
0.00000e+00 2.40210e-05 7.02629e-07 0.00000e+00
0.00000e+00 2.31637e-05 8.18020e-07 0.00000e+00
0.00000e+00 2.22902e-05 9.49135e-07 0.00000e+00
0.00000e+00 2.14072e-05 1.09715e-06 0.00000e+00
0.00000e+00 2.05226e-05 1.26304e-06 0.00000e+00
0.00000e+00 1.96451e-05 1.44741e-06 0.00000e+00
0.00000e+00 1.87846e-05 1.65040e-06 0.00000e+00
0.00000e+00 1.79510e-05 1.87149e-06 0.00000e+00
0.00000e+00 1.71548e-05 2.10930e-06 0.00000e+00
0.00000e+00 1.64059e-05 2.36139e-06 0.00000e+00
0.00000e+00 1.57132e-05 2.62407e-06 0.00000e+00
0.00000e+00 1.50842e-05 2.89223e-06 0.00000e+00
0.00000e+00 1.45235e-05 3.15919e-06 0.00000e+00
0.00000e+00 1.40326e-05 3.41677e-06 0.00000e+00
0.00000e+00 1.36088e-05 3.65535e-06 0.00000e+00
0.00000e+00 1.32447e-05 3.86431e-06 0.00000e+00
0.00000e+00 1.29282e-05 4.03261e-06 0.00000e+00
0.00000e+00 1.26424e-05 4.14972e-06 0.00000e+00
0.00000e+00 1.23670e-05 4.20690e-06 0.00000e+00
0.00000e+00 1.20798e-05 4.19865e-06 0.00000e+00
0.00000e+00 1.17594e-05 4.12433e-06 0.00000e+00
0.00000e+00 1.13885e-05 3.98964e-06 0.00000e+00
0.00000e+00 1.09574e-05 3.80759e-06 0.00000e+00
0.00000e+00 1.04671e-05 3.59851e-06 0.00000e+00
0.00000e+00 9.93126e-06 3.38866e-06 0.00000e+00
0.00000e+00 9.37616e-06 3.20711e-06 0.00000e+00
0.00000e+00 8.83704e-06 3.08067e-06 0.00000e+00
0.00000e+00 8.35159e-06 3.02771e-06 0.00000e+00
0.00000e+00 7.95042e-06 3.05183e-06 0.00000e+00
0.00000e+00 7.64693e-06 3.13759e-06 0.00000e+00
0.00000e+00 7.42986e-06 3.25070e-06 0.00000e+00
0.00000e+00 7.26233e-06 3.34460e-06 0.00000e+00
0.00000e+00 7.09084e-06 3.37395e-06 0.00000e+00
0.00000e+00 6.86382e-06 3.31197e-06 0.00000e+00
0.00000e+00 6.55479e-06 3.16538e-06 0.00000e+00
0.00000e+00 6.17975e-06 2.97814e-06 0.00000e+00
0.00000e+00 5.79621e-06 2.81690e-06 0.00000e+00
0.00000e+00 5.47737e-06 2.73897e-06 0.00000e+00
0.00000e+00 5.26872e-06 2.75637e-06 0.00000e+00
0.00000e+00 5.15194e-06 2.81954e-06 0.00000e+00
0.00000e+00 5.04745e-06 2.84183e-06 0.00000e+00
0.00000e+00 4.86838e-06 2.76073e-06 0.00000e+00
0.00000e+00 4.59562e-06 2.59547e-06 0.00000e+00
0.00000e+00 4.30652e-06 2.44295e-06 0.00000e+00
0.00000e+00 4.10901e-06 2.39234e-06 0.00000e+00
0.00000e+00 4.02399e-06 2.42586e-06 0.00000e+00
0.00000e+00 3.94680e-06 2.42419e-06 0.00000e+00
0.00000e+00 3.76787e-06 2.30691e-06 0.00000e+00
0.00000e+00 3.52818e-06 2.15103e-06 0.00000e+00
0.00000e+00 3.37406e-06 2.09440e-06 0.00000e+00
0.00000e+00 3.32533e-06 2.11715e-06 0.00000e+00
0.00000e+00 3.22573e-06 2.05974e-06 0.00000e+00
0.00000e+00 3.02550e-06 1.91240e-06 0.00000e+00
0.00000e+00 2.89212e-06 1.84858e-06 0.00000e+00
0.00000e+00 2.85715e-06 1.86101e-06 0.00000e+00
0.00000e+00 2.73361e-06 1.76790e-06 0.00000e+00
0.00000e+00 2.57109e-06 1.65463e-06 0.00000e+00
0.00000e+00 2.53043e-06 1.65795e-06 0.00000e+00
0.00000e+00 2.43737e-06 1.58908e-06 0.00000e+00
0.00000e+00 2.29481e-06 1.48620e-06 0.00000e+00
0.00000e+00 2.26560e-06 1.48974e-06 0.00000e+00
0.00000e+00 2.14764e-06 1.39458e-06 0.00000e+00
0.00000e+00 2.06742e-06 1.35007e-06 0.00000e+00
0.00000e+00 2.01187e-06 1.31474e-06 0.00000e+00
0.00000e+00 1.90055e-06 1.23349e-06 0.00000e+00
0.00000e+00 1.86680e-06 1.22132e-06 0.00000e+00
0.00000e+00 1.75733e-06 1.13799e-06 0.00000e+00
0.00000e+00 1.72376e-06 1.12536e-06 0.00000e+00
0.00000e+00 1.62940e-06 1.05632e-06 0.00000e+00
0.00000e+00 1.58128e-06 1.02734e-06 0.00000e+00
0.00000e+00 1.52005e-06 9.91033e-07 0.00000e+00
0.00000e+00 1.44081e-06 9.31526e-07 0.00000e+00
0.00000e+00 1.40682e-06 9.18759e-07 0.00000e+00
0.00000e+00 1.34109e-06 8.75976e-07 0.00000e+00
0.00000e+00 1.27148e-06 8.26495e-07 0.00000e+00
0.00000e+00 1.22879e-06 8.03932e-07 0.00000e+00
0.00000e+00 1.18699e-06 7.83635e-07 0.00000e+00
0.00000e+00 1.13367e-06 7.51854e-07 0.00000e+00
0.00000e+00 1.07745e-06 7.16546e-07 0.00000e+00
0.00000e+00 1.02513e-06 6.84751e-07 0.00000e+00
0.00000e+00 9.77188e-07 6.57226e-07 0.00000e+00
0.00000e+00 9.32371e-07 6.32801e-07 0.00000e+00
0.00000e+00 8.90394e-07 6.11139e-07 0.00000e+00
0.00000e+00 8.51700e-07 5.92553e-07 0.00000e+00
0.00000e+00 8.14861e-07 5.75430e-07 0.00000e+00
0.00000e+00 7.73875e-07 5.53766e-07 0.00000e+00
0.00000e+00 7.27292e-07 5.26574e-07 0.00000e+00
0.00000e+00 6.91813e-07 5.10512e-07 0.00000e+00
0.00000e+00 6.60764e-07 4.97869e-07 0.00000e+00
0.00000e+00 6.17708e-07 4.73244e-07 0.00000e+00
0.00000e+00 5.91408e-07 4.64717e-07 0.00000e+00
0.00000e+00 5.52786e-07 4.43630e-07 0.00000e+00
0.00000e+00 5.22097e-07 4.29595e-07 0.00000e+00
0.00000e+00 4.95866e-07 4.19746e-07 0.00000e+00
0.00000e+00 4.65943e-07 4.05654e-07 0.00000e+00
0.00000e+00 4.36532e-07 3.91385e-07 0.00000e+00
0.00000e+00 4.09614e-07 3.78942e-07 0.00000e+00
0.00000e+00 3.84799e-07 3.67921e-07 0.00000e+00
