0.00000e+00 7.78701e-05 2.18596e-06 0.00000e+00
0.00000e+00 7.47405e-05 2.55813e-06 0.00000e+00
0.00000e+00 7.15261e-05 2.98505e-06 0.00000e+00
0.00000e+00 6.82490e-05 3.47218e-06 0.00000e+00
0.00000e+00 6.49356e-05 4.02467e-06 0.00000e+00
0.00000e+00 6.16170e-05 4.64708e-06 0.00000e+00
0.00000e+00 5.83286e-05 5.34289e-06 0.00000e+00
0.00000e+00 5.51099e-05 6.11402e-06 0.00000e+00
0.00000e+00 5.20031e-05 6.96012e-06 0.00000e+00
0.00000e+00 4.90528e-05 7.87785e-06 0.00000e+00
0.00000e+00 4.63032e-05 8.86005e-06 0.00000e+00
0.00000e+00 4.37967e-05 9.89480e-06 0.00000e+00
0.00000e+00 4.15703e-05 1.09647e-05 0.00000e+00
0.00000e+00 3.96531e-05 1.20459e-05 0.00000e+00
0.00000e+00 3.80618e-05 1.31080e-05 0.00000e+00
0.00000e+00 3.67980e-05 1.41140e-05 0.00000e+00
0.00000e+00 3.58442e-05 1.50207e-05 0.00000e+00
0.00000e+00 3.51618e-05 1.57811e-05 0.00000e+00
0.00000e+00 3.46906e-05 1.63467e-05 0.00000e+00
0.00000e+00 3.43500e-05 1.66720e-05 0.00000e+00
0.00000e+00 3.40439e-05 1.67201e-05 0.00000e+00
0.00000e+00 3.36692e-05 1.64694e-05 0.00000e+00
0.00000e+00 3.31274e-05 1.59208e-05 0.00000e+00
0.00000e+00 3.23393e-05 1.51037e-05 0.00000e+00
0.00000e+00 3.12614e-05 1.40808e-05 0.00000e+00
0.00000e+00 2.98992e-05 1.29474e-05 0.00000e+00
0.00000e+00 2.83163e-05 1.18247e-05 0.00000e+00
0.00000e+00 2.66322e-05 1.08454e-05 0.00000e+00
0.00000e+00 2.50065e-05 1.01306e-05 0.00000e+00
0.00000e+00 2.36085e-05 9.76183e-06 0.00000e+00
0.00000e+00 2.25737e-05 9.75285e-06 0.00000e+00
0.00000e+00 2.19584e-05 1.00307e-05 0.00000e+00
0.00000e+00 2.17067e-05 1.04376e-05 0.00000e+00
0.00000e+00 2.16472e-05 1.07618e-05 0.00000e+00
0.00000e+00 2.15351e-05 1.07989e-05 0.00000e+00
0.00000e+00 2.11366e-05 1.04307e-05 0.00000e+00
0.00000e+00 2.03347e-05 9.69193e-06 0.00000e+00
0.00000e+00 1.92057e-05 8.78575e-06 0.00000e+00
0.00000e+00 1.80138e-05 8.01597e-06 0.00000e+00
0.00000e+00 1.70914e-05 7.64109e-06 0.00000e+00
0.00000e+00 1.66425e-05 7.71152e-06 0.00000e+00
0.00000e+00 1.65800e-05 7.99834e-06 0.00000e+00
0.00000e+00 1.65403e-05 8.10670e-06 0.00000e+00
0.00000e+00 1.61307e-05 7.75511e-06 0.00000e+00
0.00000e+00 1.52693e-05 7.03512e-06 0.00000e+00
0.00000e+00 1.43123e-05 6.38892e-06 0.00000e+00
0.00000e+00 1.37503e-05 6.21899e-06 0.00000e+00
0.00000e+00 1.36751e-05 6.43932e-06 0.00000e+00
0.00000e+00 1.36089e-05 6.50510e-06 0.00000e+00
0.00000e+00 1.30570e-05 6.05342e-06 0.00000e+00
0.00000e+00 1.22114e-05 5.43778e-06 0.00000e+00
0.00000e+00 1.17389e-05 5.28307e-06 0.00000e+00
0.00000e+00 1.17261e-05 5.49349e-06 0.00000e+00
0.00000e+00 1.14621e-05 5.34228e-06 0.00000e+00
0.00000e+00 1.07258e-05 4.78890e-06 0.00000e+00
0.00000e+00 1.02818e-05 4.62185e-06 0.00000e+00
0.00000e+00 1.02699e-05 4.80274e-06 0.00000e+00
0.00000e+00 9.84067e-06 4.50458e-06 0.00000e+00
0.00000e+00 9.22473e-06 4.11917e-06 0.00000e+00
0.00000e+00 9.15235e-06 4.26476e-06 0.00000e+00
0.00000e+00 8.82939e-06 4.08055e-06 0.00000e+00
0.00000e+00 8.27406e-06 3.74360e-06 0.00000e+00
0.00000e+00 8.22561e-06 3.88943e-06 0.00000e+00
0.00000e+00 7.76466e-06 3.58426e-06 0.00000e+00
0.00000e+00 7.47022e-06 3.50960e-06 0.00000e+00
0.00000e+00 7.28017e-06 3.47302e-06 0.00000e+00
0.00000e+00 6.83203e-06 3.22651e-06 0.00000e+00
0.00000e+00 6.73099e-06 3.29069e-06 0.00000e+00
0.00000e+00 6.28168e-06 3.02891e-06 0.00000e+00
0.00000e+00 6.17334e-06 3.08493e-06 0.00000e+00
0.00000e+00 5.78560e-06 2.88157e-06 0.00000e+00
0.00000e+00 5.60469e-06 2.85609e-06 0.00000e+00
0.00000e+00 5.36236e-06 2.79433e-06 0.00000e+00
0.00000e+00 5.03545e-06 2.62263e-06 0.00000e+00
0.00000e+00 4.91255e-06 2.65942e-06 0.00000e+00
0.00000e+00 4.64449e-06 2.55640e-06 0.00000e+00
0.00000e+00 4.35731e-06 2.41843e-06 0.00000e+00
0.00000e+00 4.19171e-06 2.39876e-06 0.00000e+00
0.00000e+00 4.02979e-06 2.38554e-06 0.00000e+00
0.00000e+00 3.81511e-06 2.31604e-06 0.00000e+00
0.00000e+00 3.58697e-06 2.22643e-06 0.00000e+00
0.00000e+00 3.37654e-06 2.14882e-06 0.00000e+00
0.00000e+00 3.18612e-06 2.08675e-06 0.00000e+00
0.00000e+00 3.01020e-06 2.03499e-06 0.00000e+00
0.00000e+00 2.84750e-06 1.99206e-06 0.00000e+00
0.00000e+00 2.70012e-06 1.95950e-06 0.00000e+00
0.00000e+00 2.56158e-06 1.93003e-06 0.00000e+00
0.00000e+00 2.40460e-06 1.87648e-06 0.00000e+00
0.00000e+00 2.22265e-06 1.79453e-06 0.00000e+00
0.00000e+00 2.09180e-06 1.76017e-06 0.00000e+00
0.00000e+00 1.98128e-06 1.73809e-06 0.00000e+00
0.00000e+00 1.81660e-06 1.65871e-06 0.00000e+00
0.00000e+00 1.72852e-06 1.64983e-06 0.00000e+00
0.00000e+00 1.58468e-06 1.58123e-06 0.00000e+00
0.00000e+00 1.47716e-06 1.54224e-06 0.00000e+00
0.00000e+00 1.39017e-06 1.52006e-06 0.00000e+00
0.00000e+00 1.28654e-06 1.47644e-06 0.00000e+00
0.00000e+00 1.18537e-06 1.43007e-06 0.00000e+00
0.00000e+00 1.09557e-06 1.39017e-06 0.00000e+00
0.00000e+00 1.01539e-06 1.35508e-06 0.00000e+00
