0.00000e+00 4.11302e-05 9.29923e-07 0.00000e+00
0.00000e+00 3.97178e-05 1.08878e-06 0.00000e+00
0.00000e+00 3.82619e-05 1.27117e-06 0.00000e+00
0.00000e+00 3.67712e-05 1.47951e-06 0.00000e+00
0.00000e+00 3.52567e-05 1.71610e-06 0.00000e+00
0.00000e+00 3.37309e-05 1.98302e-06 0.00000e+00
0.00000e+00 3.22084e-05 2.28191e-06 0.00000e+00
0.00000e+00 3.07057e-05 2.61381e-06 0.00000e+00
0.00000e+00 2.92404e-05 2.97882e-06 0.00000e+00
0.00000e+00 2.78313e-05 3.37585e-06 0.00000e+00
0.00000e+00 2.64973e-05 3.80221e-06 0.00000e+00
0.00000e+00 2.52565e-05 4.25327e-06 0.00000e+00
0.00000e+00 2.41252e-05 4.72210e-06 0.00000e+00
0.00000e+00 2.31165e-05 5.19914e-06 0.00000e+00
0.00000e+00 2.22387e-05 5.67203e-06 0.00000e+00
0.00000e+00 2.14939e-05 6.12557e-06 0.00000e+00
0.00000e+00 2.08766e-05 6.54204e-06 0.00000e+00
0.00000e+00 2.03726e-05 6.90187e-06 0.00000e+00
0.00000e+00 1.99588e-05 7.18476e-06 0.00000e+00
0.00000e+00 1.96034e-05 7.37149e-06 0.00000e+00
0.00000e+00 1.92684e-05 7.44613e-06 0.00000e+00
0.00000e+00 1.89122e-05 7.39881e-06 0.00000e+00
0.00000e+00 1.84951e-05 7.22868e-06 0.00000e+00
0.00000e+00 1.79844e-05 6.94660e-06 0.00000e+00
0.00000e+00 1.73620e-05 6.57691e-06 0.00000e+00
0.00000e+00 1.66293e-05 6.15745e-06 0.00000e+00
0.00000e+00 1.58113e-05 5.73695e-06 0.00000e+00
0.00000e+00 1.49558e-05 5.36920e-06 0.00000e+00
0.00000e+00 1.41276e-05 5.10379e-06 0.00000e+00
0.00000e+00 1.33955e-05 4.97464e-06 0.00000e+00
0.00000e+00 1.28154e-05 4.98838e-06 0.00000e+00
0.00000e+00 1.24113e-05 5.11653e-06 0.00000e+00
0.00000e+00 1.21617e-05 5.29589e-06 0.00000e+00
0.00000e+00 1.19981e-05 5.44082e-06 0.00000e+00
0.00000e+00 1.18214e-05 5.46797e-06 0.00000e+00
0.00000e+00 1.15363e-05 5.32836e-06 0.00000e+00
0.00000e+00 1.10940e-05 5.03481e-06 0.00000e+00
0.00000e+00 1.05240e-05 4.66872e-06 0.00000e+00
0.00000e+00 9.93210e-06 4.35313e-06 0.00000e+00
0.00000e+00 9.45318e-06 4.19369e-06 0.00000e+00
0.00000e+00 9.17074e-06 4.21236e-06 0.00000e+00
0.00000e+00 9.05067e-06 4.31771e-06 0.00000e+00
0.00000e+00 8.94612e-06 4.35003e-06 0.00000e+00
0.00000e+00 8.69711e-06 4.19438e-06 0.00000e+00
0.00000e+00 8.26879e-06 3.88656e-06 0.00000e+00
0.00000e+00 7.80408e-06 3.60531e-06 0.00000e+00
0.00000e+00 7.50199e-06 3.51480e-06 0.00000e+00
0.00000e+00 7.40094e-06 3.58193e-06 0.00000e+00
0.00000e+00 7.30810e-06 3.58664e-06 0.00000e+00
0.00000e+00 7.02195e-06 3.38090e-06 0.00000e+00
0.00000e+00 6.61862e-06 3.10678e-06 0.00000e+00
0.00000e+00 6.36809e-06 3.01810e-06 0.00000e+00
0.00000e+00 6.30687e-06 3.07783e-06 0.00000e+00
0.00000e+00 6.14722e-06 2.99171e-06 0.00000e+00
0.00000e+00 5.79802e-06 2.74189e-06 0.00000e+00
0.00000e+00 5.56834e-06 2.64785e-06 0.00000e+00
0.00000e+00 5.51631e-06 2.69567e-06 0.00000e+00
0.00000e+00 5.29764e-06 2.55015e-06 0.00000e+00
0.00000e+00 5.00426e-06 2.36872e-06 0.00000e+00
0.00000e+00 4.93268e-06 2.40294e-06 0.00000e+00
0.00000e+00 4.76182e-06 2.30465e-06 0.00000e+00
0.00000e+00 4.49757e-06 2.14426e-06 0.00000e+00
0.00000e+00 4.44009e-06 2.18020e-06 0.00000e+00
0.00000e+00 4.21707e-06 2.03428e-06 0.00000e+00
0.00000e+00 4.06203e-06 1.98179e-06 0.00000e+00
0.00000e+00 3.95085e-06 1.94589e-06 0.00000e+00
0.00000e+00 3.73566e-06 1.82515e-06 0.00000e+00
0.00000e+00 3.66222e-06 1.83124e-06 0.00000e+00
0.00000e+00 3.44832e-06 1.70575e-06 0.00000e+00
0.00000e+00 3.37347e-06 1.70988e-06 0.00000e+00
0.00000e+00 3.18596e-06 1.60944e-06 0.00000e+00
0.00000e+00 3.08311e-06 1.58200e-06 0.00000e+00
0.00000e+00 2.95581e-06 1.54037e-06 0.00000e+00
0.00000e+00 2.79500e-06 1.45505e-06 0.00000e+00
0.00000e+00 2.71730e-06 1.45484e-06 0.00000e+00
0.00000e+00 2.58127e-06 1.39860e-06 0.00000e+00
0.00000e+00 2.43809e-06 1.32897e-06 0.00000e+00
0.00000e+00 2.34467e-06 1.30796e-06 0.00000e+00
0.00000e+00 2.25316e-06 1.29014e-06 0.00000e+00
0.00000e+00 2.14075e-06 1.25017e-06 0.00000e+00
0.00000e+00 2.02341e-06 1.20271e-06 0.00000e+00
0.00000e+00 1.91375e-06 1.16075e-06 0.00000e+00
0.00000e+00 1.81273e-06 1.12567e-06 0.00000e+00
0.00000e+00 1.71810e-06 1.09533e-06 0.00000e+00
0.00000e+00 1.62937e-06 1.06911e-06 0.00000e+00
0.00000e+00 1.54739e-06 1.04759e-06 0.00000e+00
0.00000e+00 1.46954e-06 1.02778e-06 0.00000e+00
0.00000e+00 1.38476e-06 9.98646e-07 0.00000e+00
0.00000e+00 1.29042e-06 9.58395e-07 0.00000e+00
0.00000e+00 1.21732e-06 9.37764e-07 0.00000e+00
0.00000e+00 1.15304e-06 9.22471e-07 0.00000e+00
0.00000e+00 1.06737e-06 8.84258e-07 0.00000e+00
0.00000e+00 1.01331e-06 8.74896e-07 0.00000e+00
0.00000e+00 9.37250e-07 8.41599e-07 0.00000e+00
0.00000e+00 8.76500e-07 8.20552e-07 0.00000e+00
0.00000e+00 8.24650e-07 8.06520e-07 0.00000e+00
0.00000e+00 7.66657e-07 7.83995e-07 0.00000e+00
0.00000e+00 7.10263e-07 7.60532e-07 0.00000e+00
0.00000e+00 6.59074e-07 7.39839e-07 0.00000e+00
0.00000e+00 6.12372e-07 7.21226e-07 0.00000e+00
