0.00000e+00 2.34749e-05 4.23840e-07 0.00000e+00
0.00000e+00 2.27978e-05 4.96410e-07 0.00000e+00
0.00000e+00 2.20978e-05 5.79791e-07 0.00000e+00
0.00000e+00 2.13787e-05 6.75104e-07 0.00000e+00
0.00000e+00 2.06450e-05 7.83436e-07 0.00000e+00
0.00000e+00 1.99024e-05 9.05774e-07 0.00000e+00
0.00000e+00 1.91572e-05 1.04293e-06 0.00000e+00
0.00000e+00 1.84168e-05 1.19544e-06 0.00000e+00
0.00000e+00 1.76889e-05 1.36345e-06 0.00000e+00
0.00000e+00 1.69819e-05 1.54655e-06 0.00000e+00
0.00000e+00 1.63043e-05 1.74364e-06 0.00000e+00
0.00000e+00 1.56644e-05 1.95277e-06 0.00000e+00
0.00000e+00 1.50695e-05 2.17093e-06 0.00000e+00
0.00000e+00 1.45257e-05 2.39398e-06 0.00000e+00
0.00000e+00 1.40372e-05 2.61647e-06 0.00000e+00
0.00000e+00 1.36051e-05 2.83171e-06 0.00000e+00
0.00000e+00 1.32274e-05 3.03184e-06 0.00000e+00
0.00000e+00 1.28982e-05 3.20815e-06 0.00000e+00
0.00000e+00 1.26078e-05 3.35157e-06 0.00000e+00
0.00000e+00 1.23424e-05 3.45344e-06 0.00000e+00
0.00000e+00 1.20856e-05 3.50653e-06 0.00000e+00
0.00000e+00 1.18193e-05 3.50625e-06 0.00000e+00
0.00000e+00 1.15260e-05 3.45197e-06 0.00000e+00
0.00000e+00 1.11916e-05 3.34822e-06 0.00000e+00
0.00000e+00 1.08081e-05 3.20550e-06 0.00000e+00
0.00000e+00 1.03762e-05 3.04033e-06 0.00000e+00
0.00000e+00 9.90703e-06 2.87409e-06 0.00000e+00
0.00000e+00 9.42190e-06 2.73050e-06 0.00000e+00
0.00000e+00 8.94959e-06 2.63148e-06 0.00000e+00
0.00000e+00 8.52089e-06 2.59211e-06 0.00000e+00
0.00000e+00 8.16087e-06 2.61544e-06 0.00000e+00
0.00000e+00 7.88063e-06 2.68900e-06 0.00000e+00
0.00000e+00 7.67112e-06 2.78488e-06 0.00000e+00
0.00000e+00 7.50240e-06 2.86515e-06 0.00000e+00
0.00000e+00 7.33088e-06 2.89277e-06 0.00000e+00
0.00000e+00 7.11445e-06 2.84576e-06 0.00000e+00
0.00000e+00 6.83145e-06 2.72948e-06 0.00000e+00
0.00000e+00 6.49479e-06 2.57968e-06 0.00000e+00
0.00000e+00 6.15131e-06 2.45069e-06 0.00000e+00
0.00000e+00 5.86077e-06 2.38936e-06 0.00000e+00
0.00000e+00 5.66040e-06 2.40561e-06 0.00000e+00
0.00000e+00 5.53543e-06 2.45916e-06 0.00000e+00
0.00000e+00 5.42105e-06 2.47934e-06 0.00000e+00
0.00000e+00 5.24635e-06 2.41506e-06 0.00000e+00
0.00000e+00 4.99562e-06 2.28185e-06 0.00000e+00
0.00000e+00 4.73184e-06 2.15869e-06 0.00000e+00
0.00000e+00 4.54309e-06 2.11838e-06 0.00000e+00
0.00000e+00 4.44658e-06 2.14658e-06 0.00000e+00
0.00000e+00 4.35706e-06 2.14604e-06 0.00000e+00
0.00000e+00 4.18508e-06 2.05104e-06 0.00000e+00
0.00000e+00 3.96392e-06 1.92426e-06 0.00000e+00
0.00000e+00 3.81290e-06 1.87816e-06 0.00000e+00
0.00000e+00 3.74838e-06 1.89672e-06 0.00000e+00
0.00000e+00 3.64294e-06 1.84981e-06 0.00000e+00
0.00000e+00 3.45585e-06 1.72932e-06 0.00000e+00
0.00000e+00 3.32363e-06 1.67670e-06 0.00000e+00
0.00000e+00 3.27219e-06 1.68618e-06 0.00000e+00
0.00000e+00 3.14902e-06 1.60948e-06 0.00000e+00
0.00000e+00 2.99440e-06 1.51610e-06 0.00000e+00
0.00000e+00 2.93958e-06 1.51766e-06 0.00000e+00
0.00000e+00 2.84249e-06 1.46028e-06 0.00000e+00
0.00000e+00 2.70535e-06 1.37496e-06 0.00000e+00
0.00000e+00 2.66104e-06 1.37633e-06 0.00000e+00
0.00000e+00 2.54474e-06 1.29712e-06 0.00000e+00
0.00000e+00 2.45950e-06 1.25907e-06 0.00000e+00
0.00000e+00 2.39475e-06 1.22846e-06 0.00000e+00
0.00000e+00 2.28479e-06 1.16027e-06 0.00000e+00
0.00000e+00 2.23841e-06 1.14839e-06 0.00000e+00
0.00000e+00 2.13054e-06 1.07841e-06 0.00000e+00
0.00000e+00 2.08487e-06 1.06605e-06 0.00000e+00
0.00000e+00 1.98985e-06 1.00764e-06 0.00000e+00
0.00000e+00 1.93283e-06 9.81890e-07 0.00000e+00
0.00000e+00 1.86534e-06 9.50148e-07 0.00000e+00
0.00000e+00 1.78343e-06 8.99505e-07 0.00000e+00
0.00000e+00 1.73858e-06 8.86918e-07 0.00000e+00
0.00000e+00 1.66821e-06 8.49994e-07 0.00000e+00
0.00000e+00 1.59483e-06 8.07543e-07 0.00000e+00
0.00000e+00 1.54364e-06 7.87094e-07 0.00000e+00
0.00000e+00 1.49340e-06 7.68514e-07 0.00000e+00
0.00000e+00 1.43399e-06 7.40602e-07 0.00000e+00
0.00000e+00 1.37243e-06 7.09854e-07 0.00000e+00
0.00000e+00 1.31428e-06 6.82013e-07 0.00000e+00
0.00000e+00 1.25992e-06 6.57694e-07 0.00000e+00
0.00000e+00 1.20833e-06 6.35946e-07 0.00000e+00
0.00000e+00 1.15927e-06 6.16486e-07 0.00000e+00
0.00000e+00 1.11312e-06 5.99579e-07 0.00000e+00
0.00000e+00 1.06869e-06 5.83899e-07 0.00000e+00
0.00000e+00 1.02110e-06 5.64554e-07 0.00000e+00
0.00000e+00 9.69166e-07 5.40732e-07 0.00000e+00
0.00000e+00 9.26515e-07 5.26032e-07 0.00000e+00
0.00000e+00 8.87655e-07 5.14117e-07 0.00000e+00
0.00000e+00 8.39248e-07 4.92489e-07 0.00000e+00
0.00000e+00 8.04720e-07 4.84015e-07 0.00000e+00
0.00000e+00 7.60362e-07 4.65328e-07 0.00000e+00
0.00000e+00 7.22700e-07 4.52422e-07 0.00000e+00
0.00000e+00 6.88910e-07 4.42970e-07 0.00000e+00
0.00000e+00 6.52339e-07 4.30078e-07 0.00000e+00
0.00000e+00 6.16441e-07 4.17085e-07 0.00000e+00
0.00000e+00 5.82813e-07 4.05601e-07 0.00000e+00
0.00000e+00 5.51171e-07 3.95314e-07 0.00000e+00
