0.00000e+00 1.24188e-05 2.26975e-07 0.00000e+00
0.00000e+00 1.20573e-05 2.65835e-07 0.00000e+00
0.00000e+00 1.16837e-05 3.10483e-07 0.00000e+00
0.00000e+00 1.13000e-05 3.61520e-07 0.00000e+00
0.00000e+00 1.09086e-05 4.19527e-07 0.00000e+00
0.00000e+00 1.05126e-05 4.85031e-07 0.00000e+00
0.00000e+00 1.01154e-05 5.58467e-07 0.00000e+00
0.00000e+00 9.72081e-06 6.40121e-07 0.00000e+00
0.00000e+00 9.33316e-06 7.30066e-07 0.00000e+00
0.00000e+00 8.95691e-06 8.28085e-07 0.00000e+00
0.00000e+00 8.59661e-06 9.33588e-07 0.00000e+00
0.00000e+00 8.25667e-06 1.04552e-06 0.00000e+00
0.00000e+00 7.94110e-06 1.16228e-06 0.00000e+00
0.00000e+00 7.65316e-06 1.28162e-06 0.00000e+00
0.00000e+00 7.39501e-06 1.40065e-06 0.00000e+00
0.00000e+00 7.16734e-06 1.51575e-06 0.00000e+00
0.00000e+00 6.96907e-06 1.62272e-06 0.00000e+00
0.00000e+00 6.79705e-06 1.71689e-06 0.00000e+00
0.00000e+00 6.64600e-06 1.79338e-06 0.00000e+00
0.00000e+00 6.50863e-06 1.84755e-06 0.00000e+00
0.00000e+00 6.37605e-06 1.87552e-06 0.00000e+00
0.00000e+00 6.23859e-06 1.87482e-06 0.00000e+00
0.00000e+00 6.08686e-06 1.84510e-06 0.00000e+00
0.00000e+00 5.91325e-06 1.78877e-06 0.00000e+00
0.00000e+00 5.71342e-06 1.71147e-06 0.00000e+00
0.00000e+00 5.48774e-06 1.62203e-06 0.00000e+00
0.00000e+00 5.24212e-06 1.53192e-06 0.00000e+00
0.00000e+00 4.98794e-06 1.45383e-06 0.00000e+00
0.00000e+00 4.74058e-06 1.39954e-06 0.00000e+00
0.00000e+00 4.51651e-06 1.37713e-06 0.00000e+00
0.00000e+00 4.32914e-06 1.38828e-06 0.00000e+00
0.00000e+00 4.18440e-06 1.42633e-06 0.00000e+00
0.00000e+00 4.07745e-06 1.47636e-06 0.00000e+00
0.00000e+00 3.99226e-06 1.51808e-06 0.00000e+00
0.00000e+00 3.90547e-06 1.53165e-06 0.00000e+00
0.00000e+00 3.79450e-06 1.50531e-06 0.00000e+00
0.00000e+00 3.64772e-06 1.44190e-06 0.00000e+00
0.00000e+00 3.47200e-06 1.36055e-06 0.00000e+00
0.00000e+00 3.29237e-06 1.29036e-06 0.00000e+00
0.00000e+00 3.14081e-06 1.25642e-06 0.00000e+00
0.00000e+00 3.03724e-06 1.26407e-06 0.00000e+00
0.00000e+00 2.97378e-06 1.29179e-06 0.00000e+00
0.00000e+00 2.91572e-06 1.30175e-06 0.00000e+00
0.00000e+00 2.82510e-06 1.26659e-06 0.00000e+00
0.00000e+00 2.69346e-06 1.19463e-06 0.00000e+00
0.00000e+00 2.55451e-06 1.12811e-06 0.00000e+00
0.00000e+00 2.45537e-06 1.10605e-06 0.00000e+00
0.00000e+00 2.40530e-06 1.12078e-06 0.00000e+00
0.00000e+00 2.35867e-06 1.12027e-06 0.00000e+00
0.00000e+00 2.26761e-06 1.06932e-06 0.00000e+00
0.00000e+00 2.14989e-06 1.00148e-06 0.00000e+00
0.00000e+00 2.06942e-06 9.76928e-07 0.00000e+00
0.00000e+00 2.03496e-06 9.87127e-07 0.00000e+00
0.00000e+00 1.97835e-06 9.62429e-07 0.00000e+00
0.00000e+00 1.87777e-06 8.98460e-07 0.00000e+00
0.00000e+00 1.80630e-06 8.70919e-07 0.00000e+00
0.00000e+00 1.77784e-06 8.76742e-07 0.00000e+00
0.00000e+00 1.71079e-06 8.36547e-07 0.00000e+00
0.00000e+00 1.62670e-06 7.87507e-07 0.00000e+00
0.00000e+00 1.59583e-06 7.89374e-07 0.00000e+00
0.00000e+00 1.54219e-06 7.59786e-07 0.00000e+00
0.00000e+00 1.46695e-06 7.15298e-07 0.00000e+00
0.00000e+00 1.44127e-06 7.17274e-07 0.00000e+00
0.00000e+00 1.37694e-06 6.76179e-07 0.00000e+00
0.00000e+00 1.32912e-06 6.57146e-07 0.00000e+00
0.00000e+00 1.29220e-06 6.42141e-07 0.00000e+00
0.00000e+00 1.23101e-06 6.07044e-07 0.00000e+00
0.00000e+00 1.20379e-06 6.02107e-07 0.00000e+00
0.00000e+00 1.14364e-06 5.66077e-07 0.00000e+00
0.00000e+00 1.11676e-06 5.60893e-07 0.00000e+00
0.00000e+00 1.06348e-06 5.31070e-07 0.00000e+00
0.00000e+00 1.03056e-06 5.18716e-07 0.00000e+00
0.00000e+00 9.92047e-07 5.03108e-07 0.00000e+00
0.00000e+00 9.45876e-07 4.77381e-07 0.00000e+00
0.00000e+00 9.19609e-07 4.71989e-07 0.00000e+00
0.00000e+00 8.79721e-07 4.53504e-07 0.00000e+00
0.00000e+00 8.38345e-07 4.32054e-07 0.00000e+00
0.00000e+00 8.08934e-07 4.22311e-07 0.00000e+00
0.00000e+00 7.80126e-07 4.13506e-07 0.00000e+00
0.00000e+00 7.46513e-07 3.99637e-07 0.00000e+00
0.00000e+00 7.11863e-07 3.84179e-07 0.00000e+00
0.00000e+00 6.79148e-07 3.70202e-07 0.00000e+00
0.00000e+00 6.48577e-07 3.58032e-07 0.00000e+00
0.00000e+00 6.19610e-07 3.47159e-07 0.00000e+00
0.00000e+00 5.92116e-07 3.37430e-07 0.00000e+00
0.00000e+00 5.66288e-07 3.28981e-07 0.00000e+00
0.00000e+00 5.41515e-07 3.21119e-07 0.00000e+00
0.00000e+00 5.15164e-07 3.11214e-07 0.00000e+00
0.00000e+00 4.86604e-07 2.98835e-07 0.00000e+00
0.00000e+00 4.63134e-07 2.91267e-07 0.00000e+00
0.00000e+00 4.41815e-07 2.85124e-07 0.00000e+00
0.00000e+00 4.15492e-07 2.73705e-07 0.00000e+00
0.00000e+00 3.96716e-07 2.69267e-07 0.00000e+00
0.00000e+00 3.72788e-07 2.59300e-07 0.00000e+00
0.00000e+00 3.52561e-07 2.52375e-07 0.00000e+00
0.00000e+00 3.34506e-07 2.47237e-07 0.00000e+00
0.00000e+00 3.15070e-07 2.40212e-07 0.00000e+00
0.00000e+00 2.96092e-07 2.33081e-07 0.00000e+00
0.00000e+00 2.78428e-07 2.26715e-07 0.00000e+00
0.00000e+00 2.61915e-07 2.20944e-07 0.00000e+00
