0.00000e+00 3.91910e-05 8.06840e-07 0.00000e+00
0.00000e+00 3.79416e-05 9.44782e-07 0.00000e+00
0.00000e+00 3.66523e-05 1.10321e-06 0.00000e+00
0.00000e+00 3.53305e-05 1.28421e-06 0.00000e+00
0.00000e+00 3.39853e-05 1.48983e-06 0.00000e+00
0.00000e+00 3.26277e-05 1.72188e-06 0.00000e+00
0.00000e+00 3.12700e-05 1.98184e-06 0.00000e+00
0.00000e+00 2.99263e-05 2.27066e-06 0.00000e+00
0.00000e+00 2.86118e-05 2.58848e-06 0.00000e+00
0.00000e+00 2.73427e-05 2.93442e-06 0.00000e+00
0.00000e+00 2.61351e-05 3.30624e-06 0.00000e+00
0.00000e+00 2.50049e-05 3.70003e-06 0.00000e+00
0.00000e+00 2.39662e-05 4.10989e-06 0.00000e+00
0.00000e+00 2.30303e-05 4.52766e-06 0.00000e+00
0.00000e+00 2.22047e-05 4.94275e-06 0.00000e+00
0.00000e+00 2.14913e-05 5.34216e-06 0.00000e+00
0.00000e+00 2.08856e-05 5.71065e-06 0.00000e+00
0.00000e+00 2.03759e-05 6.03141e-06 0.00000e+00
0.00000e+00 1.99423e-05 6.28697e-06 0.00000e+00
0.00000e+00 1.95582e-05 6.46073e-06 0.00000e+00
0.00000e+00 1.91910e-05 6.53892e-06 0.00000e+00
0.00000e+00 1.88052e-05 6.51295e-06 0.00000e+00
0.00000e+00 1.83670e-05 6.38193e-06 0.00000e+00
0.00000e+00 1.78486e-05 6.15504e-06 0.00000e+00
0.00000e+00 1.72345e-05 5.85303e-06 0.00000e+00
0.00000e+00 1.65260e-05 5.50822e-06 0.00000e+00
0.00000e+00 1.57450e-05 5.16238e-06 0.00000e+00
0.00000e+00 1.49325e-05 4.86157e-06 0.00000e+00
0.00000e+00 1.41444e-05 4.64835e-06 0.00000e+00
0.00000e+00 1.34401e-05 4.55181e-06 0.00000e+00
0.00000e+00 1.28678e-05 4.57763e-06 0.00000e+00
0.00000e+00 1.24484e-05 4.70133e-06 0.00000e+00
0.00000e+00 1.21637e-05 4.86859e-06 0.00000e+00
0.00000e+00 1.19551e-05 5.00575e-06 0.00000e+00
0.00000e+00 1.17376e-05 5.04110e-06 0.00000e+00
0.00000e+00 1.14293e-05 4.93239e-06 0.00000e+00
0.00000e+00 1.09884e-05 4.69049e-06 0.00000e+00
0.00000e+00 1.04402e-05 4.38523e-06 0.00000e+00
0.00000e+00 9.87571e-06 4.12226e-06 0.00000e+00
0.00000e+00 9.41088e-06 3.99240e-06 0.00000e+00
0.00000e+00 9.11761e-06 4.01456e-06 0.00000e+00
0.00000e+00 8.96671e-06 4.11021e-06 0.00000e+00
0.00000e+00 8.83200e-06 4.14206e-06 0.00000e+00
0.00000e+00 8.57594e-06 4.01124e-06 0.00000e+00
0.00000e+00 8.16842e-06 3.74840e-06 0.00000e+00
0.00000e+00 7.73216e-06 3.50711e-06 0.00000e+00
0.00000e+00 7.43815e-06 3.42853e-06 0.00000e+00
0.00000e+00 7.31942e-06 3.48435e-06 0.00000e+00
0.00000e+00 7.21022e-06 3.48547e-06 0.00000e+00
0.00000e+00 6.93714e-06 3.30461e-06 0.00000e+00
0.00000e+00 6.56539e-06 3.06383e-06 0.00000e+00
0.00000e+00 6.32690e-06 2.98141e-06 0.00000e+00
0.00000e+00 6.25306e-06 3.02568e-06 0.00000e+00
0.00000e+00 6.09644e-06 2.94380e-06 0.00000e+00
0.00000e+00 5.77847e-06 2.72040e-06 0.00000e+00
0.00000e+00 5.56468e-06 2.63016e-06 0.00000e+00
0.00000e+00 5.50504e-06 2.66133e-06 0.00000e+00
0.00000e+00 5.30348e-06 2.52584e-06 0.00000e+00
0.00000e+00 5.03883e-06 2.35902e-06 0.00000e+00
0.00000e+00 4.96593e-06 2.37726e-06 0.00000e+00
0.00000e+00 4.80874e-06 2.28140e-06 0.00000e+00
0.00000e+00 4.57213e-06 2.13194e-06 0.00000e+00
0.00000e+00 4.51408e-06 2.15117e-06 0.00000e+00
0.00000e+00 4.31450e-06 2.01406e-06 0.00000e+00
0.00000e+00 4.17394e-06 1.95722e-06 0.00000e+00
0.00000e+00 4.07168e-06 1.91476e-06 0.00000e+00
0.00000e+00 3.88044e-06 1.79944e-06 0.00000e+00
0.00000e+00 3.81145e-06 1.79331e-06 0.00000e+00
0.00000e+00 3.62199e-06 1.67423e-06 0.00000e+00
0.00000e+00 3.55229e-06 1.66681e-06 0.00000e+00
0.00000e+00 3.38586e-06 1.56973e-06 0.00000e+00
0.00000e+00 3.29230e-06 1.53571e-06 0.00000e+00
0.00000e+00 3.17767e-06 1.48975e-06 0.00000e+00
0.00000e+00 3.03421e-06 1.40662e-06 0.00000e+00
0.00000e+00 2.96207e-06 1.39700e-06 0.00000e+00
0.00000e+00 2.83961e-06 1.33958e-06 0.00000e+00
0.00000e+00 2.71075e-06 1.27105e-06 0.00000e+00
0.00000e+00 2.62441e-06 1.24473e-06 0.00000e+00
0.00000e+00 2.53940e-06 1.22158e-06 0.00000e+00
0.00000e+00 2.43598e-06 1.17974e-06 0.00000e+00
0.00000e+00 2.32792e-06 1.13192e-06 0.00000e+00
0.00000e+00 2.22603e-06 1.08927e-06 0.00000e+00
0.00000e+00 2.13109e-06 1.05299e-06 0.00000e+00
0.00000e+00 2.04116e-06 1.02125e-06 0.00000e+00
0.00000e+00 1.95581e-06 9.93507e-07 0.00000e+00
0.00000e+00 1.87578e-06 9.70293e-07 0.00000e+00
0.00000e+00 1.79885e-06 9.49045e-07 0.00000e+00
0.00000e+00 1.71553e-06 9.20265e-07 0.00000e+00
0.00000e+00 1.62355e-06 8.82393e-07 0.00000e+00
0.00000e+00 1.54942e-06 8.61851e-07 0.00000e+00
0.00000e+00 1.48250e-06 8.46343e-07 0.00000e+00
0.00000e+00 1.39683e-06 8.11547e-07 0.00000e+00
0.00000e+00 1.33798e-06 8.01936e-07 0.00000e+00
0.00000e+00 1.25990e-06 7.72128e-07 0.00000e+00
0.00000e+00 1.19469e-06 7.53185e-07 0.00000e+00
0.00000e+00 1.13687e-06 7.40592e-07 0.00000e+00
0.00000e+00 1.07352e-06 7.20996e-07 0.00000e+00
0.00000e+00 1.01134e-06 7.00860e-07 0.00000e+00
0.00000e+00 9.53468e-07 6.83357e-07 0.00000e+00
0.00000e+00 8.99304e-07 6.67864e-07 0.00000e+00
