0.00000e+00 6.20070e-05 1.52644e-06 0.00000e+00
0.00000e+00 5.97018e-05 1.78716e-06 0.00000e+00
0.00000e+00 5.73264e-05 2.08650e-06 0.00000e+00
0.00000e+00 5.48955e-05 2.42841e-06 0.00000e+00
0.00000e+00 5.24267e-05 2.81666e-06 0.00000e+00
0.00000e+00 4.99411e-05 3.25464e-06 0.00000e+00
0.00000e+00 4.74628e-05 3.74506e-06 0.00000e+00
0.00000e+00 4.50186e-05 4.28959e-06 0.00000e+00
0.00000e+00 4.26380e-05 4.88839e-06 0.00000e+00
0.00000e+00 4.03517e-05 5.53962e-06 0.00000e+00
0.00000e+00 3.81909e-05 6.23885e-06 0.00000e+00
0.00000e+00 3.61854e-05 6.97844e-06 0.00000e+00
0.00000e+00 3.43622e-05 7.74697e-06 0.00000e+00
0.00000e+00 3.27428e-05 8.52870e-06 0.00000e+00
0.00000e+00 3.13410e-05 9.30327e-06 0.00000e+00
0.00000e+00 3.01602e-05 1.00457e-05 0.00000e+00
0.00000e+00 2.91914e-05 1.07267e-05 0.00000e+00
0.00000e+00 2.84113e-05 1.13142e-05 0.00000e+00
0.00000e+00 2.77817e-05 1.17748e-05 0.00000e+00
0.00000e+00 2.72508e-05 1.20768e-05 0.00000e+00
0.00000e+00 2.67555e-05 1.21940e-05 0.00000e+00
0.00000e+00 2.62279e-05 1.21101e-05 0.00000e+00
0.00000e+00 2.56020e-05 1.18237e-05 0.00000e+00
0.00000e+00 2.48246e-05 1.13526e-05 0.00000e+00
0.00000e+00 2.38652e-05 1.07368e-05 0.00000e+00
0.00000e+00 2.27262e-05 1.00385e-05 0.00000e+00
0.00000e+00 2.14483e-05 9.33779e-06 0.00000e+00
0.00000e+00 2.01102e-05 8.72303e-06 0.00000e+00
0.00000e+00 1.88178e-05 8.27585e-06 0.00000e+00
0.00000e+00 1.76841e-05 8.05205e-06 0.00000e+00
0.00000e+00 1.68009e-05 8.06267e-06 0.00000e+00
0.00000e+00 1.62075e-05 8.26104e-06 0.00000e+00
0.00000e+00 1.58685e-05 8.54343e-06 0.00000e+00
0.00000e+00 1.56713e-05 8.76922e-06 0.00000e+00
0.00000e+00 1.54529e-05 8.80152e-06 0.00000e+00
0.00000e+00 1.50565e-05 8.55985e-06 0.00000e+00
0.00000e+00 1.44017e-05 8.06528e-06 0.00000e+00
0.00000e+00 1.35366e-05 7.45154e-06 0.00000e+00
0.00000e+00 1.26352e-05 6.92081e-06 0.00000e+00
0.00000e+00 1.19187e-05 6.64681e-06 0.00000e+00
0.00000e+00 1.15244e-05 6.66577e-06 0.00000e+00
0.00000e+00 1.13962e-05 6.82767e-06 0.00000e+00
0.00000e+00 1.12929e-05 6.87029e-06 0.00000e+00
0.00000e+00 1.09518e-05 6.60480e-06 0.00000e+00
0.00000e+00 1.03154e-05 6.08994e-06 0.00000e+00
0.00000e+00 9.61844e-06 5.61926e-06 0.00000e+00
0.00000e+00 9.18769e-06 5.46248e-06 0.00000e+00
0.00000e+00 9.08637e-06 5.56534e-06 0.00000e+00
0.00000e+00 8.99784e-06 5.56645e-06 0.00000e+00
0.00000e+00 8.59100e-06 5.22254e-06 0.00000e+00
0.00000e+00 7.99074e-06 4.76685e-06 0.00000e+00
0.00000e+00 7.64042e-06 4.61627e-06 0.00000e+00
0.00000e+00 7.60009e-06 4.71003e-06 0.00000e+00
0.00000e+00 7.39720e-06 4.56487e-06 0.00000e+00
0.00000e+00 6.88193e-06 4.15133e-06 0.00000e+00
0.00000e+00 6.56184e-06 3.99410e-06 0.00000e+00
0.00000e+00 6.53254e-06 4.07044e-06 0.00000e+00
0.00000e+00 6.22861e-06 3.82981e-06 0.00000e+00
0.00000e+00 5.80097e-06 3.53071e-06 0.00000e+00
0.00000e+00 5.73675e-06 3.58639e-06 0.00000e+00
0.00000e+00 5.50877e-06 3.42508e-06 0.00000e+00
0.00000e+00 5.12673e-06 3.16234e-06 0.00000e+00
0.00000e+00 5.08376e-06 3.22268e-06 0.00000e+00
0.00000e+00 4.76858e-06 2.98499e-06 0.00000e+00
0.00000e+00 4.56478e-06 2.90124e-06 0.00000e+00
0.00000e+00 4.43292e-06 2.84531e-06 0.00000e+00
0.00000e+00 4.13023e-06 2.65046e-06 0.00000e+00
0.00000e+00 4.06043e-06 2.66428e-06 0.00000e+00
0.00000e+00 3.76016e-06 2.46228e-06 0.00000e+00
0.00000e+00 3.68846e-06 2.47334e-06 0.00000e+00
0.00000e+00 3.43185e-06 2.31259e-06 0.00000e+00
0.00000e+00 3.31457e-06 2.27178e-06 0.00000e+00
0.00000e+00 3.15718e-06 2.20738e-06 0.00000e+00
0.00000e+00 2.94488e-06 2.07107e-06 0.00000e+00
0.00000e+00 2.86908e-06 2.07419e-06 0.00000e+00
0.00000e+00 2.69732e-06 1.98488e-06 0.00000e+00
0.00000e+00 2.51360e-06 1.87316e-06 0.00000e+00
0.00000e+00 2.41129e-06 1.84090e-06 0.00000e+00
0.00000e+00 2.31170e-06 1.81348e-06 0.00000e+00
0.00000e+00 2.17734e-06 1.74934e-06 0.00000e+00
0.00000e+00 2.03438e-06 1.67263e-06 0.00000e+00
0.00000e+00 1.90352e-06 1.60473e-06 0.00000e+00
0.00000e+00 1.78626e-06 1.54798e-06 0.00000e+00
0.00000e+00 1.67890e-06 1.49890e-06 0.00000e+00
0.00000e+00 1.58060e-06 1.45651e-06 0.00000e+00
0.00000e+00 1.49269e-06 1.42176e-06 0.00000e+00
0.00000e+00 1.41083e-06 1.38979e-06 0.00000e+00
0.00000e+00 1.31683e-06 1.34250e-06 0.00000e+00
0.00000e+00 1.20629e-06 1.27694e-06 0.00000e+00
0.00000e+00 1.12980e-06 1.24367e-06 0.00000e+00
0.00000e+00 1.06693e-06 1.21923e-06 0.00000e+00
0.00000e+00 9.68046e-07 1.15724e-06 0.00000e+00
0.00000e+00 9.20129e-07 1.14273e-06 0.00000e+00
0.00000e+00 8.35074e-07 1.08898e-06 0.00000e+00
0.00000e+00 7.74137e-07 1.05546e-06 0.00000e+00
0.00000e+00 7.26750e-07 1.03358e-06 0.00000e+00
0.00000e+00 6.68163e-07 9.97874e-07 0.00000e+00
0.00000e+00 6.11083e-07 9.60778e-07 0.00000e+00
0.00000e+00 5.61411e-07 9.28403e-07 0.00000e+00
0.00000e+00 5.17984e-07 8.99651e-07 0.00000e+00
