0.00000e+00 6.74040e-05 1.60718e-06 0.00000e+00
0.00000e+00 6.49594e-05 1.88178e-06 0.00000e+00
0.00000e+00 6.24394e-05 2.19709e-06 0.00000e+00
0.00000e+00 5.98590e-05 2.55729e-06 0.00000e+00
0.00000e+00 5.72370e-05 2.96636e-06 0.00000e+00
0.00000e+00 5.45953e-05 3.42789e-06 0.00000e+00
0.00000e+00 5.19591e-05 3.94477e-06 0.00000e+00
0.00000e+00 4.93567e-05 4.51880e-06 0.00000e+00
0.00000e+00 4.68189e-05 5.15019e-06 0.00000e+00
0.00000e+00 4.43780e-05 5.83706e-06 0.00000e+00
0.00000e+00 4.20667e-05 6.57483e-06 0.00000e+00
0.00000e+00 3.99166e-05 7.35553e-06 0.00000e+00
0.00000e+00 3.79560e-05 8.16722e-06 0.00000e+00
0.00000e+00 3.62076e-05 8.99343e-06 0.00000e+00
0.00000e+00 3.46862e-05 9.81285e-06 0.00000e+00
0.00000e+00 3.33955e-05 1.05993e-05 0.00000e+00
0.00000e+00 3.23263e-05 1.13221e-05 0.00000e+00
0.00000e+00 3.14545e-05 1.19475e-05 0.00000e+00
0.00000e+00 3.07403e-05 1.24404e-05 0.00000e+00
0.00000e+00 3.01295e-05 1.27676e-05 0.00000e+00
0.00000e+00 2.95565e-05 1.29015e-05 0.00000e+00
0.00000e+00 2.89498e-05 1.28247e-05 0.00000e+00
0.00000e+00 2.82406e-05 1.25358e-05 0.00000e+00
0.00000e+00 2.73731e-05 1.20532e-05 0.00000e+00
0.00000e+00 2.63155e-05 1.14185e-05 0.00000e+00
0.00000e+00 2.50701e-05 1.06969e-05 0.00000e+00
0.00000e+00 2.36798e-05 9.97224e-06 0.00000e+00
0.00000e+00 2.22268e-05 9.33711e-06 0.00000e+00
0.00000e+00 2.08223e-05 8.87705e-06 0.00000e+00
0.00000e+00 1.95850e-05 8.65063e-06 0.00000e+00
0.00000e+00 1.86111e-05 8.66952e-06 0.00000e+00
0.00000e+00 1.79422e-05 8.88492e-06 0.00000e+00
0.00000e+00 1.75415e-05 9.18819e-06 0.00000e+00
0.00000e+00 1.72910e-05 9.43191e-06 0.00000e+00
0.00000e+00 1.70200e-05 9.47252e-06 0.00000e+00
0.00000e+00 1.65644e-05 9.22548e-06 0.00000e+00
0.00000e+00 1.58395e-05 8.71266e-06 0.00000e+00
0.00000e+00 1.48958e-05 8.07404e-06 0.00000e+00
0.00000e+00 1.39154e-05 7.52147e-06 0.00000e+00
0.00000e+00 1.31302e-05 7.23709e-06 0.00000e+00
0.00000e+00 1.26842e-05 7.25906e-06 0.00000e+00
0.00000e+00 1.25189e-05 7.43029e-06 0.00000e+00
0.00000e+00 1.23815e-05 7.47598e-06 0.00000e+00
0.00000e+00 1.19964e-05 7.19810e-06 0.00000e+00
0.00000e+00 1.13033e-05 6.65803e-06 0.00000e+00
0.00000e+00 1.05480e-05 6.16335e-06 0.00000e+00
0.00000e+00 1.00729e-05 5.99691e-06 0.00000e+00
0.00000e+00 9.94447e-06 6.10207e-06 0.00000e+00
0.00000e+00 9.83091e-06 6.10020e-06 0.00000e+00
0.00000e+00 9.38506e-06 5.73623e-06 0.00000e+00
0.00000e+00 8.73755e-06 5.25443e-06 0.00000e+00
0.00000e+00 8.35300e-06 5.09187e-06 0.00000e+00
0.00000e+00 8.29452e-06 5.18511e-06 0.00000e+00
0.00000e+00 8.06685e-06 5.02771e-06 0.00000e+00
0.00000e+00 7.51273e-06 4.58864e-06 0.00000e+00
0.00000e+00 7.16398e-06 4.41780e-06 0.00000e+00
0.00000e+00 7.12096e-06 4.49161e-06 0.00000e+00
0.00000e+00 6.79102e-06 4.23308e-06 0.00000e+00
0.00000e+00 6.33207e-06 3.91295e-06 0.00000e+00
0.00000e+00 6.25467e-06 3.96450e-06 0.00000e+00
0.00000e+00 6.00634e-06 3.78858e-06 0.00000e+00
0.00000e+00 5.59696e-06 3.50613e-06 0.00000e+00
0.00000e+00 5.54341e-06 3.56223e-06 0.00000e+00
0.00000e+00 5.20497e-06 3.30593e-06 0.00000e+00
0.00000e+00 4.98346e-06 3.21089e-06 0.00000e+00
0.00000e+00 4.83764e-06 3.14508e-06 0.00000e+00
0.00000e+00 4.51287e-06 2.93365e-06 0.00000e+00
0.00000e+00 4.43233e-06 2.94107e-06 0.00000e+00
0.00000e+00 4.11024e-06 2.72236e-06 0.00000e+00
0.00000e+00 4.02787e-06 2.72725e-06 0.00000e+00
0.00000e+00 3.75170e-06 2.55225e-06 0.00000e+00
0.00000e+00 3.62164e-06 2.50328e-06 0.00000e+00
0.00000e+00 3.44962e-06 2.42989e-06 0.00000e+00
0.00000e+00 3.22024e-06 2.28153e-06 0.00000e+00
0.00000e+00 3.13407e-06 2.27966e-06 0.00000e+00
0.00000e+00 2.94756e-06 2.18130e-06 0.00000e+00
0.00000e+00 2.74877e-06 2.05984e-06 0.00000e+00
0.00000e+00 2.63557e-06 2.02198e-06 0.00000e+00
0.00000e+00 2.52546e-06 1.98948e-06 0.00000e+00
0.00000e+00 2.37916e-06 1.91874e-06 0.00000e+00
0.00000e+00 2.22406e-06 1.83501e-06 0.00000e+00
0.00000e+00 2.08183e-06 1.76067e-06 0.00000e+00
0.00000e+00 1.95402e-06 1.69816e-06 0.00000e+00
0.00000e+00 1.83675e-06 1.64381e-06 0.00000e+00
0.00000e+00 1.72909e-06 1.59657e-06 0.00000e+00
0.00000e+00 1.63252e-06 1.55749e-06 0.00000e+00
0.00000e+00 1.54245e-06 1.52147e-06 0.00000e+00
0.00000e+00 1.43985e-06 1.46951e-06 0.00000e+00
0.00000e+00 1.32007e-06 1.39853e-06 0.00000e+00
0.00000e+00 1.23614e-06 1.36147e-06 0.00000e+00
0.00000e+00 1.16663e-06 1.33376e-06 0.00000e+00
0.00000e+00 1.05953e-06 1.26678e-06 0.00000e+00
0.00000e+00 1.00600e-06 1.24963e-06 0.00000e+00
0.00000e+00 9.13689e-07 1.19146e-06 0.00000e+00
0.00000e+00 8.46811e-07 1.15455e-06 0.00000e+00
0.00000e+00 7.94289e-07 1.12992e-06 0.00000e+00
0.00000e+00 7.30183e-07 1.09087e-06 0.00000e+00
0.00000e+00 6.67803e-07 1.05041e-06 0.00000e+00
0.00000e+00 6.13330e-07 1.01496e-06 0.00000e+00
0.00000e+00 5.65514e-07 9.83339e-07 0.00000e+00
