0.00000e+00 2.25597e-05 4.16506e-07 0.00000e+00
0.00000e+00 2.18953e-05 4.87813e-07 0.00000e+00
0.00000e+00 2.12084e-05 5.69741e-07 0.00000e+00
0.00000e+00 2.05029e-05 6.63390e-07 0.00000e+00
0.00000e+00 1.97832e-05 7.69827e-07 0.00000e+00
0.00000e+00 1.90548e-05 8.90020e-07 0.00000e+00
0.00000e+00 1.83240e-05 1.02476e-06 0.00000e+00
0.00000e+00 1.75979e-05 1.17459e-06 0.00000e+00
0.00000e+00 1.68843e-05 1.33962e-06 0.00000e+00
0.00000e+00 1.61913e-05 1.51946e-06 0.00000e+00
0.00000e+00 1.55274e-05 1.71303e-06 0.00000e+00
0.00000e+00 1.49006e-05 1.91840e-06 0.00000e+00
0.00000e+00 1.43181e-05 2.13261e-06 0.00000e+00
0.00000e+00 1.37861e-05 2.35158e-06 0.00000e+00
0.00000e+00 1.33083e-05 2.56994e-06 0.00000e+00
0.00000e+00 1.28860e-05 2.78113e-06 0.00000e+00
0.00000e+00 1.25172e-05 2.97740e-06 0.00000e+00
0.00000e+00 1.21962e-05 3.15019e-06 0.00000e+00
0.00000e+00 1.19131e-05 3.29058e-06 0.00000e+00
0.00000e+00 1.16546e-05 3.39008e-06 0.00000e+00
0.00000e+00 1.14044e-05 3.44156e-06 0.00000e+00
0.00000e+00 1.11447e-05 3.44054e-06 0.00000e+00
0.00000e+00 1.08584e-05 3.38642e-06 0.00000e+00
0.00000e+00 1.05315e-05 3.28366e-06 0.00000e+00
0.00000e+00 1.01562e-05 3.14263e-06 0.00000e+00
0.00000e+00 9.73314e-06 2.97959e-06 0.00000e+00
0.00000e+00 9.27338e-06 2.81561e-06 0.00000e+00
0.00000e+00 8.79788e-06 2.67402e-06 0.00000e+00
0.00000e+00 8.33499e-06 2.57639e-06 0.00000e+00
0.00000e+00 7.91501e-06 2.53755e-06 0.00000e+00
0.00000e+00 7.56263e-06 2.56049e-06 0.00000e+00
0.00000e+00 7.28876e-06 2.63292e-06 0.00000e+00
0.00000e+00 7.08450e-06 2.72735e-06 0.00000e+00
0.00000e+00 6.92039e-06 2.80645e-06 0.00000e+00
0.00000e+00 6.75352e-06 2.83375e-06 0.00000e+00
0.00000e+00 6.54249e-06 2.78764e-06 0.00000e+00
0.00000e+00 6.26599e-06 2.67341e-06 0.00000e+00
0.00000e+00 5.93676e-06 2.52623e-06 0.00000e+00
0.00000e+00 5.60093e-06 2.39958e-06 0.00000e+00
0.00000e+00 5.31730e-06 2.33955e-06 0.00000e+00
0.00000e+00 5.12254e-06 2.35587e-06 0.00000e+00
0.00000e+00 5.00210e-06 2.40890e-06 0.00000e+00
0.00000e+00 4.89217e-06 2.42905e-06 0.00000e+00
0.00000e+00 4.72300e-06 2.36605e-06 0.00000e+00
0.00000e+00 4.47913e-06 2.23521e-06 0.00000e+00
0.00000e+00 4.22259e-06 2.11425e-06 0.00000e+00
0.00000e+00 4.04006e-06 2.07481e-06 0.00000e+00
0.00000e+00 3.94845e-06 2.10276e-06 0.00000e+00
0.00000e+00 3.86386e-06 2.10236e-06 0.00000e+00
0.00000e+00 3.69826e-06 2.00895e-06 0.00000e+00
0.00000e+00 3.48442e-06 1.88423e-06 0.00000e+00
0.00000e+00 3.33980e-06 1.83887e-06 0.00000e+00
0.00000e+00 3.28045e-06 1.85709e-06 0.00000e+00
0.00000e+00 3.18097e-06 1.81082e-06 0.00000e+00
0.00000e+00 3.00129e-06 1.69209e-06 0.00000e+00
0.00000e+00 2.87577e-06 1.64010e-06 0.00000e+00
0.00000e+00 2.82989e-06 1.64918e-06 0.00000e+00
0.00000e+00 2.71354e-06 1.57337e-06 0.00000e+00
0.00000e+00 2.56638e-06 1.48111e-06 0.00000e+00
0.00000e+00 2.51757e-06 1.48225e-06 0.00000e+00
0.00000e+00 2.42727e-06 1.42532e-06 0.00000e+00
0.00000e+00 2.29768e-06 1.34085e-06 0.00000e+00
0.00000e+00 2.25955e-06 1.34166e-06 0.00000e+00
0.00000e+00 2.15066e-06 1.26312e-06 0.00000e+00
0.00000e+00 2.07244e-06 1.22507e-06 0.00000e+00
0.00000e+00 2.01447e-06 1.19431e-06 0.00000e+00
0.00000e+00 1.91209e-06 1.12655e-06 0.00000e+00
0.00000e+00 1.87236e-06 1.11419e-06 0.00000e+00
0.00000e+00 1.77220e-06 1.04462e-06 0.00000e+00
0.00000e+00 1.73330e-06 1.03176e-06 0.00000e+00
0.00000e+00 1.64591e-06 9.73571e-07 0.00000e+00
0.00000e+00 1.59597e-06 9.47520e-07 0.00000e+00
0.00000e+00 1.53578e-06 9.15570e-07 0.00000e+00
0.00000e+00 1.46144e-06 8.65017e-07 0.00000e+00
0.00000e+00 1.42369e-06 8.51980e-07 0.00000e+00
0.00000e+00 1.36069e-06 8.14848e-07 0.00000e+00
0.00000e+00 1.29487e-06 7.72402e-07 0.00000e+00
0.00000e+00 1.25091e-06 7.51595e-07 0.00000e+00
0.00000e+00 1.20788e-06 7.32634e-07 0.00000e+00
0.00000e+00 1.15585e-06 7.04502e-07 0.00000e+00
0.00000e+00 1.10171e-06 6.73591e-07 0.00000e+00
0.00000e+00 1.05093e-06 6.45558e-07 0.00000e+00
0.00000e+00 1.00388e-06 6.21008e-07 0.00000e+00
0.00000e+00 9.59545e-07 5.99006e-07 0.00000e+00
0.00000e+00 9.17701e-07 5.79281e-07 0.00000e+00
0.00000e+00 8.78696e-07 5.62087e-07 0.00000e+00
0.00000e+00 8.41381e-07 5.46127e-07 0.00000e+00
0.00000e+00 8.00934e-07 5.26583e-07 0.00000e+00
0.00000e+00 7.56183e-07 5.02656e-07 0.00000e+00
0.00000e+00 7.20542e-07 4.87731e-07 0.00000e+00
0.00000e+00 6.88617e-07 4.75583e-07 0.00000e+00
0.00000e+00 6.47234e-07 4.53873e-07 0.00000e+00
0.00000e+00 6.19482e-07 4.45146e-07 0.00000e+00
0.00000e+00 5.82005e-07 4.26383e-07 0.00000e+00
0.00000e+00 5.51071e-07 4.13338e-07 0.00000e+00
0.00000e+00 5.23880e-07 4.03702e-07 0.00000e+00
0.00000e+00 4.93895e-07 3.90710e-07 0.00000e+00
0.00000e+00 4.64502e-07 3.77640e-07 0.00000e+00
0.00000e+00 4.37265e-07 3.66071e-07 0.00000e+00
0.00000e+00 4.11895e-07 3.55697e-07 0.00000e+00
