0.00000e+00 8.59274e-05 2.19367e-06 0.00000e+00
0.00000e+00 8.26528e-05 2.56811e-06 0.00000e+00
0.00000e+00 7.92809e-05 2.99793e-06 0.00000e+00
0.00000e+00 7.58330e-05 3.48877e-06 0.00000e+00
0.00000e+00 7.23347e-05 4.04600e-06 0.00000e+00
0.00000e+00 6.88166e-05 4.67442e-06 0.00000e+00
0.00000e+00 6.53133e-05 5.37786e-06 0.00000e+00
0.00000e+00 6.18639e-05 6.15859e-06 0.00000e+00
0.00000e+00 5.85105e-05 7.01674e-06 0.00000e+00
0.00000e+00 5.52977e-05 7.94952e-06 0.00000e+00
0.00000e+00 5.22700e-05 8.95037e-06 0.00000e+00
0.00000e+00 4.94704e-05 1.00081e-05 0.00000e+00
0.00000e+00 4.69374e-05 1.11061e-05 0.00000e+00
0.00000e+00 4.47014e-05 1.22215e-05 0.00000e+00
0.00000e+00 4.27818e-05 1.33247e-05 0.00000e+00
0.00000e+00 4.11829e-05 1.43795e-05 0.00000e+00
0.00000e+00 3.98906e-05 1.53437e-05 0.00000e+00
0.00000e+00 3.88705e-05 1.61708e-05 0.00000e+00
0.00000e+00 3.80665e-05 1.68127e-05 0.00000e+00
0.00000e+00 3.74028e-05 1.72237e-05 0.00000e+00
0.00000e+00 3.67877e-05 1.73664e-05 0.00000e+00
0.00000e+00 3.61220e-05 1.72176e-05 0.00000e+00
0.00000e+00 3.53103e-05 1.67758e-05 0.00000e+00
0.00000e+00 3.42751e-05 1.60674e-05 0.00000e+00
0.00000e+00 3.29726e-05 1.51510e-05 0.00000e+00
0.00000e+00 3.14065e-05 1.41172e-05 0.00000e+00
0.00000e+00 2.96363e-05 1.30824e-05 0.00000e+00
0.00000e+00 2.77763e-05 1.21750e-05 0.00000e+00
0.00000e+00 2.59801e-05 1.15132e-05 0.00000e+00
0.00000e+00 2.44118e-05 1.11776e-05 0.00000e+00
0.00000e+00 2.32039e-05 1.11837e-05 0.00000e+00
0.00000e+00 2.24130e-05 1.14634e-05 0.00000e+00
0.00000e+00 2.19873e-05 1.18659e-05 0.00000e+00
0.00000e+00 2.17629e-05 1.21870e-05 0.00000e+00
0.00000e+00 2.15032e-05 1.22283e-05 0.00000e+00
0.00000e+00 2.09812e-05 1.18737e-05 0.00000e+00
0.00000e+00 2.00808e-05 1.11541e-05 0.00000e+00
0.00000e+00 1.88727e-05 1.02641e-05 0.00000e+00
0.00000e+00 1.76097e-05 9.49717e-06 0.00000e+00
0.00000e+00 1.66130e-05 9.10481e-06 0.00000e+00
0.00000e+00 1.60812e-05 9.13893e-06 0.00000e+00
0.00000e+00 1.59327e-05 9.38116e-06 0.00000e+00
0.00000e+00 1.58173e-05 9.45082e-06 0.00000e+00
0.00000e+00 1.53540e-05 9.07426e-06 0.00000e+00
0.00000e+00 1.44602e-05 8.33730e-06 0.00000e+00
0.00000e+00 1.34773e-05 7.66606e-06 0.00000e+00
0.00000e+00 1.28794e-05 7.45138e-06 0.00000e+00
0.00000e+00 1.27576e-05 7.61372e-06 0.00000e+00
0.00000e+00 1.26521e-05 7.62830e-06 0.00000e+00
0.00000e+00 1.20831e-05 7.14257e-06 0.00000e+00
0.00000e+00 1.12324e-05 6.49549e-06 0.00000e+00
0.00000e+00 1.07436e-05 6.29172e-06 0.00000e+00
0.00000e+00 1.07031e-05 6.44225e-06 0.00000e+00
0.00000e+00 1.04252e-05 6.24573e-06 0.00000e+00
0.00000e+00 9.69322e-06 5.66006e-06 0.00000e+00
0.00000e+00 9.24398e-06 5.44661e-06 0.00000e+00
0.00000e+00 9.21562e-06 5.57164e-06 0.00000e+00
0.00000e+00 8.78770e-06 5.23630e-06 0.00000e+00
0.00000e+00 8.17995e-06 4.81628e-06 0.00000e+00
0.00000e+00 8.09896e-06 4.91074e-06 0.00000e+00
0.00000e+00 7.77943e-06 4.68970e-06 0.00000e+00
0.00000e+00 7.23609e-06 4.32143e-06 0.00000e+00
0.00000e+00 7.18425e-06 4.42148e-06 0.00000e+00
0.00000e+00 6.73674e-06 4.08847e-06 0.00000e+00
0.00000e+00 6.45066e-06 3.97867e-06 0.00000e+00
0.00000e+00 6.26829e-06 3.90851e-06 0.00000e+00
0.00000e+00 5.83777e-06 3.63648e-06 0.00000e+00
0.00000e+00 5.74470e-06 3.66666e-06 0.00000e+00
0.00000e+00 5.31679e-06 3.38323e-06 0.00000e+00
0.00000e+00 5.22009e-06 3.40842e-06 0.00000e+00
0.00000e+00 4.85499e-06 3.18418e-06 0.00000e+00
0.00000e+00 4.69147e-06 3.13325e-06 0.00000e+00
0.00000e+00 4.46952e-06 3.04784e-06 0.00000e+00
0.00000e+00 4.16755e-06 2.85764e-06 0.00000e+00
0.00000e+00 4.06344e-06 2.86946e-06 0.00000e+00
0.00000e+00 3.81989e-06 2.74688e-06 0.00000e+00
0.00000e+00 3.55874e-06 2.59144e-06 0.00000e+00
0.00000e+00 3.41559e-06 2.55099e-06 0.00000e+00
0.00000e+00 3.27625e-06 2.51731e-06 0.00000e+00
0.00000e+00 3.08630e-06 2.43003e-06 0.00000e+00
0.00000e+00 2.88369e-06 2.32418e-06 0.00000e+00
0.00000e+00 2.69843e-06 2.23078e-06 0.00000e+00
0.00000e+00 2.53272e-06 2.15325e-06 0.00000e+00
0.00000e+00 2.38117e-06 2.08655e-06 0.00000e+00
0.00000e+00 2.24254e-06 2.02925e-06 0.00000e+00
0.00000e+00 2.11879e-06 1.98279e-06 0.00000e+00
0.00000e+00 2.00368e-06 1.94020e-06 0.00000e+00
0.00000e+00 1.87078e-06 1.87516e-06 0.00000e+00
0.00000e+00 1.71372e-06 1.78342e-06 0.00000e+00
0.00000e+00 1.60588e-06 1.73833e-06 0.00000e+00
0.00000e+00 1.51761e-06 1.70586e-06 0.00000e+00
0.00000e+00 1.37689e-06 1.61873e-06 0.00000e+00
0.00000e+00 1.30992e-06 1.60032e-06 0.00000e+00
0.00000e+00 1.18891e-06 1.52489e-06 0.00000e+00
0.00000e+00 1.10274e-06 1.47869e-06 0.00000e+00
0.00000e+00 1.03612e-06 1.44930e-06 0.00000e+00
0.00000e+00 9.53142e-07 1.39977e-06 0.00000e+00
0.00000e+00 8.72236e-07 1.34814e-06 0.00000e+00
0.00000e+00 8.01971e-07 1.30327e-06 0.00000e+00
0.00000e+00 7.40608e-07 1.26353e-06 0.00000e+00
