0.00000e+00 9.27313e-05 2.30716e-06 0.00000e+00
0.00000e+00 8.93152e-05 2.70071e-06 0.00000e+00
0.00000e+00 8.57994e-05 3.15242e-06 0.00000e+00
0.00000e+00 8.22062e-05 3.66813e-06 0.00000e+00
0.00000e+00 7.85629e-05 4.25347e-06 0.00000e+00
0.00000e+00 7.49015e-05 4.91343e-06 0.00000e+00
0.00000e+00 7.12590e-05 5.65192e-06 0.00000e+00
0.00000e+00 6.76761e-05 6.47128e-06 0.00000e+00
0.00000e+00 6.41974e-05 7.37151e-06 0.00000e+00
0.00000e+00 6.08695e-05 8.34953e-06 0.00000e+00
0.00000e+00 5.77392e-05 9.39828e-06 0.00000e+00
0.00000e+00 5.48515e-05 1.05058e-05 0.00000e+00
0.00000e+00 5.22464e-05 1.16545e-05 0.00000e+00
0.00000e+00 4.99553e-05 1.28199e-05 0.00000e+00
0.00000e+00 4.79980e-05 1.39707e-05 0.00000e+00
0.00000e+00 4.63780e-05 1.50688e-05 0.00000e+00
0.00000e+00 4.50797e-05 1.60693e-05 0.00000e+00
0.00000e+00 4.40656e-05 1.69233e-05 0.00000e+00
0.00000e+00 4.32756e-05 1.75801e-05 0.00000e+00
0.00000e+00 4.26284e-05 1.79917e-05 0.00000e+00
0.00000e+00 4.20264e-05 1.81190e-05 0.00000e+00
0.00000e+00 4.13643e-05 1.79380e-05 0.00000e+00
0.00000e+00 4.05408e-05 1.74479e-05 0.00000e+00
0.00000e+00 3.94743e-05 1.66774e-05 0.00000e+00
0.00000e+00 3.81187e-05 1.56894e-05 0.00000e+00
0.00000e+00 3.64787e-05 1.45804e-05 0.00000e+00
0.00000e+00 3.46184e-05 1.34743e-05 0.00000e+00
0.00000e+00 3.26594e-05 1.25075e-05 0.00000e+00
0.00000e+00 3.07656e-05 1.18050e-05 0.00000e+00
0.00000e+00 2.91111e-05 1.14519e-05 0.00000e+00
0.00000e+00 2.78362e-05 1.14637e-05 0.00000e+00
0.00000e+00 2.70006e-05 1.17674e-05 0.00000e+00
0.00000e+00 2.65484e-05 1.22020e-05 0.00000e+00
0.00000e+00 2.63052e-05 1.25504e-05 0.00000e+00
0.00000e+00 2.60197e-05 1.26022e-05 0.00000e+00
0.00000e+00 2.54512e-05 1.22345e-05 0.00000e+00
0.00000e+00 2.44773e-05 1.14810e-05 0.00000e+00
0.00000e+00 2.31744e-05 1.05491e-05 0.00000e+00
0.00000e+00 2.18119e-05 9.75044e-06 0.00000e+00
0.00000e+00 2.07312e-05 9.35170e-06 0.00000e+00
0.00000e+00 2.01429e-05 9.40688e-06 0.00000e+00
0.00000e+00 1.99593e-05 9.68295e-06 0.00000e+00
0.00000e+00 1.98079e-05 9.77509e-06 0.00000e+00
0.00000e+00 1.92845e-05 9.39310e-06 0.00000e+00
0.00000e+00 1.83026e-05 8.62907e-06 0.00000e+00
0.00000e+00 1.72257e-05 7.93619e-06 0.00000e+00
0.00000e+00 1.65578e-05 7.72916e-06 0.00000e+00
0.00000e+00 1.63948e-05 7.92223e-06 0.00000e+00
0.00000e+00 1.62476e-05 7.95725e-06 0.00000e+00
0.00000e+00 1.56069e-05 7.46027e-06 0.00000e+00
0.00000e+00 1.46674e-05 6.79239e-06 0.00000e+00
0.00000e+00 1.41131e-05 6.59592e-06 0.00000e+00
0.00000e+00 1.40350e-05 6.77504e-06 0.00000e+00
0.00000e+00 1.37041e-05 6.58418e-06 0.00000e+00
0.00000e+00 1.28912e-05 5.97959e-06 0.00000e+00
0.00000e+00 1.23799e-05 5.77052e-06 0.00000e+00
0.00000e+00 1.23160e-05 5.91992e-06 0.00000e+00
0.00000e+00 1.18274e-05 5.57879e-06 0.00000e+00
0.00000e+00 1.11487e-05 5.14729e-06 0.00000e+00
0.00000e+00 1.10303e-05 5.26150e-06 0.00000e+00
0.00000e+00 1.06580e-05 5.03876e-06 0.00000e+00
0.00000e+00 1.00483e-05 4.65882e-06 0.00000e+00
0.00000e+00 9.96094e-06 4.77532e-06 0.00000e+00
0.00000e+00 9.45241e-06 4.43006e-06 0.00000e+00
0.00000e+00 9.11538e-06 4.32124e-06 0.00000e+00
0.00000e+00 8.88753e-06 4.25302e-06 0.00000e+00
0.00000e+00 8.39529e-06 3.96945e-06 0.00000e+00
0.00000e+00 8.26052e-06 4.00596e-06 0.00000e+00
0.00000e+00 7.76874e-06 3.70842e-06 0.00000e+00
0.00000e+00 7.62764e-06 3.73815e-06 0.00000e+00
0.00000e+00 7.19987e-06 3.50227e-06 0.00000e+00
0.00000e+00 6.98487e-06 3.45020e-06 0.00000e+00
0.00000e+00 6.70652e-06 3.36147e-06 0.00000e+00
0.00000e+00 6.34153e-06 3.16118e-06 0.00000e+00
0.00000e+00 6.18557e-06 3.17577e-06 0.00000e+00
0.00000e+00 5.88022e-06 3.04783e-06 0.00000e+00
0.00000e+00 5.55494e-06 2.88522e-06 0.00000e+00
0.00000e+00 5.35413e-06 2.84530e-06 0.00000e+00
0.00000e+00 5.15657e-06 2.81308e-06 0.00000e+00
0.00000e+00 4.90449e-06 2.72439e-06 0.00000e+00
0.00000e+00 4.63843e-06 2.61645e-06 0.00000e+00
0.00000e+00 4.39044e-06 2.52224e-06 0.00000e+00
0.00000e+00 4.16301e-06 2.44535e-06 0.00000e+00
0.00000e+00 3.95056e-06 2.38037e-06 0.00000e+00
0.00000e+00 3.75188e-06 2.32569e-06 0.00000e+00
0.00000e+00 3.56919e-06 2.28278e-06 0.00000e+00
0.00000e+00 3.39585e-06 2.24405e-06 0.00000e+00
0.00000e+00 3.20391e-06 2.18149e-06 0.00000e+00
0.00000e+00 2.98662e-06 2.09052e-06 0.00000e+00
0.00000e+00 2.82206e-06 2.04902e-06 0.00000e+00
0.00000e+00 2.67875e-06 2.02076e-06 0.00000e+00
0.00000e+00 2.48025e-06 1.93422e-06 0.00000e+00
0.00000e+00 2.36074e-06 1.92049e-06 0.00000e+00
0.00000e+00 2.18454e-06 1.84596e-06 0.00000e+00
0.00000e+00 2.04615e-06 1.80223e-06 0.00000e+00
0.00000e+00 1.92938e-06 1.77608e-06 0.00000e+00
0.00000e+00 1.79611e-06 1.72821e-06 0.00000e+00
0.00000e+00 1.66601e-06 1.67776e-06 0.00000e+00
0.00000e+00 1.54823e-06 1.63415e-06 0.00000e+00
0.00000e+00 1.44098e-06 1.59563e-06 0.00000e+00
