0.00000e+00 4.63385e-05 1.08164e-06 0.00000e+00
0.00000e+00 4.47054e-05 1.26634e-06 0.00000e+00
0.00000e+00 4.30227e-05 1.47839e-06 0.00000e+00
0.00000e+00 4.13005e-05 1.72058e-06 0.00000e+00
0.00000e+00 3.95515e-05 1.99556e-06 0.00000e+00
0.00000e+00 3.77905e-05 2.30574e-06 0.00000e+00
0.00000e+00 3.60346e-05 2.65302e-06 0.00000e+00
0.00000e+00 3.43028e-05 3.03857e-06 0.00000e+00
0.00000e+00 3.26157e-05 3.46247e-06 0.00000e+00
0.00000e+00 3.09952e-05 3.92342e-06 0.00000e+00
0.00000e+00 2.94632e-05 4.41823e-06 0.00000e+00
0.00000e+00 2.80407e-05 4.94148e-06 0.00000e+00
0.00000e+00 2.67468e-05 5.48503e-06 0.00000e+00
0.00000e+00 2.55964e-05 6.03771e-06 0.00000e+00
0.00000e+00 2.45991e-05 6.58505e-06 0.00000e+00
0.00000e+00 2.37572e-05 7.10933e-06 0.00000e+00
0.00000e+00 2.30639e-05 7.58985e-06 0.00000e+00
0.00000e+00 2.25025e-05 8.00381e-06 0.00000e+00
0.00000e+00 2.20457e-05 8.32758e-06 0.00000e+00
0.00000e+00 2.16565e-05 8.53880e-06 0.00000e+00
0.00000e+00 2.12902e-05 8.61898e-06 0.00000e+00
0.00000e+00 2.08982e-05 8.55679e-06 0.00000e+00
0.00000e+00 2.04340e-05 8.35140e-06 0.00000e+00
0.00000e+00 1.98598e-05 8.01571e-06 0.00000e+00
0.00000e+00 1.91543e-05 7.57835e-06 0.00000e+00
0.00000e+00 1.83197e-05 7.08369e-06 0.00000e+00
0.00000e+00 1.73852e-05 6.58880e-06 0.00000e+00
0.00000e+00 1.64073e-05 6.15654e-06 0.00000e+00
0.00000e+00 1.54614e-05 5.84481e-06 0.00000e+00
0.00000e+00 1.46284e-05 5.69307e-06 0.00000e+00
0.00000e+00 1.39733e-05 5.70882e-06 0.00000e+00
0.00000e+00 1.35241e-05 5.85848e-06 0.00000e+00
0.00000e+00 1.32555e-05 6.06790e-06 0.00000e+00
0.00000e+00 1.30870e-05 6.23677e-06 0.00000e+00
0.00000e+00 1.29026e-05 6.26765e-06 0.00000e+00
0.00000e+00 1.25909e-05 6.10340e-06 0.00000e+00
0.00000e+00 1.20951e-05 5.75932e-06 0.00000e+00
0.00000e+00 1.14499e-05 5.33088e-06 0.00000e+00
0.00000e+00 1.07797e-05 4.96210e-06 0.00000e+00
0.00000e+00 1.02421e-05 4.77648e-06 0.00000e+00
0.00000e+00 9.93463e-06 4.79939e-06 0.00000e+00
0.00000e+00 9.81716e-06 4.92351e-06 0.00000e+00
0.00000e+00 9.71758e-06 4.96183e-06 0.00000e+00
0.00000e+00 9.44875e-06 4.77999e-06 0.00000e+00
0.00000e+00 8.97015e-06 4.42018e-06 0.00000e+00
0.00000e+00 8.44935e-06 4.09178e-06 0.00000e+00
0.00000e+00 8.11922e-06 3.98676e-06 0.00000e+00
0.00000e+00 8.02439e-06 4.06603e-06 0.00000e+00
0.00000e+00 7.93888e-06 4.07185e-06 0.00000e+00
0.00000e+00 7.62693e-06 3.83113e-06 0.00000e+00
0.00000e+00 7.17796e-06 3.51051e-06 0.00000e+00
0.00000e+00 6.90801e-06 3.40707e-06 0.00000e+00
0.00000e+00 6.85947e-06 3.47710e-06 0.00000e+00
0.00000e+00 6.69536e-06 3.37610e-06 0.00000e+00
0.00000e+00 6.30927e-06 3.08351e-06 0.00000e+00
0.00000e+00 6.06315e-06 2.97342e-06 0.00000e+00
0.00000e+00 6.02473e-06 3.02923e-06 0.00000e+00
0.00000e+00 5.79088e-06 2.85854e-06 0.00000e+00
0.00000e+00 5.46952e-06 2.64599e-06 0.00000e+00
0.00000e+00 5.40765e-06 2.68590e-06 0.00000e+00
0.00000e+00 5.22915e-06 2.57053e-06 0.00000e+00
0.00000e+00 4.94120e-06 2.38261e-06 0.00000e+00
0.00000e+00 4.89504e-06 2.42454e-06 0.00000e+00
0.00000e+00 4.65469e-06 2.25350e-06 0.00000e+00
0.00000e+00 4.49374e-06 2.19196e-06 0.00000e+00
0.00000e+00 4.38367e-06 2.14975e-06 0.00000e+00
0.00000e+00 4.15150e-06 2.00830e-06 0.00000e+00
0.00000e+00 4.08482e-06 2.01531e-06 0.00000e+00
0.00000e+00 3.85326e-06 1.86831e-06 0.00000e+00
0.00000e+00 3.78399e-06 1.87307e-06 0.00000e+00
0.00000e+00 3.58232e-06 1.75547e-06 0.00000e+00
0.00000e+00 3.47920e-06 1.72336e-06 0.00000e+00
0.00000e+00 3.34689e-06 1.67469e-06 0.00000e+00
0.00000e+00 3.17475e-06 1.57496e-06 0.00000e+00
0.00000e+00 3.09933e-06 1.57496e-06 0.00000e+00
0.00000e+00 2.95497e-06 1.50946e-06 0.00000e+00
0.00000e+00 2.80159e-06 1.42840e-06 0.00000e+00
0.00000e+00 2.70573e-06 1.40427e-06 0.00000e+00
0.00000e+00 2.61143e-06 1.38404e-06 0.00000e+00
0.00000e+00 2.49192e-06 1.33798e-06 0.00000e+00
0.00000e+00 2.36588e-06 1.28325e-06 0.00000e+00
0.00000e+00 2.24808e-06 1.23508e-06 0.00000e+00
0.00000e+00 2.13963e-06 1.19513e-06 0.00000e+00
0.00000e+00 2.03793e-06 1.16090e-06 0.00000e+00
0.00000e+00 1.94240e-06 1.13167e-06 0.00000e+00
0.00000e+00 1.85408e-06 1.10813e-06 0.00000e+00
0.00000e+00 1.76991e-06 1.08681e-06 0.00000e+00
0.00000e+00 1.67699e-06 1.05476e-06 0.00000e+00
0.00000e+00 1.57221e-06 1.00986e-06 0.00000e+00
0.00000e+00 1.49168e-06 9.88108e-07 0.00000e+00
0.00000e+00 1.42085e-06 9.72752e-07 0.00000e+00
0.00000e+00 1.32438e-06 9.30689e-07 0.00000e+00
0.00000e+00 1.26432e-06 9.22539e-07 0.00000e+00
0.00000e+00 1.17791e-06 8.86467e-07 0.00000e+00
0.00000e+00 1.10887e-06 8.64838e-07 0.00000e+00
0.00000e+00 1.04972e-06 8.51526e-07 0.00000e+00
0.00000e+00 9.82868e-07 8.28363e-07 0.00000e+00
0.00000e+00 9.17396e-07 8.04179e-07 0.00000e+00
0.00000e+00 8.57561e-07 7.83317e-07 0.00000e+00
0.00000e+00 8.02541e-07 7.64950e-07 0.00000e+00
