0.00000e+00 3.49077e-05 7.34510e-07 0.00000e+00
0.00000e+00 3.37689e-05 8.60115e-07 0.00000e+00
0.00000e+00 3.25935e-05 1.00438e-06 0.00000e+00
0.00000e+00 3.13885e-05 1.16922e-06 0.00000e+00
0.00000e+00 3.01620e-05 1.35648e-06 0.00000e+00
0.00000e+00 2.89241e-05 1.56784e-06 0.00000e+00
0.00000e+00 2.76860e-05 1.80466e-06 0.00000e+00
0.00000e+00 2.64606e-05 2.06778e-06 0.00000e+00
0.00000e+00 2.52617e-05 2.35737e-06 0.00000e+00
0.00000e+00 2.41041e-05 2.67264e-06 0.00000e+00
0.00000e+00 2.30025e-05 3.01156e-06 0.00000e+00
0.00000e+00 2.19714e-05 3.37059e-06 0.00000e+00
0.00000e+00 2.10238e-05 3.74439e-06 0.00000e+00
0.00000e+00 2.01700e-05 4.12553e-06 0.00000e+00
0.00000e+00 1.94168e-05 4.50442e-06 0.00000e+00
0.00000e+00 1.87664e-05 4.86922e-06 0.00000e+00
0.00000e+00 1.82146e-05 5.20609e-06 0.00000e+00
0.00000e+00 1.77509e-05 5.49970e-06 0.00000e+00
0.00000e+00 1.73574e-05 5.73415e-06 0.00000e+00
0.00000e+00 1.70100e-05 5.89430e-06 0.00000e+00
0.00000e+00 1.66791e-05 5.96756e-06 0.00000e+00
0.00000e+00 1.63326e-05 5.94601e-06 0.00000e+00
0.00000e+00 1.59396e-05 5.82874e-06 0.00000e+00
0.00000e+00 1.54748e-05 5.62395e-06 0.00000e+00
0.00000e+00 1.49240e-05 5.35034e-06 0.00000e+00
0.00000e+00 1.42882e-05 5.03720e-06 0.00000e+00
0.00000e+00 1.35869e-05 4.72234e-06 0.00000e+00
0.00000e+00 1.28574e-05 4.44758e-06 0.00000e+00
0.00000e+00 1.21499e-05 4.25162e-06 0.00000e+00
0.00000e+00 1.15185e-05 4.16098e-06 0.00000e+00
0.00000e+00 1.10069e-05 4.18102e-06 0.00000e+00
0.00000e+00 1.06341e-05 4.28976e-06 0.00000e+00
0.00000e+00 1.03838e-05 4.43812e-06 0.00000e+00
0.00000e+00 1.02030e-05 4.55943e-06 0.00000e+00
0.00000e+00 1.00147e-05 4.58864e-06 0.00000e+00
0.00000e+00 9.74456e-06 4.48733e-06 0.00000e+00
0.00000e+00 9.35446e-06 4.26517e-06 0.00000e+00
0.00000e+00 8.86703e-06 3.98525e-06 0.00000e+00
0.00000e+00 8.36461e-06 3.74328e-06 0.00000e+00
0.00000e+00 7.95210e-06 3.62166e-06 0.00000e+00
0.00000e+00 7.69476e-06 3.63775e-06 0.00000e+00
0.00000e+00 7.56632e-06 3.72064e-06 0.00000e+00
0.00000e+00 7.45259e-06 3.74607e-06 0.00000e+00
0.00000e+00 7.22889e-06 3.62435e-06 0.00000e+00
0.00000e+00 6.86768e-06 3.38302e-06 0.00000e+00
0.00000e+00 6.47988e-06 3.16109e-06 0.00000e+00
0.00000e+00 6.22038e-06 3.08654e-06 0.00000e+00
0.00000e+00 6.11930e-06 3.13400e-06 0.00000e+00
0.00000e+00 6.02667e-06 3.13235e-06 0.00000e+00
0.00000e+00 5.78535e-06 2.96614e-06 0.00000e+00
0.00000e+00 5.45412e-06 2.74572e-06 0.00000e+00
0.00000e+00 5.24300e-06 2.66880e-06 0.00000e+00
0.00000e+00 5.18063e-06 2.70697e-06 0.00000e+00
0.00000e+00 5.04305e-06 2.63130e-06 0.00000e+00
0.00000e+00 4.75890e-06 2.42761e-06 0.00000e+00
0.00000e+00 4.56851e-06 2.34461e-06 0.00000e+00
0.00000e+00 4.51736e-06 2.37190e-06 0.00000e+00
0.00000e+00 4.33743e-06 2.24859e-06 0.00000e+00
0.00000e+00 4.09983e-06 2.09699e-06 0.00000e+00
0.00000e+00 4.03547e-06 2.11321e-06 0.00000e+00
0.00000e+00 3.89454e-06 2.02644e-06 0.00000e+00
0.00000e+00 3.68127e-06 1.89125e-06 0.00000e+00
0.00000e+00 3.62941e-06 1.90905e-06 0.00000e+00
0.00000e+00 3.44920e-06 1.78558e-06 0.00000e+00
0.00000e+00 3.32217e-06 1.73493e-06 0.00000e+00
0.00000e+00 3.22975e-06 1.69760e-06 0.00000e+00
0.00000e+00 3.05666e-06 1.59446e-06 0.00000e+00
0.00000e+00 2.99430e-06 1.59045e-06 0.00000e+00
0.00000e+00 2.82293e-06 1.48433e-06 0.00000e+00
0.00000e+00 2.76018e-06 1.47953e-06 0.00000e+00
0.00000e+00 2.61006e-06 1.39366e-06 0.00000e+00
0.00000e+00 2.52631e-06 1.36510e-06 0.00000e+00
0.00000e+00 2.42374e-06 1.32569e-06 0.00000e+00
0.00000e+00 2.29555e-06 1.25275e-06 0.00000e+00
0.00000e+00 2.23238e-06 1.24634e-06 0.00000e+00
0.00000e+00 2.12412e-06 1.19661e-06 0.00000e+00
0.00000e+00 2.01062e-06 1.13673e-06 0.00000e+00
0.00000e+00 1.93610e-06 1.11492e-06 0.00000e+00
0.00000e+00 1.86325e-06 1.09576e-06 0.00000e+00
0.00000e+00 1.77430e-06 1.05952e-06 0.00000e+00
0.00000e+00 1.68162e-06 1.01760e-06 0.00000e+00
0.00000e+00 1.59497e-06 9.80094e-07 0.00000e+00
0.00000e+00 1.51504e-06 9.48082e-07 0.00000e+00
0.00000e+00 1.44007e-06 9.19911e-07 0.00000e+00
0.00000e+00 1.36965e-06 8.95103e-07 0.00000e+00
0.00000e+00 1.30442e-06 8.74137e-07 0.00000e+00
0.00000e+00 1.24234e-06 8.54709e-07 0.00000e+00
0.00000e+00 1.17482e-06 8.28250e-07 0.00000e+00
0.00000e+00 1.09977e-06 7.93345e-07 0.00000e+00
0.00000e+00 1.04118e-06 7.73942e-07 0.00000e+00
0.00000e+00 9.89392e-07 7.58926e-07 0.00000e+00
0.00000e+00 9.20896e-07 7.26301e-07 0.00000e+00
0.00000e+00 8.76918e-07 7.16339e-07 0.00000e+00
0.00000e+00 8.15759e-07 6.87974e-07 0.00000e+00
0.00000e+00 7.66453e-07 6.69349e-07 0.00000e+00
0.00000e+00 7.24018e-07 6.56383e-07 0.00000e+00
0.00000e+00 6.76740e-07 6.36993e-07 0.00000e+00
0.00000e+00 6.30655e-07 6.17050e-07 0.00000e+00
0.00000e+00 5.88570e-07 5.99430e-07 0.00000e+00
0.00000e+00 5.49931e-07 5.83585e-07 0.00000e+00
