0.00000e+00 3.25729e-05 6.04547e-07 0.00000e+00
0.00000e+00 3.16090e-05 7.08056e-07 0.00000e+00
0.00000e+00 3.06126e-05 8.26982e-07 0.00000e+00
0.00000e+00 2.95890e-05 9.62927e-07 0.00000e+00
0.00000e+00 2.85450e-05 1.11744e-06 0.00000e+00
0.00000e+00 2.74884e-05 1.29192e-06 0.00000e+00
0.00000e+00 2.64284e-05 1.48754e-06 0.00000e+00
0.00000e+00 2.53754e-05 1.70505e-06 0.00000e+00
0.00000e+00 2.43406e-05 1.94466e-06 0.00000e+00
0.00000e+00 2.33359e-05 2.20578e-06 0.00000e+00
0.00000e+00 2.23735e-05 2.48685e-06 0.00000e+00
0.00000e+00 2.14652e-05 2.78506e-06 0.00000e+00
0.00000e+00 2.06215e-05 3.09615e-06 0.00000e+00
0.00000e+00 1.98512e-05 3.41416e-06 0.00000e+00
0.00000e+00 1.91600e-05 3.73135e-06 0.00000e+00
0.00000e+00 1.85497e-05 4.03815e-06 0.00000e+00
0.00000e+00 1.80176e-05 4.32334e-06 0.00000e+00
0.00000e+00 1.75551e-05 4.57448e-06 0.00000e+00
0.00000e+00 1.71482e-05 4.77862e-06 0.00000e+00
0.00000e+00 1.67776e-05 4.92340e-06 0.00000e+00
0.00000e+00 1.64196e-05 4.99849e-06 0.00000e+00
0.00000e+00 1.60485e-05 4.99731e-06 0.00000e+00
0.00000e+00 1.56393e-05 4.91895e-06 0.00000e+00
0.00000e+00 1.51718e-05 4.76986e-06 0.00000e+00
0.00000e+00 1.46344e-05 4.56502e-06 0.00000e+00
0.00000e+00 1.40283e-05 4.32797e-06 0.00000e+00
0.00000e+00 1.33692e-05 4.08924e-06 0.00000e+00
0.00000e+00 1.26875e-05 3.88263e-06 0.00000e+00
0.00000e+00 1.20242e-05 3.73949e-06 0.00000e+00
0.00000e+00 1.14232e-05 3.68133e-06 0.00000e+00
0.00000e+00 1.09203e-05 3.71258e-06 0.00000e+00
0.00000e+00 1.05312e-05 3.81548e-06 0.00000e+00
0.00000e+00 1.02432e-05 3.95028e-06 0.00000e+00
0.00000e+00 1.00136e-05 4.06291e-06 0.00000e+00
0.00000e+00 9.78024e-06 4.10053e-06 0.00000e+00
0.00000e+00 9.48300e-06 4.03178e-06 0.00000e+00
0.00000e+00 9.09097e-06 3.86426e-06 0.00000e+00
0.00000e+00 8.62249e-06 3.64890e-06 0.00000e+00
0.00000e+00 8.14433e-06 3.46317e-06 0.00000e+00
0.00000e+00 7.74163e-06 3.37388e-06 0.00000e+00
0.00000e+00 7.46752e-06 3.39523e-06 0.00000e+00
0.00000e+00 7.30098e-06 3.46984e-06 0.00000e+00
0.00000e+00 7.14961e-06 3.49696e-06 0.00000e+00
0.00000e+00 6.91229e-06 3.40372e-06 0.00000e+00
0.00000e+00 6.56653e-06 3.21222e-06 0.00000e+00
0.00000e+00 6.20208e-06 3.03501e-06 0.00000e+00
0.00000e+00 5.94448e-06 2.97593e-06 0.00000e+00
0.00000e+00 5.81833e-06 3.01460e-06 0.00000e+00
0.00000e+00 5.70210e-06 3.01239e-06 0.00000e+00
0.00000e+00 5.46822e-06 2.87559e-06 0.00000e+00
0.00000e+00 5.16405e-06 2.69347e-06 0.00000e+00
0.00000e+00 4.95972e-06 2.62642e-06 0.00000e+00
0.00000e+00 4.87855e-06 2.65164e-06 0.00000e+00
0.00000e+00 4.73894e-06 2.58365e-06 0.00000e+00
0.00000e+00 4.48272e-06 2.41081e-06 0.00000e+00
0.00000e+00 4.30452e-06 2.33477e-06 0.00000e+00
0.00000e+00 4.24130e-06 2.34738e-06 0.00000e+00
0.00000e+00 4.07565e-06 2.23723e-06 0.00000e+00
0.00000e+00 3.86492e-06 2.10335e-06 0.00000e+00
0.00000e+00 3.79625e-06 2.10493e-06 0.00000e+00
0.00000e+00 3.66714e-06 2.02259e-06 0.00000e+00
0.00000e+00 3.48069e-06 1.90048e-06 0.00000e+00
0.00000e+00 3.42634e-06 1.90205e-06 0.00000e+00
0.00000e+00 3.26915e-06 1.78886e-06 0.00000e+00
0.00000e+00 3.15597e-06 1.73440e-06 0.00000e+00
0.00000e+00 3.07182e-06 1.69068e-06 0.00000e+00
0.00000e+00 2.92297e-06 1.59346e-06 0.00000e+00
0.00000e+00 2.86454e-06 1.57662e-06 0.00000e+00
0.00000e+00 2.71825e-06 1.47702e-06 0.00000e+00
0.00000e+00 2.66043e-06 1.45968e-06 0.00000e+00
0.00000e+00 2.53207e-06 1.37678e-06 0.00000e+00
0.00000e+00 2.45773e-06 1.34055e-06 0.00000e+00
0.00000e+00 2.36829e-06 1.29585e-06 0.00000e+00
0.00000e+00 2.25818e-06 1.22431e-06 0.00000e+00
0.00000e+00 2.20083e-06 1.20714e-06 0.00000e+00
0.00000e+00 2.10693e-06 1.15528e-06 0.00000e+00
0.00000e+00 2.00871e-06 1.09566e-06 0.00000e+00
0.00000e+00 1.94209e-06 1.06747e-06 0.00000e+00
0.00000e+00 1.87679e-06 1.04199e-06 0.00000e+00
0.00000e+00 1.79838e-06 1.00324e-06 0.00000e+00
0.00000e+00 1.71691e-06 9.60463e-07 0.00000e+00
0.00000e+00 1.64028e-06 9.21835e-07 0.00000e+00
0.00000e+00 1.56904e-06 8.88219e-07 0.00000e+00
0.00000e+00 1.50176e-06 8.58241e-07 0.00000e+00
0.00000e+00 1.43808e-06 8.31491e-07 0.00000e+00
0.00000e+00 1.37851e-06 8.08329e-07 0.00000e+00
0.00000e+00 1.32138e-06 7.86864e-07 0.00000e+00
0.00000e+00 1.25972e-06 7.60114e-07 0.00000e+00
0.00000e+00 1.19181e-06 7.26919e-07 0.00000e+00
0.00000e+00 1.13708e-06 7.06654e-07 0.00000e+00
0.00000e+00 1.08774e-06 6.90343e-07 0.00000e+00
0.00000e+00 1.02471e-06 6.60098e-07 0.00000e+00
0.00000e+00 9.81406e-07 6.48568e-07 0.00000e+00
0.00000e+00 9.24034e-07 6.22441e-07 0.00000e+00
0.00000e+00 8.76144e-07 6.04522e-07 0.00000e+00
0.00000e+00 8.33711e-07 5.91493e-07 0.00000e+00
0.00000e+00 7.87251e-07 5.73542e-07 0.00000e+00
0.00000e+00 7.41668e-07 5.55410e-07 0.00000e+00
0.00000e+00 6.99272e-07 5.39427e-07 0.00000e+00
0.00000e+00 6.59611e-07 5.25116e-07 0.00000e+00
