0.00000e+00 7.21307e-05 1.93834e-06 0.00000e+00
0.00000e+00 6.93021e-05 2.26873e-06 0.00000e+00
0.00000e+00 6.63934e-05 2.64784e-06 0.00000e+00
0.00000e+00 6.34239e-05 3.08058e-06 0.00000e+00
0.00000e+00 6.04166e-05 3.57159e-06 0.00000e+00
0.00000e+00 5.73989e-05 4.12500e-06 0.00000e+00
0.00000e+00 5.44017e-05 4.74404e-06 0.00000e+00
0.00000e+00 5.14599e-05 5.43054e-06 0.00000e+00
0.00000e+00 4.86109e-05 6.18439e-06 0.00000e+00
0.00000e+00 4.58939e-05 7.00285e-06 0.00000e+00
0.00000e+00 4.33484e-05 7.87980e-06 0.00000e+00
0.00000e+00 4.10121e-05 8.80502e-06 0.00000e+00
0.00000e+00 3.89184e-05 9.76336e-06 0.00000e+00
0.00000e+00 3.70934e-05 1.07341e-05 0.00000e+00
0.00000e+00 3.55531e-05 1.16908e-05 0.00000e+00
0.00000e+00 3.42999e-05 1.26008e-05 0.00000e+00
0.00000e+00 3.33197e-05 1.34264e-05 0.00000e+00
0.00000e+00 3.25801e-05 1.41262e-05 0.00000e+00
0.00000e+00 3.20293e-05 1.46573e-05 0.00000e+00
0.00000e+00 3.15979e-05 1.49795e-05 0.00000e+00
0.00000e+00 3.12027e-05 1.50598e-05 0.00000e+00
0.00000e+00 3.07539e-05 1.48787e-05 0.00000e+00
0.00000e+00 3.01656e-05 1.44358e-05 0.00000e+00
0.00000e+00 2.93685e-05 1.37562e-05 0.00000e+00
0.00000e+00 2.83240e-05 1.28936e-05 0.00000e+00
0.00000e+00 2.70365e-05 1.19306e-05 0.00000e+00
0.00000e+00 2.55605e-05 1.09726e-05 0.00000e+00
0.00000e+00 2.39999e-05 1.01352e-05 0.00000e+00
0.00000e+00 2.24939e-05 9.52466e-06 0.00000e+00
0.00000e+00 2.11900e-05 9.21260e-06 0.00000e+00
0.00000e+00 2.02071e-05 9.21180e-06 0.00000e+00
0.00000e+00 1.95951e-05 9.45951e-06 0.00000e+00
0.00000e+00 1.93060e-05 9.81867e-06 0.00000e+00
0.00000e+00 1.91909e-05 1.01048e-05 0.00000e+00
0.00000e+00 1.90363e-05 1.01393e-05 0.00000e+00
0.00000e+00 1.86378e-05 9.81831e-06 0.00000e+00
0.00000e+00 1.78923e-05 9.17133e-06 0.00000e+00
0.00000e+00 1.68652e-05 8.37488e-06 0.00000e+00
0.00000e+00 1.57860e-05 7.69390e-06 0.00000e+00
0.00000e+00 1.49446e-05 7.35453e-06 0.00000e+00
0.00000e+00 1.45194e-05 7.40189e-06 0.00000e+00
0.00000e+00 1.44352e-05 7.63733e-06 0.00000e+00
0.00000e+00 1.43754e-05 7.71677e-06 0.00000e+00
0.00000e+00 1.39966e-05 7.39411e-06 0.00000e+00
0.00000e+00 1.32264e-05 6.74831e-06 0.00000e+00
0.00000e+00 1.23742e-05 6.16472e-06 0.00000e+00
0.00000e+00 1.18682e-05 5.99517e-06 0.00000e+00
0.00000e+00 1.17891e-05 6.16594e-06 0.00000e+00
0.00000e+00 1.17209e-05 6.20242e-06 0.00000e+00
0.00000e+00 1.12314e-05 5.78743e-06 0.00000e+00
0.00000e+00 1.04868e-05 5.22842e-06 0.00000e+00
0.00000e+00 1.00686e-05 5.07084e-06 0.00000e+00
0.00000e+00 1.00532e-05 5.23241e-06 0.00000e+00
0.00000e+00 9.82105e-06 5.07948e-06 0.00000e+00
0.00000e+00 9.17818e-06 4.57562e-06 0.00000e+00
0.00000e+00 8.79078e-06 4.40850e-06 0.00000e+00
0.00000e+00 8.78200e-06 4.54577e-06 0.00000e+00
0.00000e+00 8.41085e-06 4.26608e-06 0.00000e+00
0.00000e+00 7.87742e-06 3.91014e-06 0.00000e+00
0.00000e+00 7.81900e-06 4.01787e-06 0.00000e+00
0.00000e+00 7.54350e-06 3.83896e-06 0.00000e+00
0.00000e+00 7.06568e-06 3.52682e-06 0.00000e+00
0.00000e+00 7.03067e-06 3.63635e-06 0.00000e+00
0.00000e+00 6.63678e-06 3.35326e-06 0.00000e+00
0.00000e+00 6.38814e-06 3.27128e-06 0.00000e+00
0.00000e+00 6.23126e-06 3.22340e-06 0.00000e+00
0.00000e+00 5.84927e-06 2.99262e-06 0.00000e+00
0.00000e+00 5.77029e-06 3.03350e-06 0.00000e+00
0.00000e+00 5.38749e-06 2.79047e-06 0.00000e+00
0.00000e+00 5.30210e-06 2.82527e-06 0.00000e+00
0.00000e+00 4.97276e-06 2.63425e-06 0.00000e+00
0.00000e+00 4.82371e-06 2.59909e-06 0.00000e+00
0.00000e+00 4.62060e-06 2.53268e-06 0.00000e+00
0.00000e+00 4.34346e-06 2.37111e-06 0.00000e+00
0.00000e+00 4.24371e-06 2.39191e-06 0.00000e+00
0.00000e+00 4.01680e-06 2.29135e-06 0.00000e+00
0.00000e+00 3.77271e-06 2.16101e-06 0.00000e+00
0.00000e+00 3.63413e-06 2.13454e-06 0.00000e+00
0.00000e+00 3.49810e-06 2.11432e-06 0.00000e+00
0.00000e+00 3.31552e-06 2.04577e-06 0.00000e+00
0.00000e+00 3.12078e-06 1.96046e-06 0.00000e+00
0.00000e+00 2.94106e-06 1.88641e-06 0.00000e+00
0.00000e+00 2.77845e-06 1.82666e-06 0.00000e+00
0.00000e+00 2.62816e-06 1.77664e-06 0.00000e+00
0.00000e+00 2.48912e-06 1.73500e-06 0.00000e+00
0.00000e+00 2.36318e-06 1.70300e-06 0.00000e+00
0.00000e+00 2.24469e-06 1.67425e-06 0.00000e+00
0.00000e+00 2.10986e-06 1.62497e-06 0.00000e+00
0.00000e+00 1.95297e-06 1.55132e-06 0.00000e+00
0.00000e+00 1.84034e-06 1.51951e-06 0.00000e+00
0.00000e+00 1.74519e-06 1.49878e-06 0.00000e+00
0.00000e+00 1.60255e-06 1.42836e-06 0.00000e+00
0.00000e+00 1.52647e-06 1.41972e-06 0.00000e+00
0.00000e+00 1.40156e-06 1.35927e-06 0.00000e+00
0.00000e+00 1.30810e-06 1.32487e-06 0.00000e+00
0.00000e+00 1.23236e-06 1.30535e-06 0.00000e+00
0.00000e+00 1.14191e-06 1.26732e-06 0.00000e+00
0.00000e+00 1.05344e-06 1.22705e-06 0.00000e+00
0.00000e+00 9.74719e-07 1.19256e-06 0.00000e+00
0.00000e+00 9.04197e-07 1.16237e-06 0.00000e+00
