0.00000e+00 9.42683e-05 2.14861e-06 0.00000e+00
0.00000e+00 9.10176e-05 2.51561e-06 0.00000e+00
0.00000e+00 8.76675e-05 2.93698e-06 0.00000e+00
0.00000e+00 8.42387e-05 3.41826e-06 0.00000e+00
0.00000e+00 8.07559e-05 3.96479e-06 0.00000e+00
0.00000e+00 7.72487e-05 4.58132e-06 0.00000e+00
0.00000e+00 7.37509e-05 5.27168e-06 0.00000e+00
0.00000e+00 7.03003e-05 6.03822e-06 0.00000e+00
0.00000e+00 6.69383e-05 6.88117e-06 0.00000e+00
0.00000e+00 6.37079e-05 7.79794e-06 0.00000e+00
0.00000e+00 6.06530e-05 8.78231e-06 0.00000e+00
0.00000e+00 5.78157e-05 9.82352e-06 0.00000e+00
0.00000e+00 5.52336e-05 1.09055e-05 0.00000e+00
0.00000e+00 5.29370e-05 1.20061e-05 0.00000e+00
0.00000e+00 5.09452e-05 1.30967e-05 0.00000e+00
0.00000e+00 4.92628e-05 1.41422e-05 0.00000e+00
0.00000e+00 4.78772e-05 1.51013e-05 0.00000e+00
0.00000e+00 4.67552e-05 1.59289e-05 0.00000e+00
0.00000e+00 4.58433e-05 1.65779e-05 0.00000e+00
0.00000e+00 4.50680e-05 1.70038e-05 0.00000e+00
0.00000e+00 4.43407e-05 1.71697e-05 0.00000e+00
0.00000e+00 4.35654e-05 1.70527e-05 0.00000e+00
0.00000e+00 4.26494e-05 1.66508e-05 0.00000e+00
0.00000e+00 4.15172e-05 1.59891e-05 0.00000e+00
0.00000e+00 4.01260e-05 1.51238e-05 0.00000e+00
0.00000e+00 3.84789e-05 1.41427e-05 0.00000e+00
0.00000e+00 3.66331e-05 1.31583e-05 0.00000e+00
0.00000e+00 3.46991e-05 1.22953e-05 0.00000e+00
0.00000e+00 3.28259e-05 1.16685e-05 0.00000e+00
0.00000e+00 3.11727e-05 1.13567e-05 0.00000e+00
0.00000e+00 2.98686e-05 1.13755e-05 0.00000e+00
0.00000e+00 2.89690e-05 1.16595e-05 0.00000e+00
0.00000e+00 2.84245e-05 1.20627e-05 0.00000e+00
0.00000e+00 2.80765e-05 1.23873e-05 0.00000e+00
0.00000e+00 2.76960e-05 1.24407e-05 0.00000e+00
0.00000e+00 2.70625e-05 1.21096e-05 0.00000e+00
0.00000e+00 2.60628e-05 1.14236e-05 0.00000e+00
0.00000e+00 2.47648e-05 1.05705e-05 0.00000e+00
0.00000e+00 2.34132e-05 9.83498e-06 0.00000e+00
0.00000e+00 2.23195e-05 9.46127e-06 0.00000e+00
0.00000e+00 2.16769e-05 9.50048e-06 0.00000e+00
0.00000e+00 2.14070e-05 9.74158e-06 0.00000e+00
0.00000e+00 2.11708e-05 9.81560e-06 0.00000e+00
0.00000e+00 2.05986e-05 9.45672e-06 0.00000e+00
0.00000e+00 1.96096e-05 8.74737e-06 0.00000e+00
0.00000e+00 1.85341e-05 8.10035e-06 0.00000e+00
0.00000e+00 1.78321e-05 7.89510e-06 0.00000e+00
0.00000e+00 1.75927e-05 8.05533e-06 0.00000e+00
0.00000e+00 1.73707e-05 8.07261e-06 0.00000e+00
0.00000e+00 1.67004e-05 7.60451e-06 0.00000e+00
0.00000e+00 1.57575e-05 6.97893e-06 0.00000e+00
0.00000e+00 1.51657e-05 6.78233e-06 0.00000e+00
0.00000e+00 1.50099e-05 6.92927e-06 0.00000e+00
0.00000e+00 1.46253e-05 6.73989e-06 0.00000e+00
0.00000e+00 1.38012e-05 6.17254e-06 0.00000e+00
0.00000e+00 1.32517e-05 5.96524e-06 0.00000e+00
0.00000e+00 1.31114e-05 6.08614e-06 0.00000e+00
0.00000e+00 1.25851e-05 5.76070e-06 0.00000e+00
0.00000e+00 1.18850e-05 5.35238e-06 0.00000e+00
0.00000e+00 1.16965e-05 5.44259e-06 0.00000e+00
0.00000e+00 1.12781e-05 5.22705e-06 0.00000e+00
0.00000e+00 1.06434e-05 4.86812e-06 0.00000e+00
0.00000e+00 1.04863e-05 4.96310e-06 0.00000e+00
0.00000e+00 9.94676e-06 4.63821e-06 0.00000e+00
0.00000e+00 9.56448e-06 4.52920e-06 0.00000e+00
0.00000e+00 9.28413e-06 4.45877e-06 0.00000e+00
0.00000e+00 8.76408e-06 4.19222e-06 0.00000e+00
0.00000e+00 8.57245e-06 4.21869e-06 0.00000e+00
0.00000e+00 8.05727e-06 3.94088e-06 0.00000e+00
0.00000e+00 7.86449e-06 3.96227e-06 0.00000e+00
0.00000e+00 7.41254e-06 3.74152e-06 0.00000e+00
0.00000e+00 7.15754e-06 3.68897e-06 0.00000e+00
0.00000e+00 6.84701e-06 3.60266e-06 0.00000e+00
0.00000e+00 6.46034e-06 3.41478e-06 0.00000e+00
0.00000e+00 6.26680e-06 3.42259e-06 0.00000e+00
0.00000e+00 5.93949e-06 3.29999e-06 0.00000e+00
0.00000e+00 5.59662e-06 3.14548e-06 0.00000e+00
0.00000e+00 5.36963e-06 3.10235e-06 0.00000e+00
0.00000e+00 5.14787e-06 3.06567e-06 0.00000e+00
0.00000e+00 4.87870e-06 2.97697e-06 0.00000e+00
0.00000e+00 4.59896e-06 2.87019e-06 0.00000e+00
0.00000e+00 4.33781e-06 2.77542e-06 0.00000e+00
0.00000e+00 4.09741e-06 2.69593e-06 0.00000e+00
0.00000e+00 3.87261e-06 2.62683e-06 0.00000e+00
0.00000e+00 3.66223e-06 2.56669e-06 0.00000e+00
0.00000e+00 3.46823e-06 2.51694e-06 0.00000e+00
0.00000e+00 3.28454e-06 2.47071e-06 0.00000e+00
0.00000e+00 3.08566e-06 2.40257e-06 0.00000e+00
0.00000e+00 2.86542e-06 2.30836e-06 0.00000e+00
0.00000e+00 2.69499e-06 2.25917e-06 0.00000e+00
0.00000e+00 2.54567e-06 2.22202e-06 0.00000e+00
0.00000e+00 2.34766e-06 2.13163e-06 0.00000e+00
0.00000e+00 2.22330e-06 2.10761e-06 0.00000e+00
0.00000e+00 2.04875e-06 2.02806e-06 0.00000e+00
0.00000e+00 1.91015e-06 1.97657e-06 0.00000e+00
0.00000e+00 1.79272e-06 1.94111e-06 0.00000e+00
0.00000e+00 1.66162e-06 1.88586e-06 0.00000e+00
0.00000e+00 1.53477e-06 1.82831e-06 0.00000e+00
0.00000e+00 1.42045e-06 1.77705e-06 0.00000e+00
0.00000e+00 1.31699e-06 1.73049e-06 0.00000e+00
