0.00000e+00 3.14394e-05 7.19949e-07 0.00000e+00
0.00000e+00 3.03393e-05 8.42973e-07 0.00000e+00
0.00000e+00 2.92050e-05 9.84242e-07 0.00000e+00
0.00000e+00 2.80431e-05 1.14562e-06 0.00000e+00
0.00000e+00 2.68619e-05 1.32891e-06 0.00000e+00
0.00000e+00 2.56714e-05 1.53571e-06 0.00000e+00
0.00000e+00 2.44826e-05 1.76733e-06 0.00000e+00
0.00000e+00 2.33083e-05 2.02457e-06 0.00000e+00
0.00000e+00 2.21622e-05 2.30755e-06 0.00000e+00
0.00000e+00 2.10587e-05 2.61542e-06 0.00000e+00
0.00000e+00 2.00123e-05 2.94615e-06 0.00000e+00
0.00000e+00 1.90373e-05 3.29618e-06 0.00000e+00
0.00000e+00 1.81463e-05 3.66018e-06 0.00000e+00
0.00000e+00 1.73493e-05 4.03080e-06 0.00000e+00
0.00000e+00 1.66530e-05 4.39851e-06 0.00000e+00
0.00000e+00 1.60591e-05 4.75161e-06 0.00000e+00
0.00000e+00 1.55634e-05 5.07641e-06 0.00000e+00
0.00000e+00 1.51551e-05 5.35780e-06 0.00000e+00
0.00000e+00 1.48165e-05 5.58013e-06 0.00000e+00
0.00000e+00 1.45234e-05 5.72852e-06 0.00000e+00
0.00000e+00 1.42463e-05 5.79064e-06 0.00000e+00
0.00000e+00 1.39535e-05 5.75883e-06 0.00000e+00
0.00000e+00 1.36142e-05 5.63235e-06 0.00000e+00
0.00000e+00 1.32036e-05 5.41952e-06 0.00000e+00
0.00000e+00 1.27075e-05 5.13902e-06 0.00000e+00
0.00000e+00 1.21271e-05 4.81997e-06 0.00000e+00
0.00000e+00 1.14818e-05 4.49990e-06 0.00000e+00
0.00000e+00 1.08085e-05 4.22022e-06 0.00000e+00
0.00000e+00 1.01570e-05 4.01919e-06 0.00000e+00
0.00000e+00 9.58071e-06 3.92293e-06 0.00000e+00
0.00000e+00 9.12265e-06 3.93659e-06 0.00000e+00
0.00000e+00 8.80149e-06 4.03820e-06 0.00000e+00
0.00000e+00 8.60075e-06 4.17905e-06 0.00000e+00
0.00000e+00 8.46768e-06 4.29307e-06 0.00000e+00
0.00000e+00 8.32588e-06 4.31595e-06 0.00000e+00
0.00000e+00 8.10186e-06 4.20984e-06 0.00000e+00
0.00000e+00 7.75790e-06 3.98455e-06 0.00000e+00
0.00000e+00 7.31666e-06 3.70279e-06 0.00000e+00
0.00000e+00 6.85982e-06 3.45941e-06 0.00000e+00
0.00000e+00 6.49125e-06 3.33591e-06 0.00000e+00
0.00000e+00 6.27536e-06 3.34927e-06 0.00000e+00
0.00000e+00 6.18590e-06 3.42905e-06 0.00000e+00
0.00000e+00 6.10959e-06 3.45210e-06 0.00000e+00
0.00000e+00 5.92301e-06 3.32976e-06 0.00000e+00
0.00000e+00 5.59915e-06 3.08959e-06 0.00000e+00
0.00000e+00 5.24811e-06 2.86939e-06 0.00000e+00
0.00000e+00 5.02329e-06 2.79583e-06 0.00000e+00
0.00000e+00 4.95432e-06 2.84348e-06 0.00000e+00
0.00000e+00 4.89248e-06 2.84271e-06 0.00000e+00
0.00000e+00 4.68226e-06 2.67934e-06 0.00000e+00
0.00000e+00 4.38223e-06 2.46290e-06 0.00000e+00
0.00000e+00 4.20051e-06 2.38919e-06 0.00000e+00
0.00000e+00 4.16525e-06 2.42975e-06 0.00000e+00
0.00000e+00 4.05453e-06 2.35774e-06 0.00000e+00
0.00000e+00 3.79797e-06 2.15935e-06 0.00000e+00
0.00000e+00 3.63381e-06 2.08096e-06 0.00000e+00
0.00000e+00 3.60690e-06 2.11198e-06 0.00000e+00
0.00000e+00 3.45171e-06 1.99393e-06 0.00000e+00
0.00000e+00 3.23901e-06 1.84821e-06 0.00000e+00
0.00000e+00 3.19745e-06 1.86886e-06 0.00000e+00
0.00000e+00 3.07946e-06 1.78747e-06 0.00000e+00
0.00000e+00 2.88947e-06 1.65830e-06 0.00000e+00
0.00000e+00 2.85896e-06 1.68070e-06 0.00000e+00
0.00000e+00 2.70083e-06 1.56308e-06 0.00000e+00
0.00000e+00 2.59509e-06 1.51768e-06 0.00000e+00
0.00000e+00 2.52319e-06 1.48533e-06 0.00000e+00
0.00000e+00 2.37106e-06 1.38777e-06 0.00000e+00
0.00000e+00 2.32823e-06 1.38828e-06 0.00000e+00
0.00000e+00 2.17708e-06 1.28757e-06 0.00000e+00
0.00000e+00 2.13315e-06 1.28707e-06 0.00000e+00
0.00000e+00 2.00240e-06 1.20624e-06 0.00000e+00
0.00000e+00 1.93691e-06 1.18190e-06 0.00000e+00
0.00000e+00 1.85256e-06 1.14685e-06 0.00000e+00
0.00000e+00 1.74244e-06 1.07838e-06 0.00000e+00
0.00000e+00 1.69646e-06 1.07576e-06 0.00000e+00
0.00000e+00 1.60550e-06 1.03011e-06 0.00000e+00
0.00000e+00 1.50903e-06 9.74292e-07 0.00000e+00
0.00000e+00 1.45093e-06 9.56107e-07 0.00000e+00
0.00000e+00 1.39424e-06 9.40480e-07 0.00000e+00
0.00000e+00 1.32134e-06 9.07844e-07 0.00000e+00
0.00000e+00 1.24450e-06 8.69491e-07 0.00000e+00
0.00000e+00 1.17341e-06 8.35419e-07 0.00000e+00
0.00000e+00 1.10876e-06 8.06704e-07 0.00000e+00
0.00000e+00 1.04879e-06 7.81699e-07 0.00000e+00
0.00000e+00 9.93099e-07 7.59928e-07 0.00000e+00
0.00000e+00 9.42322e-07 7.41856e-07 0.00000e+00
0.00000e+00 8.94459e-07 7.25230e-07 0.00000e+00
0.00000e+00 8.40966e-07 7.01525e-07 0.00000e+00
0.00000e+00 7.79793e-07 6.69369e-07 0.00000e+00
0.00000e+00 7.34693e-07 6.52477e-07 0.00000e+00
0.00000e+00 6.96097e-07 6.39844e-07 0.00000e+00
0.00000e+00 6.40691e-07 6.09663e-07 0.00000e+00
0.00000e+00 6.09336e-07 6.01863e-07 0.00000e+00
0.00000e+00 5.60679e-07 5.75731e-07 0.00000e+00
0.00000e+00 5.23497e-07 5.59172e-07 0.00000e+00
0.00000e+00 4.92835e-07 5.48145e-07 0.00000e+00
0.00000e+00 4.57091e-07 5.30690e-07 0.00000e+00
0.00000e+00 4.22234e-07 5.12632e-07 0.00000e+00
0.00000e+00 3.91039e-07 4.96824e-07 0.00000e+00
0.00000e+00 3.62950e-07 4.82729e-07 0.00000e+00
