# Parameters:
# omega_b = 0.021887, omega_m = 0.143710, n_s = 0.998387, h = 71.451613, w = -1.000000, sigma_8 = 0.767419
# z = 1.370000
#
# k[1/Mpc] # P(k):
8.694000e-04 2.968827e+03 
2.077466e-03 6.543323e+03 
3.285532e-03 9.428155e+03 
4.493598e-03 1.170916e+04 
5.701664e-03 1.345630e+04 
6.909730e-03 1.474265e+04 
8.117797e-03 1.565933e+04 
9.325863e-03 1.625369e+04 
1.053393e-02 1.657585e+04 
1.174199e-02 1.667329e+04 
1.295006e-02 1.657614e+04 
1.415813e-02 1.632596e+04 
1.536619e-02 1.595864e+04 
1.657426e-02 1.549785e+04 
1.778233e-02 1.496298e+04 
1.899039e-02 1.438537e+04 
2.019846e-02 1.378946e+04 
2.140652e-02 1.319699e+04 
2.261459e-02 1.261601e+04 
2.382266e-02 1.205732e+04 
2.503072e-02 1.152988e+04 
2.623879e-02 1.103772e+04 
2.744685e-02 1.058253e+04 
2.865492e-02 1.016688e+04 
2.986299e-02 9.789744e+03 
3.100100e-02 9.469265e+03 
3.220400e-02 9.164958e+03 
3.288100e-02 9.009075e+03 
3.424300e-02 8.724662e+03 
3.555100e-02 8.483406e+03 
3.686000e-02 8.269164e+03 
3.795000e-02 8.107434e+03 
3.929100e-02 7.926024e+03 
4.039800e-02 7.786309e+03 
4.164000e-02 7.636704e+03 
4.294400e-02 7.482034e+03 
4.415000e-02 7.340475e+03 
4.542900e-02 7.185258e+03 
4.660900e-02 7.039556e+03 
4.782300e-02 6.879194e+03 
4.892900e-02 6.728555e+03 
5.031200e-02 6.531503e+03 
5.155900e-02 6.344949e+03 
5.238100e-02 6.218642e+03 
5.378200e-02 5.998980e+03 
5.513400e-02 5.782020e+03 
5.627600e-02 5.596890e+03 
5.735300e-02 5.422441e+03 
5.870100e-02 5.205945e+03 
5.988700e-02 5.019407e+03 
6.113500e-02 4.828547e+03 
6.225900e-02 4.663375e+03 
6.340100e-02 4.503954e+03 
6.480200e-02 4.321344e+03 
6.601100e-02 4.177628e+03 
6.725500e-02 4.043379e+03 
6.829100e-02 3.943154e+03 
6.958600e-02 3.829800e+03 
7.071100e-02 3.742710e+03 
7.192300e-02 3.659024e+03 
7.307400e-02 3.588279e+03 
7.412300e-02 3.530285e+03 
7.550400e-02 3.462826e+03 
7.663100e-02 3.413129e+03 
7.791200e-02 3.362569e+03 
7.912700e-02 3.318462e+03 
8.027600e-02 3.278878e+03 
8.138400e-02 3.241901e+03 
8.272200e-02 3.197881e+03 
8.406100e-02 3.153488e+03 
8.534100e-02 3.109175e+03 
8.653800e-02 3.065354e+03 
8.759800e-02 3.025018e+03 
8.900300e-02 2.968729e+03 
9.009000e-02 2.922493e+03 
9.113300e-02 2.875539e+03 
9.239600e-02 2.817082e+03 
9.358000e-02 2.760031e+03 
9.496100e-02 2.690509e+03 
9.608400e-02 2.633268e+03 
9.727500e-02 2.572487e+03 
9.852600e-02 2.507141e+03 
9.973800e-02 2.445003e+03 
1.009000e-01 2.386584e+03 
1.020900e-01 2.328089e+03 
1.034000e-01 2.266194e+03 
1.046000e-01 2.211798e+03 
1.057200e-01 2.164237e+03 
1.069100e-01 2.115983e+03 
1.082500e-01 2.065931e+03 
1.093900e-01 2.026660e+03 
1.105400e-01 1.989290e+03 
1.116900e-01 1.956037e+03 
1.129600e-01 1.921417e+03 
1.142000e-01 1.891444e+03 
1.153300e-01 1.865953e+03 
1.166400e-01 1.838906e+03 
1.177800e-01 1.817344e+03 
1.190000e-01 1.795473e+03 
1.201200e-01 1.776775e+03 
1.213400e-01 1.757052e+03 
1.227100e-01 1.735738e+03 
1.238900e-01 1.717719e+03 
1.250700e-01 1.699628e+03 
1.263200e-01 1.680512e+03 
1.275500e-01 1.661252e+03 
1.287500e-01 1.642217e+03 
1.299900e-01 1.621924e+03 
1.311300e-01 1.602882e+03 
1.323500e-01 1.581744e+03 
1.335900e-01 1.559889e+03 
1.347100e-01 1.539446e+03 
1.359800e-01 1.516121e+03 
1.372100e-01 1.492738e+03 
1.384300e-01 1.469633e+03 
1.395700e-01 1.447464e+03 
1.407700e-01 1.424550e+03 
1.420300e-01 1.400083e+03 
1.432800e-01 1.376386e+03 
1.444500e-01 1.354338e+03 
1.456300e-01 1.332593e+03 
1.468900e-01 1.310165e+03 
1.480500e-01 1.290055e+03 
1.491700e-01 1.271403e+03 
1.503800e-01 1.252132e+03 
1.516400e-01 1.232733e+03 
1.528200e-01 1.215964e+03 
1.540200e-01 1.199255e+03 
1.551900e-01 1.184361e+03 
1.564300e-01 1.169147e+03 
1.576600e-01 1.154900e+03 
1.588700e-01 1.141810e+03 
1.600900e-01 1.128907e+03 
1.612700e-01 1.117487e+03 
1.625400e-01 1.105425e+03 
1.637600e-01 1.094290e+03 
1.649500e-01 1.083763e+03 
1.662200e-01 1.072720e+03 
1.674000e-01 1.062579e+03 
1.685000e-01 1.053282e+03 
1.697500e-01 1.042658e+03 
1.710300e-01 1.031737e+03 
1.722200e-01 1.021764e+03 
1.734400e-01 1.011045e+03 
1.746400e-01 1.000656e+03 
1.758700e-01 9.899576e+02 
1.770900e-01 9.790555e+02 
1.782700e-01 9.686908e+02 
1.794600e-01 9.580677e+02 
1.807000e-01 9.469565e+02 
1.819100e-01 9.363022e+02 
1.830100e-01 9.264796e+02 
1.842200e-01 9.158005e+02 
1.855000e-01 9.046963e+02 
1.867000e-01 8.943543e+02 
1.879200e-01 8.840172e+02 
1.890900e-01 8.742808e+02 
1.902800e-01 8.646053e+02 
1.915200e-01 8.546906e+02 
1.926900e-01 8.455422e+02 
1.939000e-01 8.364068e+02 
1.951700e-01 8.269765e+02 
1.963100e-01 8.187195e+02 
1.975100e-01 8.103563e+02 
1.987800e-01 8.016466e+02 
2.000100e-01 7.934268e+02 
2.012500e-01 7.854564e+02 
2.023400e-01 7.785530e+02 
2.036100e-01 7.706702e+02 
2.048900e-01 7.630135e+02 
2.060400e-01 7.562370e+02 
2.072200e-01 7.493919e+02 
2.084200e-01 7.426432e+02 
2.096900e-01 7.356068e+02 
2.109200e-01 7.288938e+02 
2.121100e-01 7.225251e+02 
2.132700e-01 7.164048e+02 
2.145200e-01 7.099030e+02 
2.157200e-01 7.037422e+02 
2.168800e-01 6.978647e+02 
2.180700e-01 6.919170e+02 
2.193400e-01 6.856429e+02 
2.206000e-01 6.794781e+02 
2.217500e-01 6.739287e+02 
2.229500e-01 6.682151e+02 
2.241400e-01 6.625762e+02 
2.253500e-01 6.569185e+02 
2.264900e-01 6.516581e+02 
2.277100e-01 6.460855e+02 
2.289900e-01 6.403009e+02 
2.301500e-01 6.351291e+02 
2.313600e-01 6.298043e+02 
2.325600e-01 6.245790e+02 
2.337700e-01 6.193790e+02 
2.350000e-01 6.141628e+02 
2.362000e-01 6.091437e+02 
2.374100e-01 6.041520e+02 
2.386500e-01 5.991032e+02 
2.399100e-01 5.940408e+02 
2.410400e-01 5.895785e+02 
2.422500e-01 5.848615e+02 
2.435000e-01 5.800510e+02 
2.447300e-01 5.753847e+02 
2.458700e-01 5.711385e+02 
2.470600e-01 5.667589e+02 
2.483300e-01 5.621436e+02 
2.495600e-01 5.577418e+02 
2.507600e-01 5.535157e+02 
2.519600e-01 5.493406e+02 
2.532200e-01 5.450105e+02 
2.543700e-01 5.411188e+02 
2.555500e-01 5.371803e+02 
2.568000e-01 5.330581e+02 
2.580100e-01 5.291158e+02 
2.592400e-01 5.251652e+02 
2.604100e-01 5.214551e+02 
2.616100e-01 5.176934e+02 
2.628400e-01 5.138826e+02 
2.640600e-01 5.101507e+02 
2.652200e-01 5.066440e+02 
2.664300e-01 5.030272e+02 
2.676500e-01 4.994223e+02 
2.688400e-01 4.959438e+02 
2.700700e-01 4.923879e+02 
2.712400e-01 4.890433e+02 
2.724800e-01 4.855381e+02 
2.736700e-01 4.822112e+02 
2.748800e-01 4.788649e+02 
2.761000e-01 4.755284e+02 
2.773200e-01 4.722290e+02 
2.785400e-01 4.689643e+02 
2.797000e-01 4.658896e+02 
2.808900e-01 4.627687e+02 
2.821400e-01 4.595263e+02 
2.833900e-01 4.563197e+02 
2.845500e-01 4.533697e+02 
2.857800e-01 4.502747e+02 
2.870300e-01 4.471638e+02 
2.882100e-01 4.442584e+02 
2.893900e-01 4.413808e+02 
2.906300e-01 4.383876e+02 
2.918900e-01 4.353792e+02 
2.930500e-01 4.326384e+02 
2.942500e-01 4.298311e+02 
2.954200e-01 4.271188e+02 
2.966500e-01 4.242966e+02 
2.978900e-01 4.214814e+02 
2.990400e-01 4.188970e+02 
3.002700e-01 4.161585e+02 
3.015100e-01 4.134256e+02 
3.026800e-01 4.108729e+02 
3.038500e-01 4.083451e+02 
3.050300e-01 4.058206e+02 
3.062600e-01 4.032141e+02 
3.075000e-01 4.006132e+02 
3.087000e-01 3.981213e+02 
3.099100e-01 3.956335e+02 
3.111200e-01 3.931714e+02 
3.123100e-01 3.907755e+02 
3.135300e-01 3.883431e+02 
3.147300e-01 3.859739e+02 
3.159900e-01 3.835108e+02 
3.171800e-01 3.812091e+02 
3.183700e-01 3.789304e+02 
3.196300e-01 3.765410e+02 
3.208400e-01 3.742689e+02 
3.220300e-01 3.720554e+02 
3.232000e-01 3.699036e+02 
3.244300e-01 3.676643e+02 
3.256700e-01 3.654286e+02 
3.269200e-01 3.631965e+02 
3.280800e-01 3.611445e+02 
3.292500e-01 3.590996e+02 
3.304800e-01 3.569716e+02 
3.317100e-01 3.548636e+02 
3.328900e-01 3.528598e+02 
3.340700e-01 3.508739e+02 
3.353600e-01 3.487304e+02 
3.365300e-01 3.468071e+02 
3.377100e-01 3.448844e+02 
3.389200e-01 3.429304e+02 
3.401600e-01 3.409461e+02 
3.413700e-01 3.390347e+02 
3.425300e-01 3.372232e+02 
3.437700e-01 3.353039e+02 
3.449800e-01 3.334479e+02 
3.461800e-01 3.316234e+02 
3.473600e-01 3.298482e+02 
3.485800e-01 3.280372e+02 
3.498100e-01 3.262275e+02 
3.510200e-01 3.244628e+02 
3.522000e-01 3.227567e+02 
3.533900e-01 3.210506e+02 
3.546400e-01 3.192856e+02 
3.558400e-01 3.176065e+02 
3.570600e-01 3.159140e+02 
3.582700e-01 3.142497e+02 
3.595000e-01 3.125724e+02 
3.607100e-01 3.109428e+02 
3.618900e-01 3.093718e+02 
3.631200e-01 3.077479e+02 
3.643200e-01 3.061769e+02 
3.655500e-01 3.045801e+02 
3.667300e-01 3.030608e+02 
3.679500e-01 3.015154e+02 
3.691900e-01 2.999577e+02 
3.703600e-01 2.985000e+02 
3.715700e-01 2.970046e+02 
3.727700e-01 2.955335e+02 
3.739900e-01 2.940542e+02 
3.752000e-01 2.926061e+02 
3.763900e-01 2.911934e+02 
3.775800e-01 2.897919e+02 
3.788200e-01 2.883432e+02 
3.800300e-01 2.869410e+02 
3.812100e-01 2.855898e+02 
3.824200e-01 2.842186e+02 
3.836100e-01 2.828807e+02 
3.848600e-01 2.814865e+02 
3.860400e-01 2.801808e+02 
3.872400e-01 2.788631e+02 
3.884600e-01 2.775410e+02 
3.896500e-01 2.762640e+02 
3.908700e-01 2.749648e+02 
3.920600e-01 2.737074e+02 
3.933100e-01 2.723968e+02 
3.945300e-01 2.711277e+02 
3.957200e-01 2.699060e+02 
3.969300e-01 2.686752e+02 
3.981700e-01 2.674236e+02 
3.993500e-01 2.662415e+02 
4.094840e-01 2.564681e+02 
4.272360e-01 2.408932e+02 
4.454600e-01 2.266129e+02 
4.630560e-01 2.142087e+02 
4.804610e-01 2.030865e+02 
4.980690e-01 1.928372e+02 
5.159230e-01 1.833444e+02 
5.317440e-01 1.756033e+02 
5.489640e-01 1.678199e+02 
5.671990e-01 1.602333e+02 
5.838690e-01 1.538264e+02 
6.018840e-01 1.474152e+02 
6.202330e-01 1.413861e+02 
6.379250e-01 1.359952e+02 
6.545410e-01 1.312899e+02 
6.714560e-01 1.268102e+02 
6.892080e-01 1.224232e+02 
7.066010e-01 1.184124e+02 
7.240540e-01 1.146396e+02 
7.420450e-01 1.110039e+02 
7.593780e-01 1.077187e+02 
7.764720e-01 1.046654e+02 
7.942840e-01 1.016692e+02 
8.116170e-01 9.892171e+01 
8.288310e-01 9.634425e+01 
8.462240e-01 9.387827e+01 
8.631980e-01 9.159498e+01 
8.810700e-01 8.931258e+01 
8.989410e-01 8.714600e+01 
9.166330e-01 8.510664e+01 
9.345640e-01 8.313886e+01 
9.515980e-01 8.135503e+01 
9.688720e-01 7.962447e+01 
9.865640e-01 7.792979e+01 
1.031870e+00 7.390357e+01 
1.063490e+00 7.133173e+01 
1.097920e+00 6.872900e+01 
1.134370e+00 6.616619e+01 
1.167730e+00 6.397903e+01 
1.203830e+00 6.175984e+01 
1.240470e+00 5.965175e+01 
1.275790e+00 5.774017e+01 
1.309140e+00 5.603842e+01 
1.342970e+00 5.439715e+01 
1.378420e+00 5.276981e+01 
1.413200e+00 5.125412e+01 
1.448110e+00 4.980584e+01 
1.484090e+00 4.838724e+01 
1.518820e+00 4.708113e+01 
1.552880e+00 4.585615e+01 
1.588630e+00 4.462618e+01 
1.623230e+00 4.348822e+01 
1.657720e+00 4.240072e+01 
1.692450e+00 4.135077e+01 
1.726400e+00 4.036254e+01 
1.762200e+00 3.936040e+01 
1.797880e+00 3.840180e+01 
1.833270e+00 3.748750e+01 
1.869070e+00 3.659649e+01 
1.903200e+00 3.577826e+01 
1.937740e+00 3.497893e+01 
1.973190e+00 3.418690e+01 
2.007440e+00 3.344802e+01 
2.042160e+00 3.272385e+01 
2.077900e+00 3.200300e+01 
2.112390e+00 3.133056e+01 
2.146220e+00 3.069069e+01 
2.181600e+00 3.004289e+01 
2.216930e+00 2.941629e+01 
2.250760e+00 2.883469e+01 
2.286500e+00 2.823893e+01 
2.321770e+00 2.766893e+01 
2.355950e+00 2.713290e+01 
2.391280e+00 2.659369e+01 
2.426240e+00 2.607570e+01 
2.460670e+00 2.558047e+01 
2.495640e+00 2.509212e+01 
2.531080e+00 2.460980e+01 
2.566220e+00 2.414477e+01 
2.600830e+00 2.369951e+01 
2.635080e+00 2.327097e+01 
2.670340e+00 2.284010e+01 
2.705970e+00 2.241676e+01 
2.740040e+00 2.202290e+01 
2.774520e+00 2.163366e+01 
2.809730e+00 2.124599e+01 
2.844390e+00 2.087441e+01 
2.879960e+00 2.050246e+01 
2.914860e+00 2.014629e+01 
2.949410e+00 1.980273e+01 
2.984440e+00 1.946225e+01 
3.019760e+00 1.912730e+01 
3.054730e+00 1.880414e+01 
3.089030e+00 1.849350e+01 
3.124060e+00 1.818412e+01 
3.159560e+00 1.787800e+01 
3.194710e+00 1.758164e+01 
3.229010e+00 1.729958e+01 
3.263320e+00 1.702259e+01 
3.297930e+00 1.674988e+01 
3.332830e+00 1.648084e+01 
3.368040e+00 1.621542e+01 
3.403300e+00 1.595575e+01 
3.438450e+00 1.570211e+01 
3.473060e+00 1.545835e+01 
3.508440e+00 1.521371e+01 
3.543110e+00 1.497970e+01 
3.577470e+00 1.475203e+01 
3.613040e+00 1.452173e+01 
3.648120e+00 1.429912e+01 
3.682910e+00 1.408313e+01 
3.718050e+00 1.386917e+01 
3.753320e+00 1.365905e+01 
3.787980e+00 1.345670e+01 
3.822290e+00 1.326052e+01 
3.857020e+00 1.306573e+01 
3.891920e+00 1.287399e+01 
3.926650e+00 1.268668e+01 
3.961970e+00 1.250019e+01 
3.997360e+00 1.231685e+01 
4.031670e+00 1.214288e+01 
4.066330e+00 1.197023e+01 
4.101420e+00 1.179922e+01 
4.136200e+00 1.163237e+01 
4.170810e+00 1.146989e+01 
4.206250e+00 1.130645e+01 
4.241580e+00 1.114691e+01 
4.276300e+00 1.099289e+01 
4.310970e+00 1.084199e+01 
4.346120e+00 1.069193e+01 
4.380600e+00 1.054735e+01 
4.414730e+00 1.040709e+01 
4.450350e+00 1.026307e+01 
4.485320e+00 1.012456e+01 
4.519810e+00 9.990249e+00 
4.555430e+00 9.854112e+00 
4.590870e+00 9.721237e+00 
4.625480e+00 9.593714e+00 
4.659910e+00 9.469304e+00 
4.695230e+00 9.343753e+00 
4.729960e+00 9.222625e+00 
4.764450e+00 9.104430e+00 
4.799530e+00 8.986177e+00 
4.834910e+00 8.869189e+00 
4.869700e+00 8.756052e+00 
4.904370e+00 8.645355e+00 
4.939450e+00 8.535345e+00 
4.973940e+00 8.428968e+00 
5.008430e+00 8.324518e+00 
5.043810e+00 8.219111e+00 
5.078840e+00 8.116528e+00 
5.113500e+00 8.016852e+00 
5.148890e+00 7.916636e+00 
5.184210e+00 7.818408e+00 
5.219060e+00 7.723166e+00 
5.253660e+00 7.630139e+00 
5.288570e+00 7.537911e+00 
5.323420e+00 7.447355e+00 
5.358440e+00 7.357835e+00 
5.393590e+00 7.269533e+00 
5.428310e+00 7.183704e+00 
5.462800e+00 7.099826e+00 
5.497640e+00 7.016518e+00 
5.532670e+00 6.934075e+00 
5.567280e+00 6.853948e+00 
5.602000e+00 6.774892e+00 
5.637270e+00 6.695841e+00 
5.672410e+00 6.618369e+00 
5.707020e+00 6.543309e+00 
5.742040e+00 6.468559e+00 
5.777430e+00 6.394242e+00 
5.812210e+00 6.322384e+00 
5.846820e+00 6.251956e+00 
5.881610e+00 6.182264e+00 
5.916510e+00 6.113455e+00 
5.951600e+00 6.045333e+00 
5.986560e+00 5.978516e+00 
6.021830e+00 5.912160e+00 
6.056490e+00 5.847973e+00 
6.091160e+00 5.784756e+00 
6.125830e+00 5.722501e+00 
6.161090e+00 5.660158e+00 
6.195760e+00 5.599800e+00 
6.230420e+00 5.540362e+00 
6.265690e+00 5.480788e+00 
6.300950e+00 5.422133e+00 
6.335620e+00 5.365317e+00 
6.370880e+00 5.308390e+00 
6.405550e+00 5.253275e+00 
6.440220e+00 5.198974e+00 
6.475480e+00 5.144554e+00 
6.510150e+00 5.091831e+00 
6.544810e+00 5.039898e+00 
6.580080e+00 4.987810e+00 
6.614750e+00 4.937340e+00 
6.649410e+00 4.887656e+00 
6.684080e+00 4.838667e+00 
6.719340e+00 4.789545e+00 
6.754010e+00 4.741943e+00 
6.788680e+00 4.695046e+00 
6.823940e+00 4.648012e+00 
6.859800e+00 4.600851e+00 
6.894470e+00 4.555930e+00 
6.929140e+00 4.511634e+00 
6.963800e+00 4.467948e+00 
6.999070e+00 4.424103e+00 
7.033730e+00 4.381674e+00 
7.068400e+00 4.339799e+00 
7.103660e+00 4.297780e+00 
7.138330e+00 4.257042e+00 
7.173600e+00 4.216205e+00 
7.208260e+00 4.176603e+00 
7.243530e+00 4.136833e+00 
7.277600e+00 4.098948e+00 
7.312860e+00 4.060277e+00 
7.348120e+00 4.022111e+00 
7.382790e+00 3.985067e+00 
7.417460e+00 3.948560e+00 
7.452720e+00 3.911940e+00 
7.487390e+00 3.876391e+00 
7.522650e+00 3.840696e+00 
7.557320e+00 3.806107e+00 
7.591990e+00 3.771974e+00 
7.627250e+00 3.737693e+00 
7.662510e+00 3.703843e+00 
7.697180e+00 3.671039e+00 
7.731850e+00 3.638662e+00 
7.766510e+00 3.606688e+00 
7.801180e+00 3.575093e+00 
7.836440e+00 3.543409e+00 
7.871110e+00 3.512668e+00 
7.906380e+00 3.481774e+00 
7.941040e+00 3.451779e+00 
7.976310e+00 3.421654e+00 
8.011570e+00 3.391940e+00 
8.046240e+00 3.363070e+00 
8.080900e+00 3.334546e+00 
8.115570e+00 3.306370e+00 
8.150830e+00 3.278136e+00 
8.185500e+00 3.250698e+00 
8.220770e+00 3.223110e+00 
8.255430e+00 3.196313e+00 
8.290100e+00 3.169889e+00 
8.324770e+00 3.143775e+00 
8.359430e+00 3.117964e+00 
8.394700e+00 3.091999e+00 
8.429960e+00 3.066386e+00 
8.464630e+00 3.041534e+00 
8.499890e+00 3.016545e+00 
8.534560e+00 2.992249e+00 
8.569200e+00 2.968243e+00 
