0.00000e+00 5.68649e-05 1.28903e-06 0.00000e+00
0.00000e+00 5.49041e-05 1.50925e-06 0.00000e+00
0.00000e+00 5.28827e-05 1.76211e-06 0.00000e+00
0.00000e+00 5.08130e-05 2.05096e-06 0.00000e+00
0.00000e+00 4.87098e-05 2.37898e-06 0.00000e+00
0.00000e+00 4.65907e-05 2.74907e-06 0.00000e+00
0.00000e+00 4.44759e-05 3.16351e-06 0.00000e+00
0.00000e+00 4.23881e-05 3.62375e-06 0.00000e+00
0.00000e+00 4.03520e-05 4.12995e-06 0.00000e+00
0.00000e+00 3.83933e-05 4.68059e-06 0.00000e+00
0.00000e+00 3.65383e-05 5.27197e-06 0.00000e+00
0.00000e+00 3.48123e-05 5.89770e-06 0.00000e+00
0.00000e+00 3.32378e-05 6.54818e-06 0.00000e+00
0.00000e+00 3.18330e-05 7.21019e-06 0.00000e+00
0.00000e+00 3.06096e-05 7.86660e-06 0.00000e+00
0.00000e+00 2.95704e-05 8.49640e-06 0.00000e+00
0.00000e+00 2.87080e-05 9.07502e-06 0.00000e+00
0.00000e+00 2.80028e-05 9.57535e-06 0.00000e+00
0.00000e+00 2.74227e-05 9.96928e-06 0.00000e+00
0.00000e+00 2.69240e-05 1.02301e-05 0.00000e+00
0.00000e+00 2.64541e-05 1.03358e-05 0.00000e+00
0.00000e+00 2.59554e-05 1.02726e-05 0.00000e+00
0.00000e+00 2.53727e-05 1.00393e-05 0.00000e+00
0.00000e+00 2.46612e-05 9.65076e-06 0.00000e+00
0.00000e+00 2.37953e-05 9.14070e-06 0.00000e+00
0.00000e+00 2.27772e-05 8.56141e-06 0.00000e+00
0.00000e+00 2.16412e-05 7.98032e-06 0.00000e+00
0.00000e+00 2.04535e-05 7.47187e-06 0.00000e+00
0.00000e+00 1.93037e-05 7.10474e-06 0.00000e+00
0.00000e+00 1.82871e-05 6.92594e-06 0.00000e+00
0.00000e+00 1.74810e-05 6.94474e-06 0.00000e+00
0.00000e+00 1.69188e-05 7.12184e-06 0.00000e+00
0.00000e+00 1.65709e-05 7.36984e-06 0.00000e+00
0.00000e+00 1.63426e-05 7.57027e-06 0.00000e+00
0.00000e+00 1.60967e-05 7.60775e-06 0.00000e+00
0.00000e+00 1.57013e-05 7.41442e-06 0.00000e+00
0.00000e+00 1.50888e-05 7.00791e-06 0.00000e+00
0.00000e+00 1.42998e-05 6.50075e-06 0.00000e+00
0.00000e+00 1.34808e-05 6.06317e-06 0.00000e+00
0.00000e+00 1.28182e-05 5.84141e-06 0.00000e+00
0.00000e+00 1.24278e-05 5.86598e-06 0.00000e+00
0.00000e+00 1.22623e-05 6.01050e-06 0.00000e+00
0.00000e+00 1.21188e-05 6.05405e-06 0.00000e+00
0.00000e+00 1.17759e-05 5.83753e-06 0.00000e+00
0.00000e+00 1.11851e-05 5.41035e-06 0.00000e+00
0.00000e+00 1.05442e-05 5.01972e-06 0.00000e+00
0.00000e+00 1.01283e-05 4.89283e-06 0.00000e+00
0.00000e+00 9.99092e-06 4.98405e-06 0.00000e+00
0.00000e+00 9.86522e-06 4.98899e-06 0.00000e+00
0.00000e+00 9.47235e-06 4.70274e-06 0.00000e+00
0.00000e+00 8.91746e-06 4.32173e-06 0.00000e+00
0.00000e+00 8.57400e-06 4.19714e-06 0.00000e+00
0.00000e+00 8.49258e-06 4.27786e-06 0.00000e+00
0.00000e+00 8.27517e-06 4.15685e-06 0.00000e+00
0.00000e+00 7.79553e-06 3.80927e-06 0.00000e+00
0.00000e+00 7.48112e-06 3.67707e-06 0.00000e+00
0.00000e+00 7.41249e-06 3.74117e-06 0.00000e+00
0.00000e+00 7.11333e-06 3.53783e-06 0.00000e+00
0.00000e+00 6.71064e-06 3.28475e-06 0.00000e+00
0.00000e+00 6.61468e-06 3.33005e-06 0.00000e+00
0.00000e+00 6.38133e-06 3.19216e-06 0.00000e+00
0.00000e+00 6.01863e-06 2.96837e-06 0.00000e+00
0.00000e+00 5.94188e-06 3.01633e-06 0.00000e+00
0.00000e+00 5.63610e-06 2.81289e-06 0.00000e+00
0.00000e+00 5.42427e-06 2.73878e-06 0.00000e+00
0.00000e+00 5.27315e-06 2.68787e-06 0.00000e+00
0.00000e+00 4.97815e-06 2.51974e-06 0.00000e+00
0.00000e+00 4.87934e-06 2.52727e-06 0.00000e+00
0.00000e+00 4.58633e-06 2.35294e-06 0.00000e+00
0.00000e+00 4.48583e-06 2.35811e-06 0.00000e+00
0.00000e+00 4.22967e-06 2.21877e-06 0.00000e+00
0.00000e+00 4.09087e-06 2.18056e-06 0.00000e+00
0.00000e+00 3.91848e-06 2.12281e-06 0.00000e+00
0.00000e+00 3.69995e-06 2.00468e-06 0.00000e+00
0.00000e+00 3.59672e-06 2.00437e-06 0.00000e+00
0.00000e+00 3.41302e-06 1.92652e-06 0.00000e+00
0.00000e+00 3.21965e-06 1.83011e-06 0.00000e+00
0.00000e+00 3.09532e-06 1.80089e-06 0.00000e+00
0.00000e+00 2.97375e-06 1.77597e-06 0.00000e+00
0.00000e+00 2.82337e-06 1.72025e-06 0.00000e+00
0.00000e+00 2.66619e-06 1.65403e-06 0.00000e+00
0.00000e+00 2.51964e-06 1.59526e-06 0.00000e+00
0.00000e+00 2.38497e-06 1.54589e-06 0.00000e+00
0.00000e+00 2.25908e-06 1.50300e-06 0.00000e+00
0.00000e+00 2.14127e-06 1.46573e-06 0.00000e+00
0.00000e+00 2.03274e-06 1.43495e-06 0.00000e+00
0.00000e+00 1.92985e-06 1.40656e-06 0.00000e+00
0.00000e+00 1.81733e-06 1.36530e-06 0.00000e+00
0.00000e+00 1.69151e-06 1.30869e-06 0.00000e+00
0.00000e+00 1.59499e-06 1.27926e-06 0.00000e+00
0.00000e+00 1.51061e-06 1.25728e-06 0.00000e+00
0.00000e+00 1.39656e-06 1.20364e-06 0.00000e+00
0.00000e+00 1.32613e-06 1.18995e-06 0.00000e+00
0.00000e+00 1.22518e-06 1.14321e-06 0.00000e+00
0.00000e+00 1.14532e-06 1.11348e-06 0.00000e+00
0.00000e+00 1.07770e-06 1.09352e-06 0.00000e+00
0.00000e+00 1.00146e-06 1.06186e-06 0.00000e+00
0.00000e+00 9.27338e-07 1.02896e-06 0.00000e+00
0.00000e+00 8.60297e-07 9.99934e-07 0.00000e+00
0.00000e+00 7.99350e-07 9.73837e-07 0.00000e+00
