0.00000e+00 4.49775e-05 1.00957e-06 0.00000e+00
0.00000e+00 4.34470e-05 1.18201e-06 0.00000e+00
0.00000e+00 4.18696e-05 1.38001e-06 0.00000e+00
0.00000e+00 4.02548e-05 1.60617e-06 0.00000e+00
0.00000e+00 3.86143e-05 1.86298e-06 0.00000e+00
0.00000e+00 3.69620e-05 2.15270e-06 0.00000e+00
0.00000e+00 3.53137e-05 2.47712e-06 0.00000e+00
0.00000e+00 3.36872e-05 2.83734e-06 0.00000e+00
0.00000e+00 3.21018e-05 3.23349e-06 0.00000e+00
0.00000e+00 3.05777e-05 3.66434e-06 0.00000e+00
0.00000e+00 2.91356e-05 4.12699e-06 0.00000e+00
0.00000e+00 2.77951e-05 4.61639e-06 0.00000e+00
0.00000e+00 2.65739e-05 5.12500e-06 0.00000e+00
0.00000e+00 2.54863e-05 5.64243e-06 0.00000e+00
0.00000e+00 2.45412e-05 6.15522e-06 0.00000e+00
0.00000e+00 2.37409e-05 6.64686e-06 0.00000e+00
0.00000e+00 2.30794e-05 7.09810e-06 0.00000e+00
0.00000e+00 2.25411e-05 7.48764e-06 0.00000e+00
0.00000e+00 2.21008e-05 7.79345e-06 0.00000e+00
0.00000e+00 2.17242e-05 7.99461e-06 0.00000e+00
0.00000e+00 2.13696e-05 8.07382e-06 0.00000e+00
0.00000e+00 2.09919e-05 8.02036e-06 0.00000e+00
0.00000e+00 2.05477e-05 7.83330e-06 0.00000e+00
0.00000e+00 2.00016e-05 7.52446e-06 0.00000e+00
0.00000e+00 1.93337e-05 7.12029e-06 0.00000e+00
0.00000e+00 1.85454e-05 6.66193e-06 0.00000e+00
0.00000e+00 1.76638e-05 6.20236e-06 0.00000e+00
0.00000e+00 1.67408e-05 5.80004e-06 0.00000e+00
0.00000e+00 1.58466e-05 5.50894e-06 0.00000e+00
0.00000e+00 1.50560e-05 5.36594e-06 0.00000e+00
0.00000e+00 1.44297e-05 5.37834e-06 0.00000e+00
0.00000e+00 1.39938e-05 5.51527e-06 0.00000e+00
0.00000e+00 1.37250e-05 5.70814e-06 0.00000e+00
0.00000e+00 1.35488e-05 5.86393e-06 0.00000e+00
0.00000e+00 1.33577e-05 5.89212e-06 0.00000e+00
0.00000e+00 1.30480e-05 5.73947e-06 0.00000e+00
0.00000e+00 1.25666e-05 5.41987e-06 0.00000e+00
0.00000e+00 1.19456e-05 5.02172e-06 0.00000e+00
0.00000e+00 1.12999e-05 4.67863e-06 0.00000e+00
0.00000e+00 1.07760e-05 4.50542e-06 0.00000e+00
0.00000e+00 1.04645e-05 4.52600e-06 0.00000e+00
0.00000e+00 1.03287e-05 4.64112e-06 0.00000e+00
0.00000e+00 1.02091e-05 4.67737e-06 0.00000e+00
0.00000e+00 9.93185e-06 4.50985e-06 0.00000e+00
0.00000e+00 9.45924e-06 4.17739e-06 0.00000e+00
0.00000e+00 8.94644e-06 3.87403e-06 0.00000e+00
0.00000e+00 8.60960e-06 3.77807e-06 0.00000e+00
0.00000e+00 8.49058e-06 3.85361e-06 0.00000e+00
0.00000e+00 8.38006e-06 3.86168e-06 0.00000e+00
0.00000e+00 8.05920e-06 3.64143e-06 0.00000e+00
0.00000e+00 7.61064e-06 3.34704e-06 0.00000e+00
0.00000e+00 7.32755e-06 3.25414e-06 0.00000e+00
0.00000e+00 7.24971e-06 3.32251e-06 0.00000e+00
0.00000e+00 7.06467e-06 3.23263e-06 0.00000e+00
0.00000e+00 6.67346e-06 2.96500e-06 0.00000e+00
0.00000e+00 6.41165e-06 2.86650e-06 0.00000e+00
0.00000e+00 6.34250e-06 2.92208e-06 0.00000e+00
0.00000e+00 6.09214e-06 2.76772e-06 0.00000e+00
0.00000e+00 5.76038e-06 2.57431e-06 0.00000e+00
0.00000e+00 5.66926e-06 2.61507e-06 0.00000e+00
0.00000e+00 5.47020e-06 2.51195e-06 0.00000e+00
0.00000e+00 5.16960e-06 2.34135e-06 0.00000e+00
0.00000e+00 5.09348e-06 2.38397e-06 0.00000e+00
0.00000e+00 4.83764e-06 2.22912e-06 0.00000e+00
0.00000e+00 4.65568e-06 2.17569e-06 0.00000e+00
0.00000e+00 4.52151e-06 2.14031e-06 0.00000e+00
0.00000e+00 4.27458e-06 2.01275e-06 0.00000e+00
0.00000e+00 4.18186e-06 2.02291e-06 0.00000e+00
0.00000e+00 3.93694e-06 1.89010e-06 0.00000e+00
0.00000e+00 3.84337e-06 1.89797e-06 0.00000e+00
0.00000e+00 3.62789e-06 1.79219e-06 0.00000e+00
0.00000e+00 3.50481e-06 1.76556e-06 0.00000e+00
0.00000e+00 3.35555e-06 1.72325e-06 0.00000e+00
0.00000e+00 3.17046e-06 1.63340e-06 0.00000e+00
0.00000e+00 3.07612e-06 1.63573e-06 0.00000e+00
0.00000e+00 2.91890e-06 1.57696e-06 0.00000e+00
0.00000e+00 2.75440e-06 1.50338e-06 0.00000e+00
0.00000e+00 2.64440e-06 1.48231e-06 0.00000e+00
0.00000e+00 2.53689e-06 1.46439e-06 0.00000e+00
0.00000e+00 2.40710e-06 1.42210e-06 0.00000e+00
0.00000e+00 2.27233e-06 1.37137e-06 0.00000e+00
0.00000e+00 2.14626e-06 1.32632e-06 0.00000e+00
0.00000e+00 2.02992e-06 1.28848e-06 0.00000e+00
0.00000e+00 1.92087e-06 1.25557e-06 0.00000e+00
0.00000e+00 1.81857e-06 1.22691e-06 0.00000e+00
0.00000e+00 1.72395e-06 1.20318e-06 0.00000e+00
0.00000e+00 1.63418e-06 1.18117e-06 0.00000e+00
0.00000e+00 1.53726e-06 1.14889e-06 0.00000e+00
0.00000e+00 1.43028e-06 1.10440e-06 0.00000e+00
0.00000e+00 1.34671e-06 1.08110e-06 0.00000e+00
0.00000e+00 1.27305e-06 1.06348e-06 0.00000e+00
0.00000e+00 1.17652e-06 1.02088e-06 0.00000e+00
0.00000e+00 1.11463e-06 1.00952e-06 0.00000e+00
0.00000e+00 1.02917e-06 9.72090e-07 0.00000e+00
0.00000e+00 9.60649e-07 9.47884e-07 0.00000e+00
0.00000e+00 9.02092e-07 9.31220e-07 0.00000e+00
0.00000e+00 8.37147e-07 9.05265e-07 0.00000e+00
0.00000e+00 7.74210e-07 8.78224e-07 0.00000e+00
0.00000e+00 7.17183e-07 8.54135e-07 0.00000e+00
0.00000e+00 6.65280e-07 8.32258e-07 0.00000e+00
