0.00000e+00 8.17772e-05 2.00499e-06 0.00000e+00
0.00000e+00 7.87457e-05 2.34743e-06 0.00000e+00
0.00000e+00 7.56217e-05 2.74061e-06 0.00000e+00
0.00000e+00 7.24243e-05 3.18968e-06 0.00000e+00
0.00000e+00 6.91768e-05 3.69961e-06 0.00000e+00
0.00000e+00 6.59066e-05 4.27485e-06 0.00000e+00
0.00000e+00 6.26455e-05 4.91896e-06 0.00000e+00
0.00000e+00 5.94286e-05 5.63412e-06 0.00000e+00
0.00000e+00 5.62946e-05 6.42054e-06 0.00000e+00
0.00000e+00 5.32836e-05 7.27580e-06 0.00000e+00
0.00000e+00 5.04365e-05 8.19409e-06 0.00000e+00
0.00000e+00 4.77926e-05 9.16536e-06 0.00000e+00
0.00000e+00 4.53871e-05 1.01746e-05 0.00000e+00
0.00000e+00 4.32481e-05 1.12012e-05 0.00000e+00
0.00000e+00 4.13936e-05 1.22183e-05 0.00000e+00
0.00000e+00 3.98280e-05 1.31931e-05 0.00000e+00
0.00000e+00 3.85393e-05 1.40875e-05 0.00000e+00
0.00000e+00 3.74969e-05 1.48590e-05 0.00000e+00
0.00000e+00 3.66504e-05 1.54638e-05 0.00000e+00
0.00000e+00 3.59318e-05 1.58606e-05 0.00000e+00
0.00000e+00 3.52583e-05 1.60149e-05 0.00000e+00
0.00000e+00 3.45406e-05 1.59055e-05 0.00000e+00
0.00000e+00 3.36924e-05 1.55307e-05 0.00000e+00
0.00000e+00 3.26437e-05 1.49140e-05 0.00000e+00
0.00000e+00 3.13552e-05 1.41082e-05 0.00000e+00
0.00000e+00 2.98301e-05 1.31950e-05 0.00000e+00
0.00000e+00 2.81226e-05 1.22797e-05 0.00000e+00
0.00000e+00 2.63364e-05 1.14787e-05 0.00000e+00
0.00000e+00 2.46111e-05 1.08990e-05 0.00000e+00
0.00000e+00 2.30958e-05 1.06138e-05 0.00000e+00
0.00000e+00 2.19108e-05 1.06372e-05 0.00000e+00
0.00000e+00 2.11082e-05 1.09076e-05 0.00000e+00
0.00000e+00 2.06413e-05 1.12882e-05 0.00000e+00
0.00000e+00 2.03619e-05 1.15938e-05 0.00000e+00
0.00000e+00 2.00556e-05 1.16445e-05 0.00000e+00
0.00000e+00 1.95164e-05 1.13344e-05 0.00000e+00
0.00000e+00 1.86389e-05 1.06913e-05 0.00000e+00
0.00000e+00 1.74868e-05 9.89139e-06 0.00000e+00
0.00000e+00 1.62893e-05 9.20055e-06 0.00000e+00
0.00000e+00 1.53373e-05 8.84711e-06 0.00000e+00
0.00000e+00 1.48113e-05 8.87837e-06 0.00000e+00
0.00000e+00 1.46373e-05 9.09661e-06 0.00000e+00
0.00000e+00 1.44977e-05 9.15667e-06 0.00000e+00
0.00000e+00 1.40467e-05 8.81023e-06 0.00000e+00
0.00000e+00 1.32090e-05 8.13487e-06 0.00000e+00
0.00000e+00 1.22937e-05 7.51701e-06 0.00000e+00
0.00000e+00 1.17305e-05 7.31142e-06 0.00000e+00
0.00000e+00 1.16025e-05 7.44642e-06 0.00000e+00
0.00000e+00 1.14924e-05 7.44635e-06 0.00000e+00
0.00000e+00 1.09649e-05 6.99138e-06 0.00000e+00
0.00000e+00 1.01843e-05 6.38876e-06 0.00000e+00
0.00000e+00 9.73419e-06 6.18712e-06 0.00000e+00
0.00000e+00 9.69313e-06 6.30621e-06 0.00000e+00
0.00000e+00 9.43905e-06 6.11009e-06 0.00000e+00
0.00000e+00 8.77500e-06 5.56037e-06 0.00000e+00
0.00000e+00 8.36895e-06 5.34761e-06 0.00000e+00
0.00000e+00 8.34629e-06 5.44163e-06 0.00000e+00
0.00000e+00 7.96277e-06 5.11798e-06 0.00000e+00
0.00000e+00 7.41713e-06 4.71714e-06 0.00000e+00
0.00000e+00 7.35015e-06 4.78280e-06 0.00000e+00
0.00000e+00 7.06769e-06 4.56241e-06 0.00000e+00
0.00000e+00 6.58260e-06 4.20836e-06 0.00000e+00
0.00000e+00 6.54354e-06 4.27920e-06 0.00000e+00
0.00000e+00 6.14579e-06 3.95752e-06 0.00000e+00
0.00000e+00 5.89421e-06 3.83845e-06 0.00000e+00
0.00000e+00 5.73654e-06 3.75584e-06 0.00000e+00
0.00000e+00 5.35332e-06 3.49055e-06 0.00000e+00
0.00000e+00 5.27572e-06 3.50003e-06 0.00000e+00
0.00000e+00 4.89386e-06 3.22576e-06 0.00000e+00
0.00000e+00 4.81187e-06 3.23229e-06 0.00000e+00
0.00000e+00 4.48579e-06 3.01341e-06 0.00000e+00
0.00000e+00 4.34207e-06 2.95283e-06 0.00000e+00
0.00000e+00 4.14502e-06 2.86215e-06 0.00000e+00
0.00000e+00 3.87485e-06 2.67736e-06 0.00000e+00
0.00000e+00 3.78382e-06 2.67697e-06 0.00000e+00
0.00000e+00 3.56604e-06 2.55573e-06 0.00000e+00
0.00000e+00 3.33208e-06 2.40574e-06 0.00000e+00
0.00000e+00 3.20488e-06 2.36097e-06 0.00000e+00
0.00000e+00 3.08086e-06 2.32313e-06 0.00000e+00
0.00000e+00 2.91061e-06 2.23740e-06 0.00000e+00
0.00000e+00 2.72853e-06 2.13545e-06 0.00000e+00
0.00000e+00 2.56175e-06 2.04534e-06 0.00000e+00
0.00000e+00 2.41224e-06 1.97012e-06 0.00000e+00
0.00000e+00 2.27512e-06 1.90521e-06 0.00000e+00
0.00000e+00 2.14925e-06 1.84930e-06 0.00000e+00
0.00000e+00 2.03648e-06 1.80374e-06 0.00000e+00
0.00000e+00 1.93112e-06 1.76214e-06 0.00000e+00
0.00000e+00 1.80926e-06 1.70061e-06 0.00000e+00
0.00000e+00 1.66518e-06 1.61536e-06 0.00000e+00
0.00000e+00 1.56539e-06 1.57278e-06 0.00000e+00
0.00000e+00 1.48304e-06 1.54203e-06 0.00000e+00
0.00000e+00 1.35281e-06 1.46202e-06 0.00000e+00
0.00000e+00 1.28919e-06 1.44466e-06 0.00000e+00
0.00000e+00 1.17630e-06 1.37586e-06 0.00000e+00
0.00000e+00 1.09479e-06 1.33384e-06 0.00000e+00
0.00000e+00 1.03078e-06 1.30730e-06 0.00000e+00
0.00000e+00 9.51755e-07 1.26271e-06 0.00000e+00
0.00000e+00 8.74411e-07 1.21638e-06 0.00000e+00
0.00000e+00 8.06543e-07 1.17634e-06 0.00000e+00
0.00000e+00 7.46596e-07 1.14108e-06 0.00000e+00
