0.00000e+00 7.64692e-05 1.66301e-06 0.00000e+00
0.00000e+00 7.39116e-05 1.94727e-06 0.00000e+00
0.00000e+00 7.12732e-05 2.27371e-06 0.00000e+00
0.00000e+00 6.85697e-05 2.64667e-06 0.00000e+00
0.00000e+00 6.58199e-05 3.07030e-06 0.00000e+00
0.00000e+00 6.30465e-05 3.54835e-06 0.00000e+00
0.00000e+00 6.02753e-05 4.08384e-06 0.00000e+00
0.00000e+00 5.75353e-05 4.67868e-06 0.00000e+00
0.00000e+00 5.48581e-05 5.33317e-06 0.00000e+00
0.00000e+00 5.22771e-05 6.04543e-06 0.00000e+00
0.00000e+00 4.98259e-05 6.81080e-06 0.00000e+00
0.00000e+00 4.75370e-05 7.62115e-06 0.00000e+00
0.00000e+00 4.54397e-05 8.46425e-06 0.00000e+00
0.00000e+00 4.35575e-05 9.32322e-06 0.00000e+00
0.00000e+00 4.19057e-05 1.01761e-05 0.00000e+00
0.00000e+00 4.04883e-05 1.09961e-05 0.00000e+00
0.00000e+00 3.92961e-05 1.17515e-05 0.00000e+00
0.00000e+00 3.83044e-05 1.24077e-05 0.00000e+00
0.00000e+00 3.74726e-05 1.29286e-05 0.00000e+00
0.00000e+00 3.67450e-05 1.32797e-05 0.00000e+00
0.00000e+00 3.60543e-05 1.34327e-05 0.00000e+00
0.00000e+00 3.53273e-05 1.33696e-05 0.00000e+00
0.00000e+00 3.44934e-05 1.30888e-05 0.00000e+00
0.00000e+00 3.34952e-05 1.26092e-05 0.00000e+00
0.00000e+00 3.23002e-05 1.19735e-05 0.00000e+00
0.00000e+00 3.09112e-05 1.12487e-05 0.00000e+00
0.00000e+00 2.93724e-05 1.05211e-05 0.00000e+00
0.00000e+00 2.77690e-05 9.88578e-06 0.00000e+00
0.00000e+00 2.62156e-05 9.43091e-06 0.00000e+00
0.00000e+00 2.48347e-05 9.21671e-06 0.00000e+00
0.00000e+00 2.37259e-05 9.25512e-06 0.00000e+00
0.00000e+00 2.29322e-05 9.49584e-06 0.00000e+00
0.00000e+00 2.24161e-05 9.82688e-06 0.00000e+00
0.00000e+00 2.20563e-05 1.00963e-05 0.00000e+00
0.00000e+00 2.16774e-05 1.01561e-05 0.00000e+00
0.00000e+00 2.11103e-05 9.91907e-06 0.00000e+00
0.00000e+00 2.02682e-05 9.40755e-06 0.00000e+00
0.00000e+00 1.92031e-05 8.76558e-06 0.00000e+00
0.00000e+00 1.81027e-05 8.21129e-06 0.00000e+00
0.00000e+00 1.72061e-05 7.93221e-06 0.00000e+00
0.00000e+00 1.66617e-05 7.96758e-06 0.00000e+00
0.00000e+00 1.64094e-05 8.15551e-06 0.00000e+00
0.00000e+00 1.61887e-05 8.21280e-06 0.00000e+00
0.00000e+00 1.57158e-05 7.93531e-06 0.00000e+00
0.00000e+00 1.49282e-05 7.38618e-06 0.00000e+00
0.00000e+00 1.40792e-05 6.88228e-06 0.00000e+00
0.00000e+00 1.35215e-05 6.71503e-06 0.00000e+00
0.00000e+00 1.33236e-05 6.82616e-06 0.00000e+00
0.00000e+00 1.31435e-05 6.82558e-06 0.00000e+00
0.00000e+00 1.26234e-05 6.45051e-06 0.00000e+00
0.00000e+00 1.18978e-05 5.95268e-06 0.00000e+00
0.00000e+00 1.14452e-05 5.78250e-06 0.00000e+00
0.00000e+00 1.13307e-05 5.87475e-06 0.00000e+00
0.00000e+00 1.10438e-05 5.70771e-06 0.00000e+00
0.00000e+00 1.04224e-05 5.24943e-06 0.00000e+00
0.00000e+00 1.00144e-05 5.06661e-06 0.00000e+00
0.00000e+00 9.92304e-06 5.13509e-06 0.00000e+00
0.00000e+00 9.53759e-06 4.86041e-06 0.00000e+00
0.00000e+00 9.02053e-06 4.52155e-06 0.00000e+00
0.00000e+00 8.89784e-06 4.56505e-06 0.00000e+00
0.00000e+00 8.60010e-06 4.37363e-06 0.00000e+00
0.00000e+00 8.13726e-06 4.07191e-06 0.00000e+00
0.00000e+00 8.04172e-06 4.11859e-06 0.00000e+00
0.00000e+00 7.65314e-06 3.84300e-06 0.00000e+00
0.00000e+00 7.38528e-06 3.73321e-06 0.00000e+00
0.00000e+00 7.19555e-06 3.65335e-06 0.00000e+00
0.00000e+00 6.82133e-06 3.42327e-06 0.00000e+00
0.00000e+00 6.69860e-06 3.41868e-06 0.00000e+00
0.00000e+00 6.32662e-06 3.18115e-06 0.00000e+00
0.00000e+00 6.20116e-06 3.17415e-06 0.00000e+00
0.00000e+00 5.87564e-06 2.98223e-06 0.00000e+00
0.00000e+00 5.70012e-06 2.92051e-06 0.00000e+00
0.00000e+00 5.48084e-06 2.83417e-06 0.00000e+00
0.00000e+00 5.20193e-06 2.67119e-06 0.00000e+00
0.00000e+00 5.07013e-06 2.65984e-06 0.00000e+00
0.00000e+00 4.83449e-06 2.54981e-06 0.00000e+00
0.00000e+00 4.58589e-06 2.41680e-06 0.00000e+00
0.00000e+00 4.42504e-06 2.37058e-06 0.00000e+00
0.00000e+00 4.26714e-06 2.33070e-06 0.00000e+00
0.00000e+00 4.07171e-06 2.25215e-06 0.00000e+00
0.00000e+00 3.86699e-06 2.16087e-06 0.00000e+00
0.00000e+00 3.67532e-06 2.07990e-06 0.00000e+00
0.00000e+00 3.49832e-06 2.01166e-06 0.00000e+00
0.00000e+00 3.33202e-06 1.95236e-06 0.00000e+00
0.00000e+00 3.17549e-06 1.90085e-06 0.00000e+00
0.00000e+00 3.03026e-06 1.85820e-06 0.00000e+00
0.00000e+00 2.89168e-06 1.81911e-06 0.00000e+00
0.00000e+00 2.74018e-06 1.76400e-06 0.00000e+00
0.00000e+00 2.57105e-06 1.68967e-06 0.00000e+00
0.00000e+00 2.43895e-06 1.65063e-06 0.00000e+00
0.00000e+00 2.32191e-06 1.62154e-06 0.00000e+00
0.00000e+00 2.16637e-06 1.55229e-06 0.00000e+00
0.00000e+00 2.06631e-06 1.53462e-06 0.00000e+00
0.00000e+00 1.92670e-06 1.47492e-06 0.00000e+00
0.00000e+00 1.81375e-06 1.43733e-06 0.00000e+00
0.00000e+00 1.71611e-06 1.41255e-06 0.00000e+00
0.00000e+00 1.60714e-06 1.37306e-06 0.00000e+00
0.00000e+00 1.50061e-06 1.33222e-06 0.00000e+00
0.00000e+00 1.40294e-06 1.29658e-06 0.00000e+00
0.00000e+00 1.31292e-06 1.26491e-06 0.00000e+00
