0.00000e+00 7.43184e-05 1.84093e-06 0.00000e+00
0.00000e+00 7.15641e-05 2.15514e-06 0.00000e+00
0.00000e+00 6.87275e-05 2.51583e-06 0.00000e+00
0.00000e+00 6.58263e-05 2.92771e-06 0.00000e+00
0.00000e+00 6.28822e-05 3.39530e-06 0.00000e+00
0.00000e+00 5.99205e-05 3.92263e-06 0.00000e+00
0.00000e+00 5.69703e-05 4.51288e-06 0.00000e+00
0.00000e+00 5.40644e-05 5.16799e-06 0.00000e+00
0.00000e+00 5.12379e-05 5.88804e-06 0.00000e+00
0.00000e+00 4.85280e-05 6.67070e-06 0.00000e+00
0.00000e+00 4.59721e-05 7.51047e-06 0.00000e+00
0.00000e+00 4.36061e-05 8.39797e-06 0.00000e+00
0.00000e+00 4.14621e-05 9.31923e-06 0.00000e+00
0.00000e+00 3.95655e-05 1.02551e-05 0.00000e+00
0.00000e+00 3.79324e-05 1.11807e-05 0.00000e+00
0.00000e+00 3.65661e-05 1.20657e-05 0.00000e+00
0.00000e+00 3.54549e-05 1.28749e-05 0.00000e+00
0.00000e+00 3.45696e-05 1.35691e-05 0.00000e+00
0.00000e+00 3.38632e-05 1.41081e-05 0.00000e+00
0.00000e+00 3.32718e-05 1.44537e-05 0.00000e+00
0.00000e+00 3.27187e-05 1.45746e-05 0.00000e+00
0.00000e+00 3.21206e-05 1.44516e-05 0.00000e+00
0.00000e+00 3.13978e-05 1.40835e-05 0.00000e+00
0.00000e+00 3.04855e-05 1.34929e-05 0.00000e+00
0.00000e+00 2.93476e-05 1.27290e-05 0.00000e+00
0.00000e+00 2.79876e-05 1.18680e-05 0.00000e+00
0.00000e+00 2.64562e-05 1.10079e-05 0.00000e+00
0.00000e+00 2.48498e-05 1.02564e-05 0.00000e+00
0.00000e+00 2.32981e-05 9.71252e-06 0.00000e+00
0.00000e+00 2.19392e-05 9.44369e-06 0.00000e+00
0.00000e+00 2.08844e-05 9.46248e-06 0.00000e+00
0.00000e+00 2.01813e-05 9.71109e-06 0.00000e+00
0.00000e+00 1.97859e-05 1.00623e-05 0.00000e+00
0.00000e+00 1.95604e-05 1.03442e-05 0.00000e+00
0.00000e+00 1.93059e-05 1.03899e-05 0.00000e+00
0.00000e+00 1.88316e-05 1.01020e-05 0.00000e+00
0.00000e+00 1.80403e-05 9.50691e-06 0.00000e+00
0.00000e+00 1.69922e-05 8.76847e-06 0.00000e+00
0.00000e+00 1.59002e-05 8.13352e-06 0.00000e+00
0.00000e+00 1.50346e-05 7.81344e-06 0.00000e+00
0.00000e+00 1.45623e-05 7.85131e-06 0.00000e+00
0.00000e+00 1.44141e-05 8.06291e-06 0.00000e+00
0.00000e+00 1.42949e-05 8.12777e-06 0.00000e+00
0.00000e+00 1.38843e-05 7.81592e-06 0.00000e+00
0.00000e+00 1.31134e-05 7.20002e-06 0.00000e+00
0.00000e+00 1.22695e-05 6.63893e-06 0.00000e+00
0.00000e+00 1.17516e-05 6.46133e-06 0.00000e+00
0.00000e+00 1.16360e-05 6.59978e-06 0.00000e+00
0.00000e+00 1.15351e-05 6.61250e-06 0.00000e+00
0.00000e+00 1.10453e-05 6.20319e-06 0.00000e+00
0.00000e+00 1.03203e-05 5.65767e-06 0.00000e+00
0.00000e+00 9.90165e-06 5.48480e-06 0.00000e+00
0.00000e+00 9.86161e-06 5.60920e-06 0.00000e+00
0.00000e+00 9.62268e-06 5.44056e-06 0.00000e+00
0.00000e+00 9.00301e-06 4.94401e-06 0.00000e+00
0.00000e+00 8.62289e-06 4.76050e-06 0.00000e+00
0.00000e+00 8.59803e-06 4.86114e-06 0.00000e+00
0.00000e+00 8.23771e-06 4.57362e-06 0.00000e+00
0.00000e+00 7.72722e-06 4.21460e-06 0.00000e+00
0.00000e+00 7.66095e-06 4.28812e-06 0.00000e+00
0.00000e+00 7.39426e-06 4.09536e-06 0.00000e+00
0.00000e+00 6.93980e-06 3.77839e-06 0.00000e+00
0.00000e+00 6.89924e-06 3.85512e-06 0.00000e+00
0.00000e+00 6.52547e-06 3.56675e-06 0.00000e+00
0.00000e+00 6.28752e-06 3.46604e-06 0.00000e+00
0.00000e+00 6.13626e-06 3.39820e-06 0.00000e+00
0.00000e+00 5.77554e-06 3.16029e-06 0.00000e+00
0.00000e+00 5.69797e-06 3.17655e-06 0.00000e+00
0.00000e+00 5.33756e-06 2.92882e-06 0.00000e+00
0.00000e+00 5.25483e-06 2.94096e-06 0.00000e+00
0.00000e+00 4.94492e-06 2.74333e-06 0.00000e+00
0.00000e+00 4.80345e-06 2.69197e-06 0.00000e+00
0.00000e+00 4.61160e-06 2.61216e-06 0.00000e+00
0.00000e+00 4.35104e-06 2.44465e-06 0.00000e+00
0.00000e+00 4.25580e-06 2.44791e-06 0.00000e+00
0.00000e+00 4.04200e-06 2.33880e-06 0.00000e+00
0.00000e+00 3.81217e-06 2.20278e-06 0.00000e+00
0.00000e+00 3.68063e-06 2.16445e-06 0.00000e+00
0.00000e+00 3.55106e-06 2.13246e-06 0.00000e+00
0.00000e+00 3.37792e-06 2.05624e-06 0.00000e+00
0.00000e+00 3.19308e-06 1.96511e-06 0.00000e+00
0.00000e+00 3.02188e-06 1.88518e-06 0.00000e+00
0.00000e+00 2.86624e-06 1.81931e-06 0.00000e+00
0.00000e+00 2.72170e-06 1.76324e-06 0.00000e+00
0.00000e+00 2.58731e-06 1.71573e-06 0.00000e+00
0.00000e+00 2.46481e-06 1.67798e-06 0.00000e+00
0.00000e+00 2.34899e-06 1.64401e-06 0.00000e+00
0.00000e+00 2.21770e-06 1.59164e-06 0.00000e+00
0.00000e+00 2.06562e-06 1.51722e-06 0.00000e+00
0.00000e+00 1.95457e-06 1.48242e-06 0.00000e+00
0.00000e+00 1.85963e-06 1.45853e-06 0.00000e+00
0.00000e+00 1.72020e-06 1.38886e-06 0.00000e+00
0.00000e+00 1.64257e-06 1.37720e-06 0.00000e+00
0.00000e+00 1.51926e-06 1.31772e-06 0.00000e+00
0.00000e+00 1.42509e-06 1.28294e-06 0.00000e+00
0.00000e+00 1.34730e-06 1.26242e-06 0.00000e+00
0.00000e+00 1.25569e-06 1.22501e-06 0.00000e+00
0.00000e+00 1.16585e-06 1.18587e-06 0.00000e+00
0.00000e+00 1.08501e-06 1.15240e-06 0.00000e+00
0.00000e+00 1.01178e-06 1.12323e-06 0.00000e+00
