0.00000e+00 5.35879e-05 1.38130e-06 0.00000e+00
0.00000e+00 5.15419e-05 1.61695e-06 0.00000e+00
0.00000e+00 4.94360e-05 1.88742e-06 0.00000e+00
0.00000e+00 4.72838e-05 2.19623e-06 0.00000e+00
0.00000e+00 4.51016e-05 2.54674e-06 0.00000e+00
0.00000e+00 4.29085e-05 2.94194e-06 0.00000e+00
0.00000e+00 4.07266e-05 3.38420e-06 0.00000e+00
0.00000e+00 3.85805e-05 3.87491e-06 0.00000e+00
0.00000e+00 3.64967e-05 4.41408e-06 0.00000e+00
0.00000e+00 3.45032e-05 4.99989e-06 0.00000e+00
0.00000e+00 3.26281e-05 5.62813e-06 0.00000e+00
0.00000e+00 3.08984e-05 6.29166e-06 0.00000e+00
0.00000e+00 2.93381e-05 6.97988e-06 0.00000e+00
0.00000e+00 2.79661e-05 7.67827e-06 0.00000e+00
0.00000e+00 2.67943e-05 8.36811e-06 0.00000e+00
0.00000e+00 2.58250e-05 9.02646e-06 0.00000e+00
0.00000e+00 2.50489e-05 9.62663e-06 0.00000e+00
0.00000e+00 2.44437e-05 1.01392e-05 0.00000e+00
0.00000e+00 2.39735e-05 1.05339e-05 0.00000e+00
0.00000e+00 2.35900e-05 1.07820e-05 0.00000e+00
0.00000e+00 2.32347e-05 1.08600e-05 0.00000e+00
0.00000e+00 2.28447e-05 1.07534e-05 0.00000e+00
0.00000e+00 2.23595e-05 1.04618e-05 0.00000e+00
0.00000e+00 2.17301e-05 1.00022e-05 0.00000e+00
0.00000e+00 2.09290e-05 9.41197e-06 0.00000e+00
0.00000e+00 1.99590e-05 8.74895e-06 0.00000e+00
0.00000e+00 1.88581e-05 8.08714e-06 0.00000e+00
0.00000e+00 1.76991e-05 7.50795e-06 0.00000e+00
0.00000e+00 1.65798e-05 7.08627e-06 0.00000e+00
0.00000e+00 1.56042e-05 6.87294e-06 0.00000e+00
0.00000e+00 1.48562e-05 6.87743e-06 0.00000e+00
0.00000e+00 1.43716e-05 7.05607e-06 0.00000e+00
0.00000e+00 1.41170e-05 7.31280e-06 0.00000e+00
0.00000e+00 1.39881e-05 7.51791e-06 0.00000e+00
0.00000e+00 1.38347e-05 7.54555e-06 0.00000e+00
0.00000e+00 1.35129e-05 7.32221e-06 0.00000e+00
0.00000e+00 1.29493e-05 6.86807e-06 0.00000e+00
0.00000e+00 1.21895e-05 6.30690e-06 0.00000e+00
0.00000e+00 1.13943e-05 5.82504e-06 0.00000e+00
0.00000e+00 1.07677e-05 5.58195e-06 0.00000e+00
0.00000e+00 1.04356e-05 5.61006e-06 0.00000e+00
0.00000e+00 1.03458e-05 5.77023e-06 0.00000e+00
0.00000e+00 1.02755e-05 5.82056e-06 0.00000e+00
0.00000e+00 9.98310e-06 5.58758e-06 0.00000e+00
0.00000e+00 9.41681e-06 5.12623e-06 0.00000e+00
0.00000e+00 8.79375e-06 4.70734e-06 0.00000e+00
0.00000e+00 8.41506e-06 4.57883e-06 0.00000e+00
0.00000e+00 8.33821e-06 4.68960e-06 0.00000e+00
0.00000e+00 8.27089e-06 4.70615e-06 0.00000e+00
0.00000e+00 7.90865e-06 4.40490e-06 0.00000e+00
0.00000e+00 7.36768e-06 4.00157e-06 0.00000e+00
0.00000e+00 7.05677e-06 3.88005e-06 0.00000e+00
0.00000e+00 7.03042e-06 3.98322e-06 0.00000e+00
0.00000e+00 6.85287e-06 3.86551e-06 0.00000e+00
0.00000e+00 6.38708e-06 3.50067e-06 0.00000e+00
0.00000e+00 6.10126e-06 3.37231e-06 0.00000e+00
0.00000e+00 6.08266e-06 3.45843e-06 0.00000e+00
0.00000e+00 5.81010e-06 3.25165e-06 0.00000e+00
0.00000e+00 5.42363e-06 2.99100e-06 0.00000e+00
0.00000e+00 5.37176e-06 3.05671e-06 0.00000e+00
0.00000e+00 5.16808e-06 2.92136e-06 0.00000e+00
0.00000e+00 4.82233e-06 2.69226e-06 0.00000e+00
0.00000e+00 4.78856e-06 2.76013e-06 0.00000e+00
0.00000e+00 4.50309e-06 2.55236e-06 0.00000e+00
0.00000e+00 4.32003e-06 2.48611e-06 0.00000e+00
0.00000e+00 4.20229e-06 2.44446e-06 0.00000e+00
0.00000e+00 3.92662e-06 2.27434e-06 0.00000e+00
0.00000e+00 3.86474e-06 2.29579e-06 0.00000e+00
0.00000e+00 3.58972e-06 2.11784e-06 0.00000e+00
0.00000e+00 3.52454e-06 2.13569e-06 0.00000e+00
0.00000e+00 3.28837e-06 1.99498e-06 0.00000e+00
0.00000e+00 3.17976e-06 1.96431e-06 0.00000e+00
0.00000e+00 3.03377e-06 1.91187e-06 0.00000e+00
0.00000e+00 2.83642e-06 1.79277e-06 0.00000e+00
0.00000e+00 2.76456e-06 1.80220e-06 0.00000e+00
0.00000e+00 2.60397e-06 1.72643e-06 0.00000e+00
0.00000e+00 2.43205e-06 1.62991e-06 0.00000e+00
0.00000e+00 2.33503e-06 1.60659e-06 0.00000e+00
0.00000e+00 2.24045e-06 1.58771e-06 0.00000e+00
0.00000e+00 2.11375e-06 1.53486e-06 0.00000e+00
0.00000e+00 1.97903e-06 1.47022e-06 0.00000e+00
0.00000e+00 1.85537e-06 1.41347e-06 0.00000e+00
0.00000e+00 1.74415e-06 1.36673e-06 0.00000e+00
0.00000e+00 1.64197e-06 1.32679e-06 0.00000e+00
0.00000e+00 1.54803e-06 1.29273e-06 0.00000e+00
0.00000e+00 1.46362e-06 1.26546e-06 0.00000e+00
0.00000e+00 1.38472e-06 1.24050e-06 0.00000e+00
0.00000e+00 1.29461e-06 1.20119e-06 0.00000e+00
0.00000e+00 1.18923e-06 1.14482e-06 0.00000e+00
0.00000e+00 1.11522e-06 1.11796e-06 0.00000e+00
0.00000e+00 1.05373e-06 1.09902e-06 0.00000e+00
0.00000e+00 9.59035e-07 1.04523e-06 0.00000e+00
0.00000e+00 9.11302e-07 1.03498e-06 0.00000e+00
0.00000e+00 8.29359e-07 9.88406e-07 0.00000e+00
0.00000e+00 7.69658e-07 9.60272e-07 0.00000e+00
0.00000e+00 7.22512e-07 9.42724e-07 0.00000e+00
0.00000e+00 6.65063e-07 9.12246e-07 0.00000e+00
0.00000e+00 6.09062e-07 8.80336e-07 0.00000e+00
0.00000e+00 5.59926e-07 8.52605e-07 0.00000e+00
0.00000e+00 5.16571e-07 8.28041e-07 0.00000e+00
