0.00000e+00 7.13384e-05 1.71760e-06 0.00000e+00
0.00000e+00 6.87311e-05 2.01104e-06 0.00000e+00
0.00000e+00 6.60436e-05 2.34799e-06 0.00000e+00
0.00000e+00 6.32923e-05 2.73288e-06 0.00000e+00
0.00000e+00 6.04970e-05 3.16998e-06 0.00000e+00
0.00000e+00 5.76812e-05 3.66312e-06 0.00000e+00
0.00000e+00 5.48720e-05 4.21538e-06 0.00000e+00
0.00000e+00 5.20996e-05 4.82866e-06 0.00000e+00
0.00000e+00 4.93969e-05 5.50319e-06 0.00000e+00
0.00000e+00 4.67985e-05 6.23694e-06 0.00000e+00
0.00000e+00 4.43395e-05 7.02498e-06 0.00000e+00
0.00000e+00 4.20535e-05 7.85879e-06 0.00000e+00
0.00000e+00 3.99707e-05 8.72558e-06 0.00000e+00
0.00000e+00 3.81157e-05 9.60772e-06 0.00000e+00
0.00000e+00 3.65038e-05 1.04824e-05 0.00000e+00
0.00000e+00 3.51393e-05 1.13216e-05 0.00000e+00
0.00000e+00 3.40122e-05 1.20925e-05 0.00000e+00
0.00000e+00 3.30965e-05 1.27590e-05 0.00000e+00
0.00000e+00 3.23498e-05 1.32836e-05 0.00000e+00
0.00000e+00 3.17139e-05 1.36307e-05 0.00000e+00
0.00000e+00 3.11184e-05 1.37708e-05 0.00000e+00
0.00000e+00 3.04871e-05 1.36855e-05 0.00000e+00
0.00000e+00 2.97463e-05 1.33731e-05 0.00000e+00
0.00000e+00 2.88360e-05 1.28534e-05 0.00000e+00
0.00000e+00 2.77223e-05 1.21711e-05 0.00000e+00
0.00000e+00 2.64077e-05 1.13957e-05 0.00000e+00
0.00000e+00 2.49379e-05 1.06171e-05 0.00000e+00
0.00000e+00 2.34009e-05 9.93426e-06 0.00000e+00
0.00000e+00 2.19156e-05 9.43879e-06 0.00000e+00
0.00000e+00 2.06089e-05 9.19334e-06 0.00000e+00
0.00000e+00 1.95836e-05 9.21036e-06 0.00000e+00
0.00000e+00 1.88842e-05 9.43765e-06 0.00000e+00
0.00000e+00 1.84711e-05 9.75899e-06 0.00000e+00
0.00000e+00 1.82183e-05 1.00167e-05 0.00000e+00
0.00000e+00 1.79429e-05 1.00573e-05 0.00000e+00
0.00000e+00 1.74693e-05 9.79025e-06 0.00000e+00
0.00000e+00 1.67071e-05 9.23912e-06 0.00000e+00
0.00000e+00 1.57102e-05 8.55366e-06 0.00000e+00
0.00000e+00 1.46734e-05 7.96055e-06 0.00000e+00
0.00000e+00 1.38447e-05 7.65461e-06 0.00000e+00
0.00000e+00 1.33783e-05 7.67668e-06 0.00000e+00
0.00000e+00 1.32115e-05 7.85870e-06 0.00000e+00
0.00000e+00 1.30738e-05 7.90668e-06 0.00000e+00
0.00000e+00 1.26707e-05 7.60883e-06 0.00000e+00
0.00000e+00 1.19374e-05 7.03082e-06 0.00000e+00
0.00000e+00 1.11370e-05 6.50174e-06 0.00000e+00
0.00000e+00 1.06359e-05 6.32410e-06 0.00000e+00
0.00000e+00 1.05051e-05 6.43731e-06 0.00000e+00
0.00000e+00 1.03898e-05 6.43627e-06 0.00000e+00
0.00000e+00 9.91855e-06 6.04811e-06 0.00000e+00
0.00000e+00 9.23119e-06 5.53418e-06 0.00000e+00
0.00000e+00 8.82479e-06 5.36198e-06 0.00000e+00
0.00000e+00 8.76686e-06 5.46360e-06 0.00000e+00
0.00000e+00 8.52758e-06 5.29723e-06 0.00000e+00
0.00000e+00 7.93877e-06 4.82968e-06 0.00000e+00
0.00000e+00 7.56941e-06 4.64920e-06 0.00000e+00
0.00000e+00 7.52682e-06 4.73052e-06 0.00000e+00
0.00000e+00 7.17703e-06 4.45635e-06 0.00000e+00
0.00000e+00 6.68901e-06 4.11636e-06 0.00000e+00
0.00000e+00 6.60895e-06 4.17401e-06 0.00000e+00
0.00000e+00 6.34584e-06 3.98833e-06 0.00000e+00
0.00000e+00 5.91029e-06 3.68872e-06 0.00000e+00
0.00000e+00 5.85525e-06 3.75129e-06 0.00000e+00
0.00000e+00 5.49531e-06 3.47965e-06 0.00000e+00
0.00000e+00 5.26038e-06 3.38051e-06 0.00000e+00
0.00000e+00 5.10633e-06 3.31261e-06 0.00000e+00
0.00000e+00 4.76079e-06 3.08891e-06 0.00000e+00
0.00000e+00 4.67647e-06 3.09927e-06 0.00000e+00
0.00000e+00 4.33372e-06 2.86767e-06 0.00000e+00
0.00000e+00 4.24737e-06 2.87518e-06 0.00000e+00
0.00000e+00 3.95367e-06 2.69018e-06 0.00000e+00
0.00000e+00 3.81625e-06 2.63989e-06 0.00000e+00
0.00000e+00 3.63391e-06 2.56338e-06 0.00000e+00
0.00000e+00 3.39018e-06 2.40656e-06 0.00000e+00
0.00000e+00 3.29961e-06 2.40634e-06 0.00000e+00
0.00000e+00 3.10165e-06 2.30279e-06 0.00000e+00
0.00000e+00 2.89050e-06 2.17442e-06 0.00000e+00
0.00000e+00 2.77087e-06 2.13537e-06 0.00000e+00
0.00000e+00 2.65450e-06 2.10196e-06 0.00000e+00
0.00000e+00 2.49937e-06 2.02756e-06 0.00000e+00
0.00000e+00 2.33481e-06 1.93920e-06 0.00000e+00
0.00000e+00 2.18399e-06 1.86083e-06 0.00000e+00
0.00000e+00 2.04861e-06 1.79506e-06 0.00000e+00
0.00000e+00 1.92450e-06 1.73799e-06 0.00000e+00
0.00000e+00 1.81070e-06 1.68846e-06 0.00000e+00
0.00000e+00 1.70875e-06 1.64761e-06 0.00000e+00
0.00000e+00 1.61376e-06 1.60996e-06 0.00000e+00
0.00000e+00 1.50534e-06 1.55520e-06 0.00000e+00
0.00000e+00 1.37855e-06 1.48001e-06 0.00000e+00
0.00000e+00 1.29008e-06 1.44106e-06 0.00000e+00
0.00000e+00 1.21704e-06 1.41206e-06 0.00000e+00
0.00000e+00 1.10378e-06 1.34100e-06 0.00000e+00
0.00000e+00 1.04781e-06 1.32321e-06 0.00000e+00
0.00000e+00 9.50356e-07 1.26149e-06 0.00000e+00
0.00000e+00 8.80086e-07 1.22247e-06 0.00000e+00
0.00000e+00 8.25150e-07 1.19654e-06 0.00000e+00
0.00000e+00 7.57794e-07 1.15513e-06 0.00000e+00
0.00000e+00 6.92256e-07 1.11220e-06 0.00000e+00
0.00000e+00 6.35151e-07 1.07459e-06 0.00000e+00
0.00000e+00 5.85155e-07 1.04106e-06 0.00000e+00
