0.00000e+00 6.72454e-05 1.59857e-06 0.00000e+00
0.00000e+00 6.48300e-05 1.87158e-06 0.00000e+00
0.00000e+00 6.23410e-05 2.18503e-06 0.00000e+00
0.00000e+00 5.97937e-05 2.54304e-06 0.00000e+00
0.00000e+00 5.72066e-05 2.94955e-06 0.00000e+00
0.00000e+00 5.46015e-05 3.40812e-06 0.00000e+00
0.00000e+00 5.20039e-05 3.92156e-06 0.00000e+00
0.00000e+00 4.94417e-05 4.49162e-06 0.00000e+00
0.00000e+00 4.69456e-05 5.11845e-06 0.00000e+00
0.00000e+00 4.45479e-05 5.80012e-06 0.00000e+00
0.00000e+00 4.22809e-05 6.53197e-06 0.00000e+00
0.00000e+00 4.01760e-05 7.30597e-06 0.00000e+00
0.00000e+00 3.82612e-05 8.11016e-06 0.00000e+00
0.00000e+00 3.65589e-05 8.92802e-06 0.00000e+00
0.00000e+00 3.50833e-05 9.73822e-06 0.00000e+00
0.00000e+00 3.38379e-05 1.05146e-05 0.00000e+00
0.00000e+00 3.28130e-05 1.12265e-05 0.00000e+00
0.00000e+00 3.19839e-05 1.18403e-05 0.00000e+00
0.00000e+00 3.13106e-05 1.23210e-05 0.00000e+00
0.00000e+00 3.07384e-05 1.26356e-05 0.00000e+00
0.00000e+00 3.02014e-05 1.27566e-05 0.00000e+00
0.00000e+00 2.96280e-05 1.26672e-05 0.00000e+00
0.00000e+00 2.89493e-05 1.23659e-05 0.00000e+00
0.00000e+00 2.81094e-05 1.18717e-05 0.00000e+00
0.00000e+00 2.70768e-05 1.12267e-05 0.00000e+00
0.00000e+00 2.58540e-05 1.04961e-05 0.00000e+00
0.00000e+00 2.44841e-05 9.76407e-06 0.00000e+00
0.00000e+00 2.30499e-05 9.12344e-06 0.00000e+00
0.00000e+00 2.16627e-05 8.65970e-06 0.00000e+00
0.00000e+00 2.04413e-05 8.43127e-06 0.00000e+00
0.00000e+00 1.94820e-05 8.44951e-06 0.00000e+00
0.00000e+00 1.88261e-05 8.66522e-06 0.00000e+00
0.00000e+00 1.84363e-05 8.96935e-06 0.00000e+00
0.00000e+00 1.81945e-05 9.21419e-06 0.00000e+00
0.00000e+00 1.79297e-05 9.25604e-06 0.00000e+00
0.00000e+00 1.74774e-05 9.01053e-06 0.00000e+00
0.00000e+00 1.67536e-05 8.49991e-06 0.00000e+00
0.00000e+00 1.58092e-05 7.86463e-06 0.00000e+00
0.00000e+00 1.48270e-05 7.31692e-06 0.00000e+00
0.00000e+00 1.40394e-05 7.03893e-06 0.00000e+00
0.00000e+00 1.35904e-05 7.06841e-06 0.00000e+00
0.00000e+00 1.34210e-05 7.24758e-06 0.00000e+00
0.00000e+00 1.32780e-05 7.30103e-06 0.00000e+00
0.00000e+00 1.28854e-05 7.03060e-06 0.00000e+00
0.00000e+00 1.21835e-05 6.49816e-06 0.00000e+00
0.00000e+00 1.14188e-05 6.01198e-06 0.00000e+00
0.00000e+00 1.09344e-05 5.85508e-06 0.00000e+00
0.00000e+00 1.07966e-05 5.97023e-06 0.00000e+00
0.00000e+00 1.06727e-05 5.97787e-06 0.00000e+00
0.00000e+00 1.02153e-05 5.62278e-06 0.00000e+00
0.00000e+00 9.55576e-06 5.15004e-06 0.00000e+00
0.00000e+00 9.15975e-06 4.99732e-06 0.00000e+00
0.00000e+00 9.09007e-06 5.10054e-06 0.00000e+00
0.00000e+00 8.85047e-06 4.95227e-06 0.00000e+00
0.00000e+00 8.28392e-06 4.52182e-06 0.00000e+00
0.00000e+00 7.92342e-06 4.36008e-06 0.00000e+00
0.00000e+00 7.86909e-06 4.44296e-06 0.00000e+00
0.00000e+00 7.52719e-06 4.19237e-06 0.00000e+00
0.00000e+00 7.05634e-06 3.87993e-06 0.00000e+00
0.00000e+00 6.96782e-06 3.93938e-06 0.00000e+00
0.00000e+00 6.70785e-06 3.77027e-06 0.00000e+00
0.00000e+00 6.28671e-06 3.49412e-06 0.00000e+00
0.00000e+00 6.22195e-06 3.55656e-06 0.00000e+00
0.00000e+00 5.87153e-06 3.30540e-06 0.00000e+00
0.00000e+00 5.63822e-06 3.21541e-06 0.00000e+00
0.00000e+00 5.48034e-06 3.15404e-06 0.00000e+00
0.00000e+00 5.14297e-06 2.94642e-06 0.00000e+00
0.00000e+00 5.04987e-06 2.95753e-06 0.00000e+00
0.00000e+00 4.71441e-06 2.74175e-06 0.00000e+00
0.00000e+00 4.61856e-06 2.74952e-06 0.00000e+00
0.00000e+00 4.32828e-06 2.57699e-06 0.00000e+00
0.00000e+00 4.18381e-06 2.53034e-06 0.00000e+00
0.00000e+00 3.99705e-06 2.45925e-06 0.00000e+00
0.00000e+00 3.75223e-06 2.31276e-06 0.00000e+00
0.00000e+00 3.65067e-06 2.31313e-06 0.00000e+00
0.00000e+00 3.44832e-06 2.21688e-06 0.00000e+00
0.00000e+00 3.23345e-06 2.09754e-06 0.00000e+00
0.00000e+00 3.10426e-06 2.06207e-06 0.00000e+00
0.00000e+00 2.97816e-06 2.03210e-06 0.00000e+00
0.00000e+00 2.81583e-06 1.96391e-06 0.00000e+00
0.00000e+00 2.64475e-06 1.88277e-06 0.00000e+00
0.00000e+00 2.48665e-06 1.81104e-06 0.00000e+00
0.00000e+00 2.34313e-06 1.75115e-06 0.00000e+00
0.00000e+00 2.21029e-06 1.69938e-06 0.00000e+00
0.00000e+00 2.08723e-06 1.65465e-06 0.00000e+00
0.00000e+00 1.97542e-06 1.61798e-06 0.00000e+00
0.00000e+00 1.87029e-06 1.58426e-06 0.00000e+00
0.00000e+00 1.75278e-06 1.53446e-06 0.00000e+00
0.00000e+00 1.61828e-06 1.46547e-06 0.00000e+00
0.00000e+00 1.51990e-06 1.43035e-06 0.00000e+00
0.00000e+00 1.43624e-06 1.40446e-06 0.00000e+00
0.00000e+00 1.31515e-06 1.33909e-06 0.00000e+00
0.00000e+00 1.24800e-06 1.32351e-06 0.00000e+00
0.00000e+00 1.14230e-06 1.26670e-06 0.00000e+00
0.00000e+00 1.06238e-06 1.23107e-06 0.00000e+00
0.00000e+00 9.97191e-07 1.20761e-06 0.00000e+00
0.00000e+00 9.20717e-07 1.16956e-06 0.00000e+00
0.00000e+00 8.46327e-07 1.12998e-06 0.00000e+00
0.00000e+00 7.80202e-07 1.09525e-06 0.00000e+00
0.00000e+00 7.21105e-07 1.06422e-06 0.00000e+00
