0.00000e+00 7.41223e-05 1.64661e-06 0.00000e+00
0.00000e+00 7.16034e-05 1.92800e-06 0.00000e+00
0.00000e+00 6.90058e-05 2.25112e-06 0.00000e+00
0.00000e+00 6.63451e-05 2.62025e-06 0.00000e+00
0.00000e+00 6.36401e-05 3.03950e-06 0.00000e+00
0.00000e+00 6.09131e-05 3.51255e-06 0.00000e+00
0.00000e+00 5.81900e-05 4.04238e-06 0.00000e+00
0.00000e+00 5.54995e-05 4.63084e-06 0.00000e+00
0.00000e+00 5.28731e-05 5.27819e-06 0.00000e+00
0.00000e+00 5.03437e-05 5.98254e-06 0.00000e+00
0.00000e+00 4.79449e-05 6.73921e-06 0.00000e+00
0.00000e+00 4.57087e-05 7.54009e-06 0.00000e+00
0.00000e+00 4.36641e-05 8.37301e-06 0.00000e+00
0.00000e+00 4.18344e-05 9.22116e-06 0.00000e+00
0.00000e+00 4.02345e-05 1.00628e-05 0.00000e+00
0.00000e+00 3.88684e-05 1.08711e-05 0.00000e+00
0.00000e+00 3.77266e-05 1.16148e-05 0.00000e+00
0.00000e+00 3.67845e-05 1.22593e-05 0.00000e+00
0.00000e+00 3.60015e-05 1.27690e-05 0.00000e+00
0.00000e+00 3.53222e-05 1.31096e-05 0.00000e+00
0.00000e+00 3.46795e-05 1.32530e-05 0.00000e+00
0.00000e+00 3.40005e-05 1.31817e-05 0.00000e+00
0.00000e+00 3.32150e-05 1.28939e-05 0.00000e+00
0.00000e+00 3.22658e-05 1.24085e-05 0.00000e+00
0.00000e+00 3.11208e-05 1.17682e-05 0.00000e+00
0.00000e+00 2.97823e-05 1.10396e-05 0.00000e+00
0.00000e+00 2.82945e-05 1.03083e-05 0.00000e+00
0.00000e+00 2.67417e-05 9.66906e-06 0.00000e+00
0.00000e+00 2.52376e-05 9.20935e-06 0.00000e+00
0.00000e+00 2.39040e-05 8.98899e-06 0.00000e+00
0.00000e+00 2.28394e-05 9.01983e-06 0.00000e+00
0.00000e+00 2.20864e-05 9.25189e-06 0.00000e+00
0.00000e+00 2.16075e-05 9.57393e-06 0.00000e+00
0.00000e+00 2.12823e-05 9.83510e-06 0.00000e+00
0.00000e+00 2.09363e-05 9.88846e-06 0.00000e+00
0.00000e+00 2.04015e-05 9.64749e-06 0.00000e+00
0.00000e+00 1.95918e-05 9.13454e-06 0.00000e+00
0.00000e+00 1.85589e-05 8.49276e-06 0.00000e+00
0.00000e+00 1.74892e-05 7.93882e-06 0.00000e+00
0.00000e+00 1.66201e-05 7.65897e-06 0.00000e+00
0.00000e+00 1.60990e-05 7.69212e-06 0.00000e+00
0.00000e+00 1.58660e-05 7.87743e-06 0.00000e+00
0.00000e+00 1.56626e-05 7.93365e-06 0.00000e+00
0.00000e+00 1.52067e-05 7.65812e-06 0.00000e+00
0.00000e+00 1.44368e-05 7.11367e-06 0.00000e+00
0.00000e+00 1.36043e-05 6.61501e-06 0.00000e+00
0.00000e+00 1.30597e-05 6.45149e-06 0.00000e+00
0.00000e+00 1.28709e-05 6.56513e-06 0.00000e+00
0.00000e+00 1.26984e-05 6.56847e-06 0.00000e+00
0.00000e+00 1.21869e-05 6.20056e-06 0.00000e+00
0.00000e+00 1.14703e-05 5.71145e-06 0.00000e+00
0.00000e+00 1.10240e-05 5.54836e-06 0.00000e+00
0.00000e+00 1.09124e-05 5.64636e-06 0.00000e+00
0.00000e+00 1.06288e-05 5.48725e-06 0.00000e+00
0.00000e+00 1.00124e-05 5.03935e-06 0.00000e+00
0.00000e+00 9.60731e-06 4.86537e-06 0.00000e+00
0.00000e+00 9.51616e-06 4.94117e-06 0.00000e+00
0.00000e+00 9.13247e-06 4.67631e-06 0.00000e+00
0.00000e+00 8.61781e-06 4.34790e-06 0.00000e+00
0.00000e+00 8.49452e-06 4.39925e-06 0.00000e+00
0.00000e+00 8.19714e-06 4.21727e-06 0.00000e+00
0.00000e+00 7.73571e-06 3.92573e-06 0.00000e+00
0.00000e+00 7.63898e-06 3.98009e-06 0.00000e+00
0.00000e+00 7.25119e-06 3.71423e-06 0.00000e+00
0.00000e+00 6.98339e-06 3.61291e-06 0.00000e+00
0.00000e+00 6.79324e-06 3.54104e-06 0.00000e+00
0.00000e+00 6.42006e-06 3.31979e-06 0.00000e+00
0.00000e+00 6.29679e-06 3.32218e-06 0.00000e+00
0.00000e+00 5.92622e-06 3.09294e-06 0.00000e+00
0.00000e+00 5.80068e-06 3.09229e-06 0.00000e+00
0.00000e+00 5.47671e-06 2.90765e-06 0.00000e+00
0.00000e+00 5.30192e-06 2.85191e-06 0.00000e+00
0.00000e+00 5.08392e-06 2.77135e-06 0.00000e+00
0.00000e+00 4.80689e-06 2.61424e-06 0.00000e+00
0.00000e+00 4.67627e-06 2.60739e-06 0.00000e+00
0.00000e+00 4.44261e-06 2.50204e-06 0.00000e+00
0.00000e+00 4.19631e-06 2.37352e-06 0.00000e+00
0.00000e+00 4.03751e-06 2.33098e-06 0.00000e+00
0.00000e+00 3.88188e-06 2.29439e-06 0.00000e+00
0.00000e+00 3.68929e-06 2.21913e-06 0.00000e+00
0.00000e+00 3.48785e-06 2.13102e-06 0.00000e+00
0.00000e+00 3.29978e-06 2.05293e-06 0.00000e+00
0.00000e+00 3.12672e-06 1.98731e-06 0.00000e+00
0.00000e+00 2.96475e-06 1.93035e-06 0.00000e+00
0.00000e+00 2.81298e-06 1.88095e-06 0.00000e+00
0.00000e+00 2.67291e-06 1.84011e-06 0.00000e+00
0.00000e+00 2.53993e-06 1.80259e-06 0.00000e+00
0.00000e+00 2.39457e-06 1.74891e-06 0.00000e+00
0.00000e+00 2.23215e-06 1.67587e-06 0.00000e+00
0.00000e+00 2.10693e-06 1.63763e-06 0.00000e+00
0.00000e+00 1.99706e-06 1.60902e-06 0.00000e+00
0.00000e+00 1.84933e-06 1.54025e-06 0.00000e+00
0.00000e+00 1.75708e-06 1.52250e-06 0.00000e+00
0.00000e+00 1.62588e-06 1.46279e-06 0.00000e+00
0.00000e+00 1.52148e-06 1.42483e-06 0.00000e+00
0.00000e+00 1.43257e-06 1.39938e-06 0.00000e+00
0.00000e+00 1.33267e-06 1.35914e-06 0.00000e+00
0.00000e+00 1.23542e-06 1.31740e-06 0.00000e+00
0.00000e+00 1.14716e-06 1.28065e-06 0.00000e+00
0.00000e+00 1.06664e-06 1.24769e-06 0.00000e+00
