0.00000e+00 4.30664e-05 1.03710e-06 0.00000e+00
0.00000e+00 4.15199e-05 1.21408e-06 0.00000e+00
0.00000e+00 3.99275e-05 1.41723e-06 0.00000e+00
0.00000e+00 3.82993e-05 1.64920e-06 0.00000e+00
0.00000e+00 3.66474e-05 1.91253e-06 0.00000e+00
0.00000e+00 3.49861e-05 2.20947e-06 0.00000e+00
0.00000e+00 3.33320e-05 2.54182e-06 0.00000e+00
0.00000e+00 3.17035e-05 2.91065e-06 0.00000e+00
0.00000e+00 3.01203e-05 3.31600e-06 0.00000e+00
0.00000e+00 2.86036e-05 3.75652e-06 0.00000e+00
0.00000e+00 2.71742e-05 4.22910e-06 0.00000e+00
0.00000e+00 2.58526e-05 4.72843e-06 0.00000e+00
0.00000e+00 2.46566e-05 5.24659e-06 0.00000e+00
0.00000e+00 2.36006e-05 5.77276e-06 0.00000e+00
0.00000e+00 2.26936e-05 6.29293e-06 0.00000e+00
0.00000e+00 2.19374e-05 6.78996e-06 0.00000e+00
0.00000e+00 2.13252e-05 7.24388e-06 0.00000e+00
0.00000e+00 2.08404e-05 7.63268e-06 0.00000e+00
0.00000e+00 2.04564e-05 7.93363e-06 0.00000e+00
0.00000e+00 2.01370e-05 8.12523e-06 0.00000e+00
0.00000e+00 1.98387e-05 8.18977e-06 0.00000e+00
0.00000e+00 1.95145e-05 8.11648e-06 0.00000e+00
0.00000e+00 1.91192e-05 7.90480e-06 0.00000e+00
0.00000e+00 1.86162e-05 7.56742e-06 0.00000e+00
0.00000e+00 1.79849e-05 7.13223e-06 0.00000e+00
0.00000e+00 1.72273e-05 6.64234e-06 0.00000e+00
0.00000e+00 1.63719e-05 6.15306e-06 0.00000e+00
0.00000e+00 1.54731e-05 5.72526e-06 0.00000e+00
0.00000e+00 1.46040e-05 5.41492e-06 0.00000e+00
0.00000e+00 1.38426e-05 5.26014e-06 0.00000e+00
0.00000e+00 1.32515e-05 5.26803e-06 0.00000e+00
0.00000e+00 1.28578e-05 5.40601e-06 0.00000e+00
0.00000e+00 1.26364e-05 5.60228e-06 0.00000e+00
0.00000e+00 1.25097e-05 5.75983e-06 0.00000e+00
0.00000e+00 1.23652e-05 5.78454e-06 0.00000e+00
0.00000e+00 1.20953e-05 5.62133e-06 0.00000e+00
0.00000e+00 1.16452e-05 5.28519e-06 0.00000e+00
0.00000e+00 1.10487e-05 4.86860e-06 0.00000e+00
0.00000e+00 1.04262e-05 4.51089e-06 0.00000e+00
0.00000e+00 9.93012e-06 4.33136e-06 0.00000e+00
0.00000e+00 9.65478e-06 4.35432e-06 0.00000e+00
0.00000e+00 9.56110e-06 4.47580e-06 0.00000e+00
0.00000e+00 9.48263e-06 4.51491e-06 0.00000e+00
0.00000e+00 9.23853e-06 4.34185e-06 0.00000e+00
0.00000e+00 8.78996e-06 3.99760e-06 0.00000e+00
0.00000e+00 8.29917e-06 3.68469e-06 0.00000e+00
0.00000e+00 7.99139e-06 3.58858e-06 0.00000e+00
0.00000e+00 7.90962e-06 3.67118e-06 0.00000e+00
0.00000e+00 7.83530e-06 3.68313e-06 0.00000e+00
0.00000e+00 7.54066e-06 3.45719e-06 0.00000e+00
0.00000e+00 7.11245e-06 3.15461e-06 0.00000e+00
0.00000e+00 6.85638e-06 3.06255e-06 0.00000e+00
0.00000e+00 6.81326e-06 3.13842e-06 0.00000e+00
0.00000e+00 6.65722e-06 3.04904e-06 0.00000e+00
0.00000e+00 6.28566e-06 2.77471e-06 0.00000e+00
0.00000e+00 6.04869e-06 2.67710e-06 0.00000e+00
0.00000e+00 6.01163e-06 2.73989e-06 0.00000e+00
0.00000e+00 5.78470e-06 2.58362e-06 0.00000e+00
0.00000e+00 5.47251e-06 2.38699e-06 0.00000e+00
0.00000e+00 5.41054e-06 2.43444e-06 0.00000e+00
0.00000e+00 5.23500e-06 2.33156e-06 0.00000e+00
0.00000e+00 4.95310e-06 2.15854e-06 0.00000e+00
0.00000e+00 4.90441e-06 2.20763e-06 0.00000e+00
0.00000e+00 4.66735e-06 2.05061e-06 0.00000e+00
0.00000e+00 4.50668e-06 1.99943e-06 0.00000e+00
0.00000e+00 4.39470e-06 1.96673e-06 0.00000e+00
0.00000e+00 4.16437e-06 1.83799e-06 0.00000e+00
0.00000e+00 4.09374e-06 1.85261e-06 0.00000e+00
0.00000e+00 3.86347e-06 1.71818e-06 0.00000e+00
0.00000e+00 3.78994e-06 1.73033e-06 0.00000e+00
0.00000e+00 3.58832e-06 1.62401e-06 0.00000e+00
0.00000e+00 3.48193e-06 1.60014e-06 0.00000e+00
0.00000e+00 3.34737e-06 1.56011e-06 0.00000e+00
0.00000e+00 3.17433e-06 1.47046e-06 0.00000e+00
0.00000e+00 3.09497e-06 1.47704e-06 0.00000e+00
0.00000e+00 2.94916e-06 1.42007e-06 0.00000e+00
0.00000e+00 2.79477e-06 1.34770e-06 0.00000e+00
0.00000e+00 2.69628e-06 1.33019e-06 0.00000e+00
0.00000e+00 2.59955e-06 1.31610e-06 0.00000e+00
0.00000e+00 2.47873e-06 1.27673e-06 0.00000e+00
0.00000e+00 2.35187e-06 1.22863e-06 0.00000e+00
0.00000e+00 2.23324e-06 1.18651e-06 0.00000e+00
0.00000e+00 2.12391e-06 1.15196e-06 0.00000e+00
0.00000e+00 2.02133e-06 1.12256e-06 0.00000e+00
0.00000e+00 1.92493e-06 1.09760e-06 0.00000e+00
0.00000e+00 1.83569e-06 1.07778e-06 0.00000e+00
0.00000e+00 1.75065e-06 1.05975e-06 0.00000e+00
0.00000e+00 1.65731e-06 1.03101e-06 0.00000e+00
0.00000e+00 1.55268e-06 9.89567e-07 0.00000e+00
0.00000e+00 1.47167e-06 9.70243e-07 0.00000e+00
0.00000e+00 1.40021e-06 9.56857e-07 0.00000e+00
0.00000e+00 1.30417e-06 9.17466e-07 0.00000e+00
0.00000e+00 1.24351e-06 9.10650e-07 0.00000e+00
0.00000e+00 1.15756e-06 8.76664e-07 0.00000e+00
0.00000e+00 1.08857e-06 8.56469e-07 0.00000e+00
0.00000e+00 1.02933e-06 8.44163e-07 0.00000e+00
0.00000e+00 9.62799e-07 8.22182e-07 0.00000e+00
0.00000e+00 8.97776e-07 7.99088e-07 0.00000e+00
0.00000e+00 8.38352e-07 7.79073e-07 0.00000e+00
0.00000e+00 7.83748e-07 7.61367e-07 0.00000e+00
