0.00000e+00 6.19704e-05 1.47269e-06 0.00000e+00
0.00000e+00 5.97375e-05 1.72427e-06 0.00000e+00
0.00000e+00 5.74361e-05 2.01314e-06 0.00000e+00
0.00000e+00 5.50802e-05 2.34310e-06 0.00000e+00
0.00000e+00 5.26869e-05 2.71781e-06 0.00000e+00
0.00000e+00 5.02763e-05 3.14055e-06 0.00000e+00
0.00000e+00 4.78717e-05 3.61394e-06 0.00000e+00
0.00000e+00 4.54989e-05 4.13961e-06 0.00000e+00
0.00000e+00 4.31861e-05 4.71774e-06 0.00000e+00
0.00000e+00 4.09631e-05 5.34659e-06 0.00000e+00
0.00000e+00 3.88598e-05 6.02190e-06 0.00000e+00
0.00000e+00 3.69052e-05 6.73636e-06 0.00000e+00
0.00000e+00 3.51251e-05 7.47896e-06 0.00000e+00
0.00000e+00 3.35403e-05 8.23459e-06 0.00000e+00
0.00000e+00 3.21641e-05 8.98365e-06 0.00000e+00
0.00000e+00 3.10000e-05 9.70206e-06 0.00000e+00
0.00000e+00 3.00394e-05 1.03618e-05 0.00000e+00
0.00000e+00 2.92598e-05 1.09317e-05 0.00000e+00
0.00000e+00 2.86248e-05 1.13797e-05 0.00000e+00
0.00000e+00 2.80842e-05 1.16752e-05 0.00000e+00
0.00000e+00 2.75777e-05 1.17931e-05 0.00000e+00
0.00000e+00 2.70396e-05 1.17174e-05 0.00000e+00
0.00000e+00 2.64068e-05 1.14469e-05 0.00000e+00
0.00000e+00 2.56276e-05 1.09986e-05 0.00000e+00
0.00000e+00 2.46730e-05 1.04108e-05 0.00000e+00
0.00000e+00 2.35451e-05 9.74346e-06 0.00000e+00
0.00000e+00 2.22832e-05 9.07359e-06 0.00000e+00
0.00000e+00 2.09628e-05 8.48632e-06 0.00000e+00
0.00000e+00 1.96860e-05 8.06021e-06 0.00000e+00
0.00000e+00 1.85618e-05 7.84904e-06 0.00000e+00
0.00000e+00 1.76784e-05 7.86350e-06 0.00000e+00
0.00000e+00 1.70738e-05 8.05874e-06 0.00000e+00
0.00000e+00 1.67143e-05 8.33496e-06 0.00000e+00
0.00000e+00 1.64913e-05 8.55679e-06 0.00000e+00
0.00000e+00 1.62482e-05 8.59241e-06 0.00000e+00
0.00000e+00 1.58340e-05 8.36426e-06 0.00000e+00
0.00000e+00 1.51713e-05 7.89252e-06 0.00000e+00
0.00000e+00 1.43063e-05 7.30580e-06 0.00000e+00
0.00000e+00 1.34065e-05 6.79871e-06 0.00000e+00
0.00000e+00 1.26849e-05 6.53849e-06 0.00000e+00
0.00000e+00 1.22735e-05 6.56012e-06 0.00000e+00
0.00000e+00 1.21188e-05 6.71925e-06 0.00000e+00
0.00000e+00 1.19886e-05 6.76348e-06 0.00000e+00
0.00000e+00 1.16299e-05 6.51098e-06 0.00000e+00
0.00000e+00 1.09873e-05 6.01817e-06 0.00000e+00
0.00000e+00 1.02868e-05 5.56756e-06 0.00000e+00
0.00000e+00 9.84288e-06 5.41883e-06 0.00000e+00
0.00000e+00 9.71660e-06 5.51987e-06 0.00000e+00
0.00000e+00 9.60323e-06 5.52286e-06 0.00000e+00
0.00000e+00 9.18405e-06 5.19354e-06 0.00000e+00
0.00000e+00 8.57916e-06 4.75632e-06 0.00000e+00
0.00000e+00 8.21534e-06 4.61252e-06 0.00000e+00
0.00000e+00 8.15052e-06 4.70375e-06 0.00000e+00
0.00000e+00 7.92987e-06 4.56484e-06 0.00000e+00
0.00000e+00 7.40908e-06 4.16733e-06 0.00000e+00
0.00000e+00 7.07666e-06 4.01623e-06 0.00000e+00
0.00000e+00 7.02474e-06 4.08979e-06 0.00000e+00
0.00000e+00 6.70906e-06 3.85804e-06 0.00000e+00
0.00000e+00 6.27476e-06 3.56970e-06 0.00000e+00
0.00000e+00 6.19075e-06 3.62262e-06 0.00000e+00
0.00000e+00 5.94962e-06 3.46649e-06 0.00000e+00
0.00000e+00 5.56057e-06 3.21243e-06 0.00000e+00
0.00000e+00 5.49828e-06 3.26916e-06 0.00000e+00
0.00000e+00 5.17435e-06 3.03881e-06 0.00000e+00
0.00000e+00 4.95789e-06 2.95642e-06 0.00000e+00
0.00000e+00 4.81099e-06 2.90067e-06 0.00000e+00
0.00000e+00 4.49986e-06 2.71102e-06 0.00000e+00
0.00000e+00 4.41316e-06 2.72213e-06 0.00000e+00
0.00000e+00 4.10477e-06 2.52537e-06 0.00000e+00
0.00000e+00 4.01667e-06 2.53371e-06 0.00000e+00
0.00000e+00 3.75076e-06 2.37664e-06 0.00000e+00
0.00000e+00 3.61922e-06 2.33504e-06 0.00000e+00
0.00000e+00 3.44932e-06 2.27080e-06 0.00000e+00
0.00000e+00 3.22691e-06 2.13745e-06 0.00000e+00
0.00000e+00 3.13622e-06 2.13841e-06 0.00000e+00
0.00000e+00 2.95357e-06 2.05053e-06 0.00000e+00
0.00000e+00 2.75984e-06 1.94120e-06 0.00000e+00
0.00000e+00 2.64493e-06 1.90844e-06 0.00000e+00
0.00000e+00 2.53307e-06 1.88041e-06 0.00000e+00
0.00000e+00 2.38821e-06 1.81707e-06 0.00000e+00
0.00000e+00 2.23552e-06 1.74165e-06 0.00000e+00
0.00000e+00 2.09491e-06 1.67469e-06 0.00000e+00
0.00000e+00 1.96784e-06 1.61845e-06 0.00000e+00
0.00000e+00 1.85074e-06 1.56956e-06 0.00000e+00
0.00000e+00 1.74278e-06 1.52707e-06 0.00000e+00
0.00000e+00 1.64530e-06 1.49193e-06 0.00000e+00
0.00000e+00 1.55409e-06 1.45944e-06 0.00000e+00
0.00000e+00 1.45167e-06 1.41217e-06 0.00000e+00
0.00000e+00 1.33377e-06 1.34728e-06 0.00000e+00
0.00000e+00 1.24910e-06 1.31343e-06 0.00000e+00
0.00000e+00 1.17799e-06 1.28804e-06 0.00000e+00
0.00000e+00 1.07267e-06 1.22646e-06 0.00000e+00
0.00000e+00 1.01686e-06 1.21055e-06 0.00000e+00
0.00000e+00 9.25738e-07 1.15683e-06 0.00000e+00
0.00000e+00 8.58282e-07 1.12255e-06 0.00000e+00
0.00000e+00 8.04305e-07 1.09942e-06 0.00000e+00
0.00000e+00 7.39980e-07 1.06296e-06 0.00000e+00
0.00000e+00 6.77529e-07 1.02511e-06 0.00000e+00
0.00000e+00 6.22628e-07 9.91771e-07 0.00000e+00
0.00000e+00 5.74140e-07 9.61881e-07 0.00000e+00
