0.00000e+00 6.03146e-05 1.46281e-06 0.00000e+00
0.00000e+00 5.81196e-05 1.71252e-06 0.00000e+00
0.00000e+00 5.58586e-05 1.99919e-06 0.00000e+00
0.00000e+00 5.35458e-05 2.32657e-06 0.00000e+00
0.00000e+00 5.11980e-05 2.69825e-06 0.00000e+00
0.00000e+00 4.88356e-05 3.11744e-06 0.00000e+00
0.00000e+00 4.64817e-05 3.58670e-06 0.00000e+00
0.00000e+00 4.41621e-05 4.10757e-06 0.00000e+00
0.00000e+00 4.19049e-05 4.68016e-06 0.00000e+00
0.00000e+00 3.97395e-05 5.30261e-06 0.00000e+00
0.00000e+00 3.76957e-05 5.97061e-06 0.00000e+00
0.00000e+00 3.58020e-05 6.67672e-06 0.00000e+00
0.00000e+00 3.40839e-05 7.40989e-06 0.00000e+00
0.00000e+00 3.25619e-05 8.15492e-06 0.00000e+00
0.00000e+00 3.12486e-05 8.89215e-06 0.00000e+00
0.00000e+00 3.01469e-05 9.59752e-06 0.00000e+00
0.00000e+00 2.92476e-05 1.02430e-05 0.00000e+00
0.00000e+00 2.85278e-05 1.07975e-05 0.00000e+00
0.00000e+00 2.79501e-05 1.12292e-05 0.00000e+00
0.00000e+00 2.74641e-05 1.15077e-05 0.00000e+00
0.00000e+00 2.70089e-05 1.16080e-05 0.00000e+00
0.00000e+00 2.65187e-05 1.15148e-05 0.00000e+00
0.00000e+00 2.59300e-05 1.12272e-05 0.00000e+00
0.00000e+00 2.51916e-05 1.07627e-05 0.00000e+00
0.00000e+00 2.42745e-05 1.01604e-05 0.00000e+00
0.00000e+00 2.31814e-05 9.48061e-06 0.00000e+00
0.00000e+00 2.19524e-05 8.80086e-06 0.00000e+00
0.00000e+00 2.06637e-05 8.20655e-06 0.00000e+00
0.00000e+00 1.94180e-05 7.77632e-06 0.00000e+00
0.00000e+00 1.83247e-05 7.56371e-06 0.00000e+00
0.00000e+00 1.74723e-05 7.57886e-06 0.00000e+00
0.00000e+00 1.68984e-05 7.77617e-06 0.00000e+00
0.00000e+00 1.65687e-05 8.05494e-06 0.00000e+00
0.00000e+00 1.63738e-05 8.27905e-06 0.00000e+00
0.00000e+00 1.61563e-05 8.31627e-06 0.00000e+00
0.00000e+00 1.57649e-05 8.08913e-06 0.00000e+00
0.00000e+00 1.51226e-05 7.61846e-06 0.00000e+00
0.00000e+00 1.42766e-05 7.03390e-06 0.00000e+00
0.00000e+00 1.33957e-05 6.53097e-06 0.00000e+00
0.00000e+00 1.26940e-05 6.27722e-06 0.00000e+00
0.00000e+00 1.23037e-05 6.30700e-06 0.00000e+00
0.00000e+00 1.21702e-05 6.47459e-06 0.00000e+00
0.00000e+00 1.20601e-05 6.52615e-06 0.00000e+00
0.00000e+00 1.17193e-05 6.27937e-06 0.00000e+00
0.00000e+00 1.10930e-05 5.79160e-06 0.00000e+00
0.00000e+00 1.04089e-05 5.34699e-06 0.00000e+00
0.00000e+00 9.98276e-06 5.20602e-06 0.00000e+00
0.00000e+00 9.87532e-06 5.31552e-06 0.00000e+00
0.00000e+00 9.77985e-06 5.32562e-06 0.00000e+00
0.00000e+00 9.37645e-06 5.00146e-06 0.00000e+00
0.00000e+00 8.78661e-06 4.56921e-06 0.00000e+00
0.00000e+00 8.43928e-06 4.43201e-06 0.00000e+00
0.00000e+00 8.39194e-06 4.53036e-06 0.00000e+00
0.00000e+00 8.18722e-06 4.39672e-06 0.00000e+00
0.00000e+00 7.68084e-06 4.00324e-06 0.00000e+00
0.00000e+00 7.36404e-06 3.85754e-06 0.00000e+00
0.00000e+00 7.32864e-06 3.93699e-06 0.00000e+00
0.00000e+00 7.02757e-06 3.70903e-06 0.00000e+00
0.00000e+00 6.60737e-06 3.42431e-06 0.00000e+00
0.00000e+00 6.53891e-06 3.48218e-06 0.00000e+00
0.00000e+00 6.31173e-06 3.32925e-06 0.00000e+00
0.00000e+00 5.93565e-06 3.07785e-06 0.00000e+00
0.00000e+00 5.88733e-06 3.13834e-06 0.00000e+00
0.00000e+00 5.57510e-06 2.90975e-06 0.00000e+00
0.00000e+00 5.37033e-06 2.82979e-06 0.00000e+00
0.00000e+00 5.23430e-06 2.77602e-06 0.00000e+00
0.00000e+00 4.93236e-06 2.58759e-06 0.00000e+00
0.00000e+00 4.85481e-06 2.60061e-06 0.00000e+00
0.00000e+00 4.55336e-06 2.40465e-06 0.00000e+00
0.00000e+00 4.47205e-06 2.41464e-06 0.00000e+00
0.00000e+00 4.21104e-06 2.25857e-06 0.00000e+00
0.00000e+00 4.08376e-06 2.21850e-06 0.00000e+00
0.00000e+00 3.91693e-06 2.15594e-06 0.00000e+00
0.00000e+00 3.69611e-06 2.02404e-06 0.00000e+00
0.00000e+00 3.60669e-06 2.02742e-06 0.00000e+00
0.00000e+00 3.42397e-06 1.94191e-06 0.00000e+00
0.00000e+00 3.22899e-06 1.83496e-06 0.00000e+00
0.00000e+00 3.11244e-06 1.80536e-06 0.00000e+00
0.00000e+00 2.99817e-06 1.78084e-06 0.00000e+00
0.00000e+00 2.84992e-06 1.72108e-06 0.00000e+00
0.00000e+00 2.69301e-06 1.64936e-06 0.00000e+00
0.00000e+00 2.54745e-06 1.58631e-06 0.00000e+00
0.00000e+00 2.41473e-06 1.53416e-06 0.00000e+00
0.00000e+00 2.29126e-06 1.48951e-06 0.00000e+00
0.00000e+00 2.17624e-06 1.45136e-06 0.00000e+00
0.00000e+00 2.07101e-06 1.42067e-06 0.00000e+00
0.00000e+00 1.97141e-06 1.39274e-06 0.00000e+00
0.00000e+00 1.85989e-06 1.35002e-06 0.00000e+00
0.00000e+00 1.73223e-06 1.28968e-06 0.00000e+00
0.00000e+00 1.63740e-06 1.26060e-06 0.00000e+00
0.00000e+00 1.55567e-06 1.24007e-06 0.00000e+00
0.00000e+00 1.43906e-06 1.18320e-06 0.00000e+00
0.00000e+00 1.37175e-06 1.17224e-06 0.00000e+00
0.00000e+00 1.26859e-06 1.12334e-06 0.00000e+00
0.00000e+00 1.18885e-06 1.09396e-06 0.00000e+00
0.00000e+00 1.12240e-06 1.07583e-06 0.00000e+00
0.00000e+00 1.04529e-06 1.04427e-06 0.00000e+00
0.00000e+00 9.69895e-07 1.01131e-06 0.00000e+00
0.00000e+00 9.01936e-07 9.82836e-07 0.00000e+00
0.00000e+00 8.40275e-07 9.57723e-07 0.00000e+00
