0.00000e+00 6.00632e-05 1.57779e-06 0.00000e+00
0.00000e+00 5.77269e-05 1.84696e-06 0.00000e+00
0.00000e+00 5.53223e-05 2.15591e-06 0.00000e+00
0.00000e+00 5.28649e-05 2.50865e-06 0.00000e+00
0.00000e+00 5.03732e-05 2.90903e-06 0.00000e+00
0.00000e+00 4.78693e-05 3.36046e-06 0.00000e+00
0.00000e+00 4.53782e-05 3.86565e-06 0.00000e+00
0.00000e+00 4.29281e-05 4.42618e-06 0.00000e+00
0.00000e+00 4.05494e-05 5.04208e-06 0.00000e+00
0.00000e+00 3.82740e-05 5.71126e-06 0.00000e+00
0.00000e+00 3.61341e-05 6.42891e-06 0.00000e+00
0.00000e+00 3.41604e-05 7.18688e-06 0.00000e+00
0.00000e+00 3.23803e-05 7.97307e-06 0.00000e+00
0.00000e+00 3.08158e-05 8.77090e-06 0.00000e+00
0.00000e+00 2.94801e-05 9.55896e-06 0.00000e+00
0.00000e+00 2.83761e-05 1.03111e-05 0.00000e+00
0.00000e+00 2.74931e-05 1.09968e-05 0.00000e+00
0.00000e+00 2.68058e-05 1.15824e-05 0.00000e+00
0.00000e+00 2.62732e-05 1.20334e-05 0.00000e+00
0.00000e+00 2.58399e-05 1.23169e-05 0.00000e+00
0.00000e+00 2.54395e-05 1.24060e-05 0.00000e+00
0.00000e+00 2.49999e-05 1.22844e-05 0.00000e+00
0.00000e+00 2.44521e-05 1.19513e-05 0.00000e+00
0.00000e+00 2.37402e-05 1.14261e-05 0.00000e+00
0.00000e+00 2.28327e-05 1.07517e-05 0.00000e+00
0.00000e+00 2.17326e-05 9.99398e-06 0.00000e+00
0.00000e+00 2.04835e-05 9.23740e-06 0.00000e+00
0.00000e+00 1.91684e-05 8.57498e-06 0.00000e+00
0.00000e+00 1.78988e-05 8.09221e-06 0.00000e+00
0.00000e+00 1.67937e-05 7.84722e-06 0.00000e+00
0.00000e+00 1.59489e-05 7.85082e-06 0.00000e+00
0.00000e+00 1.54050e-05 8.05320e-06 0.00000e+00
0.00000e+00 1.51241e-05 8.34469e-06 0.00000e+00
0.00000e+00 1.49871e-05 8.57720e-06 0.00000e+00
0.00000e+00 1.48224e-05 8.60702e-06 0.00000e+00
0.00000e+00 1.44657e-05 8.35020e-06 0.00000e+00
0.00000e+00 1.38332e-05 7.82976e-06 0.00000e+00
0.00000e+00 1.29767e-05 7.18701e-06 0.00000e+00
0.00000e+00 1.20801e-05 6.63473e-06 0.00000e+00
0.00000e+00 1.13760e-05 6.35505e-06 0.00000e+00
0.00000e+00 1.10084e-05 6.38501e-06 0.00000e+00
0.00000e+00 1.09176e-05 6.56582e-06 0.00000e+00
0.00000e+00 1.08493e-05 6.62129e-06 0.00000e+00
0.00000e+00 1.05277e-05 6.35331e-06 0.00000e+00
0.00000e+00 9.89339e-06 5.82459e-06 0.00000e+00
0.00000e+00 9.19441e-06 5.34436e-06 0.00000e+00
0.00000e+00 8.77460e-06 5.19572e-06 0.00000e+00
0.00000e+00 8.69959e-06 5.32037e-06 0.00000e+00
0.00000e+00 8.63565e-06 5.33752e-06 0.00000e+00
0.00000e+00 8.23513e-06 4.99187e-06 0.00000e+00
0.00000e+00 7.63067e-06 4.52967e-06 0.00000e+00
0.00000e+00 7.28899e-06 4.38926e-06 0.00000e+00
0.00000e+00 7.27236e-06 4.50546e-06 0.00000e+00
0.00000e+00 7.08324e-06 4.36953e-06 0.00000e+00
0.00000e+00 6.56510e-06 3.95143e-06 0.00000e+00
0.00000e+00 6.25254e-06 3.80337e-06 0.00000e+00
0.00000e+00 6.24519e-06 3.90025e-06 0.00000e+00
0.00000e+00 5.94799e-06 3.66273e-06 0.00000e+00
0.00000e+00 5.52078e-06 3.36374e-06 0.00000e+00
0.00000e+00 5.47571e-06 3.43742e-06 0.00000e+00
0.00000e+00 5.25739e-06 3.28159e-06 0.00000e+00
0.00000e+00 4.87692e-06 3.01875e-06 0.00000e+00
0.00000e+00 4.85276e-06 3.09502e-06 0.00000e+00
0.00000e+00 4.54126e-06 2.85660e-06 0.00000e+00
0.00000e+00 4.34676e-06 2.77981e-06 0.00000e+00
0.00000e+00 4.22688e-06 2.73113e-06 0.00000e+00
0.00000e+00 3.92669e-06 2.53579e-06 0.00000e+00
0.00000e+00 3.87061e-06 2.55918e-06 0.00000e+00
0.00000e+00 3.57115e-06 2.35490e-06 0.00000e+00
0.00000e+00 3.51124e-06 2.37419e-06 0.00000e+00
0.00000e+00 3.25609e-06 2.21249e-06 0.00000e+00
0.00000e+00 3.14650e-06 2.17642e-06 0.00000e+00
0.00000e+00 2.99402e-06 2.11542e-06 0.00000e+00
0.00000e+00 2.78299e-06 1.97851e-06 0.00000e+00
0.00000e+00 2.71509e-06 1.98834e-06 0.00000e+00
0.00000e+00 2.54579e-06 1.90094e-06 0.00000e+00
0.00000e+00 2.36348e-06 1.78993e-06 0.00000e+00
0.00000e+00 2.26661e-06 1.76256e-06 0.00000e+00
0.00000e+00 2.17244e-06 1.74032e-06 0.00000e+00
0.00000e+00 2.04149e-06 1.67935e-06 0.00000e+00
0.00000e+00 1.90130e-06 1.60500e-06 0.00000e+00
0.00000e+00 1.77363e-06 1.53969e-06 0.00000e+00
0.00000e+00 1.66005e-06 1.48588e-06 0.00000e+00
0.00000e+00 1.55666e-06 1.43986e-06 0.00000e+00
0.00000e+00 1.46253e-06 1.40058e-06 0.00000e+00
0.00000e+00 1.37908e-06 1.36907e-06 0.00000e+00
0.00000e+00 1.30179e-06 1.34027e-06 0.00000e+00
0.00000e+00 1.21148e-06 1.29509e-06 0.00000e+00
0.00000e+00 1.10353e-06 1.23045e-06 0.00000e+00
0.00000e+00 1.03118e-06 1.19956e-06 0.00000e+00
0.00000e+00 9.72890e-07 1.17773e-06 0.00000e+00
0.00000e+00 8.76442e-07 1.11616e-06 0.00000e+00
0.00000e+00 8.33349e-07 1.10435e-06 0.00000e+00
0.00000e+00 7.50916e-07 1.05109e-06 0.00000e+00
0.00000e+00 6.93601e-07 1.01894e-06 0.00000e+00
0.00000e+00 6.50292e-07 9.98904e-07 0.00000e+00
0.00000e+00 5.94940e-07 9.64185e-07 0.00000e+00
0.00000e+00 5.40906e-07 9.27871e-07 0.00000e+00
0.00000e+00 4.94398e-07 8.96404e-07 0.00000e+00
0.00000e+00 4.54164e-07 8.68617e-07 0.00000e+00
