0.00000e+00 6.07288e-05 1.39785e-06 0.00000e+00
0.00000e+00 5.86132e-05 1.63658e-06 0.00000e+00
0.00000e+00 5.64330e-05 1.91069e-06 0.00000e+00
0.00000e+00 5.42014e-05 2.22376e-06 0.00000e+00
0.00000e+00 5.19347e-05 2.57925e-06 0.00000e+00
0.00000e+00 4.96518e-05 2.98027e-06 0.00000e+00
0.00000e+00 4.73750e-05 3.42928e-06 0.00000e+00
0.00000e+00 4.51286e-05 3.92782e-06 0.00000e+00
0.00000e+00 4.29396e-05 4.47603e-06 0.00000e+00
0.00000e+00 4.08360e-05 5.07221e-06 0.00000e+00
0.00000e+00 3.88461e-05 5.71230e-06 0.00000e+00
0.00000e+00 3.69974e-05 6.38930e-06 0.00000e+00
0.00000e+00 3.53141e-05 7.09273e-06 0.00000e+00
0.00000e+00 3.38160e-05 7.80820e-06 0.00000e+00
0.00000e+00 3.25154e-05 8.51704e-06 0.00000e+00
0.00000e+00 3.14154e-05 9.19638e-06 0.00000e+00
0.00000e+00 3.05073e-05 9.81951e-06 0.00000e+00
0.00000e+00 2.97698e-05 1.03570e-05 0.00000e+00
0.00000e+00 2.91677e-05 1.07782e-05 0.00000e+00
0.00000e+00 2.86533e-05 1.10544e-05 0.00000e+00
0.00000e+00 2.81690e-05 1.11615e-05 0.00000e+00
0.00000e+00 2.76521e-05 1.10848e-05 0.00000e+00
0.00000e+00 2.70426e-05 1.08231e-05 0.00000e+00
0.00000e+00 2.62916e-05 1.03930e-05 0.00000e+00
0.00000e+00 2.53716e-05 9.83127e-06 0.00000e+00
0.00000e+00 2.42848e-05 9.19499e-06 0.00000e+00
0.00000e+00 2.30691e-05 8.55773e-06 0.00000e+00
0.00000e+00 2.17969e-05 8.00057e-06 0.00000e+00
0.00000e+00 2.05654e-05 7.59826e-06 0.00000e+00
0.00000e+00 1.94788e-05 7.40184e-06 0.00000e+00
0.00000e+00 1.86210e-05 7.42118e-06 0.00000e+00
0.00000e+00 1.80284e-05 7.61323e-06 0.00000e+00
0.00000e+00 1.76683e-05 7.88259e-06 0.00000e+00
0.00000e+00 1.74373e-05 8.10007e-06 0.00000e+00
0.00000e+00 1.71860e-05 8.14006e-06 0.00000e+00
0.00000e+00 1.67708e-05 7.92877e-06 0.00000e+00
0.00000e+00 1.61182e-05 7.48569e-06 0.00000e+00
0.00000e+00 1.52727e-05 6.93366e-06 0.00000e+00
0.00000e+00 1.43944e-05 6.45821e-06 0.00000e+00
0.00000e+00 1.36865e-05 6.21860e-06 0.00000e+00
0.00000e+00 1.32747e-05 6.24774e-06 0.00000e+00
0.00000e+00 1.31076e-05 6.40760e-06 0.00000e+00
0.00000e+00 1.29636e-05 6.45731e-06 0.00000e+00
0.00000e+00 1.26016e-05 6.22362e-06 0.00000e+00
0.00000e+00 1.19692e-05 5.76064e-06 0.00000e+00
0.00000e+00 1.12820e-05 5.33797e-06 0.00000e+00
0.00000e+00 1.08402e-05 5.20306e-06 0.00000e+00
0.00000e+00 1.07016e-05 5.30581e-06 0.00000e+00
0.00000e+00 1.05752e-05 5.31429e-06 0.00000e+00
0.00000e+00 1.01572e-05 5.00534e-06 0.00000e+00
0.00000e+00 9.56264e-06 4.59336e-06 0.00000e+00
0.00000e+00 9.19861e-06 4.46108e-06 0.00000e+00
0.00000e+00 9.12003e-06 4.55244e-06 0.00000e+00
0.00000e+00 8.89291e-06 4.42369e-06 0.00000e+00
0.00000e+00 8.37997e-06 4.04805e-06 0.00000e+00
0.00000e+00 8.04735e-06 3.90733e-06 0.00000e+00
0.00000e+00 7.98255e-06 3.98039e-06 0.00000e+00
0.00000e+00 7.66635e-06 3.76172e-06 0.00000e+00
0.00000e+00 7.23749e-06 3.48890e-06 0.00000e+00
0.00000e+00 7.14307e-06 3.54122e-06 0.00000e+00
0.00000e+00 6.89877e-06 3.39354e-06 0.00000e+00
0.00000e+00 6.51360e-06 3.15218e-06 0.00000e+00
0.00000e+00 6.44011e-06 3.20683e-06 0.00000e+00
0.00000e+00 6.11679e-06 2.98711e-06 0.00000e+00
0.00000e+00 5.89589e-06 2.90827e-06 0.00000e+00
0.00000e+00 5.74088e-06 2.85435e-06 0.00000e+00
0.00000e+00 5.42883e-06 2.67245e-06 0.00000e+00
0.00000e+00 5.33029e-06 2.68176e-06 0.00000e+00
0.00000e+00 5.01967e-06 2.49260e-06 0.00000e+00
0.00000e+00 4.91845e-06 2.49889e-06 0.00000e+00
0.00000e+00 4.64703e-06 2.34747e-06 0.00000e+00
0.00000e+00 4.50296e-06 2.30614e-06 0.00000e+00
0.00000e+00 4.32162e-06 2.24336e-06 0.00000e+00
0.00000e+00 4.08940e-06 2.11477e-06 0.00000e+00
0.00000e+00 3.98220e-06 2.11459e-06 0.00000e+00
0.00000e+00 3.78663e-06 2.02994e-06 0.00000e+00
0.00000e+00 3.57982e-06 1.92511e-06 0.00000e+00
0.00000e+00 3.44768e-06 1.89369e-06 0.00000e+00
0.00000e+00 3.31801e-06 1.86718e-06 0.00000e+00
0.00000e+00 3.15642e-06 1.80734e-06 0.00000e+00
0.00000e+00 2.98700e-06 1.73630e-06 0.00000e+00
0.00000e+00 2.82877e-06 1.67364e-06 0.00000e+00
0.00000e+00 2.68317e-06 1.62148e-06 0.00000e+00
0.00000e+00 2.54684e-06 1.57658e-06 0.00000e+00
0.00000e+00 2.41902e-06 1.53798e-06 0.00000e+00
0.00000e+00 2.30102e-06 1.50657e-06 0.00000e+00
0.00000e+00 2.18890e-06 1.47785e-06 0.00000e+00
0.00000e+00 2.06598e-06 1.43516e-06 0.00000e+00
0.00000e+00 1.92827e-06 1.37575e-06 0.00000e+00
0.00000e+00 1.82222e-06 1.34600e-06 0.00000e+00
0.00000e+00 1.72915e-06 1.32439e-06 0.00000e+00
0.00000e+00 1.60351e-06 1.26828e-06 0.00000e+00
0.00000e+00 1.52520e-06 1.25573e-06 0.00000e+00
0.00000e+00 1.41340e-06 1.20715e-06 0.00000e+00
0.00000e+00 1.32438e-06 1.17709e-06 0.00000e+00
0.00000e+00 1.24852e-06 1.15768e-06 0.00000e+00
0.00000e+00 1.16310e-06 1.12549e-06 0.00000e+00
0.00000e+00 1.07983e-06 1.09192e-06 0.00000e+00
0.00000e+00 1.00416e-06 1.06257e-06 0.00000e+00
0.00000e+00 9.35013e-07 1.03638e-06 0.00000e+00
