# Parameters:
# omega_b = 0.022650, omega_m = 0.151417, n_s = 0.941339, h = 82.401575, w = -1.000000, sigma_8 = 0.755118
# z = 0.100000
#
# k[1/Mpc] # P(k):
8.694000e-04 8.744614e+03 
2.077466e-03 1.841559e+04 
3.285532e-03 2.601121e+04 
4.493598e-03 3.192011e+04 
5.701664e-03 3.637625e+04 
6.909730e-03 3.961247e+04 
8.117797e-03 4.189120e+04 
9.325863e-03 4.334740e+04 
1.053393e-02 4.411191e+04 
1.174199e-02 4.430524e+04 
1.295006e-02 4.400694e+04 
1.415813e-02 4.332488e+04 
1.536619e-02 4.235100e+04 
1.657426e-02 4.122372e+04 
1.778233e-02 4.023983e+04 
1.899039e-02 3.929059e+04 
2.019846e-02 3.790973e+04 
2.140652e-02 3.620302e+04 
2.261459e-02 3.444678e+04 
2.382266e-02 3.276016e+04 
2.503072e-02 3.117802e+04 
2.623879e-02 2.971047e+04 
2.744685e-02 2.836262e+04 
2.865492e-02 2.713844e+04 
2.986299e-02 2.603499e+04 
3.100100e-02 2.510453e+04 
3.220400e-02 2.422950e+04 
3.288100e-02 2.378532e+04 
3.424300e-02 2.298564e+04 
3.555100e-02 2.232036e+04 
3.686000e-02 2.174284e+04 
3.795000e-02 2.132042e+04 
3.929100e-02 2.085881e+04 
4.039800e-02 2.051016e+04 
4.164000e-02 2.014854e+04 
4.294400e-02 1.977665e+04 
4.415000e-02 1.943984e+04 
4.542900e-02 1.906462e+04 
4.660900e-02 1.870893e+04 
4.782300e-02 1.830174e+04 
4.892900e-02 1.791557e+04 
5.031200e-02 1.739567e+04 
5.155900e-02 1.689029e+04 
5.238100e-02 1.654307e+04 
5.378200e-02 1.593307e+04 
5.513400e-02 1.532485e+04 
5.627600e-02 1.480313e+04 
5.735300e-02 1.431393e+04 
5.870100e-02 1.371345e+04 
5.988700e-02 1.320379e+04 
6.113500e-02 1.268934e+04 
6.225900e-02 1.225195e+04 
6.340100e-02 1.183460e+04 
6.480200e-02 1.135985e+04 
6.601100e-02 1.099021e+04 
6.725500e-02 1.064560e+04 
6.829100e-02 1.038924e+04 
6.958600e-02 1.009659e+04 
7.071100e-02 9.872691e+03 
7.192300e-02 9.657320e+03 
7.307400e-02 9.473737e+03 
7.412300e-02 9.322474e+03 
7.550400e-02 9.146568e+03 
7.663100e-02 9.015846e+03 
7.791200e-02 8.879968e+03 
7.912700e-02 8.760352e+03 
8.027600e-02 8.652199e+03 
8.138400e-02 8.550789e+03 
8.272200e-02 8.429639e+03 
8.406100e-02 8.306773e+03 
8.534100e-02 8.186095e+03 
8.653800e-02 8.068475e+03 
8.759800e-02 7.962207e+03 
8.900300e-02 7.816807e+03 
9.009000e-02 7.698270e+03 
9.113300e-02 7.580836e+03 
9.239600e-02 7.436314e+03 
9.358000e-02 7.296270e+03 
9.496100e-02 7.127288e+03 
9.608400e-02 6.988530e+03 
9.727500e-02 6.841312e+03 
9.852600e-02 6.682591e+03 
9.973800e-02 6.532004e+03 
1.009000e-01 6.390702e+03 
1.020900e-01 6.247312e+03 
1.034000e-01 6.094831e+03 
1.046000e-01 5.960105e+03 
1.057200e-01 5.841219e+03 
1.069100e-01 5.720106e+03 
1.082500e-01 5.593240e+03 
1.093900e-01 5.492839e+03 
1.105400e-01 5.396770e+03 
1.116900e-01 5.310443e+03 
1.129600e-01 5.220260e+03 
1.142000e-01 5.141476e+03 
1.153300e-01 5.073857e+03 
1.166400e-01 5.001129e+03 
1.177800e-01 4.942959e+03 
1.190000e-01 4.883861e+03 
1.201200e-01 4.832351e+03 
1.213400e-01 4.777829e+03 
1.227100e-01 4.718800e+03 
1.238900e-01 4.668897e+03 
1.250700e-01 4.618822e+03 
1.263200e-01 4.566270e+03 
1.275500e-01 4.514104e+03 
1.287500e-01 4.462739e+03 
1.299900e-01 4.408269e+03 
1.311300e-01 4.358009e+03 
1.323500e-01 4.303448e+03 
1.335900e-01 4.247671e+03 
1.347100e-01 4.196299e+03 
1.359800e-01 4.138312e+03 
1.372100e-01 4.081410e+03 
1.384300e-01 4.025444e+03 
1.395700e-01 3.972400e+03 
1.407700e-01 3.917627e+03 
1.420300e-01 3.860193e+03 
1.432800e-01 3.804491e+03 
1.444500e-01 3.752753e+03 
1.456300e-01 3.701655e+03 
1.468900e-01 3.648878e+03 
1.480500e-01 3.601491e+03 
1.491700e-01 3.557020e+03 
1.503800e-01 3.510422e+03 
1.516400e-01 3.463315e+03 
1.528200e-01 3.421893e+03 
1.540200e-01 3.380587e+03 
1.551900e-01 3.342722e+03 
1.564300e-01 3.303760e+03 
1.576600e-01 3.266634e+03 
1.588700e-01 3.231734e+03 
1.600900e-01 3.197272e+03 
1.612700e-01 3.165819e+03 
1.625400e-01 3.132592e+03 
1.637600e-01 3.101880e+03 
1.649500e-01 3.072816e+03 
1.662200e-01 3.042362e+03 
1.674000e-01 3.014581e+03 
1.685000e-01 2.989113e+03 
1.697500e-01 2.960503e+03 
1.710300e-01 2.931579e+03 
1.722200e-01 2.905162e+03 
1.734400e-01 2.877634e+03 
1.746400e-01 2.850980e+03 
1.758700e-01 2.823849e+03 
1.770900e-01 2.796837e+03 
1.782700e-01 2.771143e+03 
1.794600e-01 2.745156e+03 
1.807000e-01 2.718191e+03 
1.819100e-01 2.692317e+03 
1.830100e-01 2.668718e+03 
1.842200e-01 2.643086e+03 
1.855000e-01 2.616419e+03 
1.867000e-01 2.591735e+03 
1.879200e-01 2.567041e+03 
1.890900e-01 2.543695e+03 
1.902800e-01 2.520124e+03 
1.915200e-01 2.495951e+03 
1.926900e-01 2.473596e+03 
1.939000e-01 2.451144e+03 
1.951700e-01 2.427952e+03 
1.963100e-01 2.407485e+03 
1.975100e-01 2.386354e+03 
1.987800e-01 2.364334e+03 
2.000100e-01 2.343391e+03 
2.012500e-01 2.322723e+03 
2.023400e-01 2.304813e+03 
2.036100e-01 2.284328e+03 
2.048900e-01 2.264314e+03 
2.060400e-01 2.246595e+03 
2.072200e-01 2.228686e+03 
2.084200e-01 2.210965e+03 
2.096900e-01 2.192482e+03 
2.109200e-01 2.174842e+03 
2.121100e-01 2.158136e+03 
2.132700e-01 2.142078e+03 
2.145200e-01 2.125014e+03 
2.157200e-01 2.108970e+03 
2.168800e-01 2.093718e+03 
2.180700e-01 2.078279e+03 
2.193400e-01 2.062088e+03 
2.206000e-01 2.046360e+03 
2.217500e-01 2.032197e+03 
2.229500e-01 2.017609e+03 
2.241400e-01 2.003510e+03 
2.253500e-01 1.989366e+03 
2.264900e-01 1.976210e+03 
2.277100e-01 1.962446e+03 
2.289900e-01 1.948350e+03 
2.301500e-01 1.935742e+03 
2.313600e-01 1.922756e+03 
2.325600e-01 1.910140e+03 
2.337700e-01 1.897579e+03 
2.350000e-01 1.884973e+03 
2.362000e-01 1.872946e+03 
2.374100e-01 1.861107e+03 
2.386500e-01 1.849128e+03 
2.399100e-01 1.837110e+03 
2.410400e-01 1.826491e+03 
2.422500e-01 1.815258e+03 
2.435000e-01 1.803797e+03 
2.447300e-01 1.792659e+03 
2.458700e-01 1.782458e+03 
2.470600e-01 1.771932e+03 
2.483300e-01 1.760836e+03 
2.495600e-01 1.750188e+03 
2.507600e-01 1.739878e+03 
2.519600e-01 1.729689e+03 
2.532200e-01 1.719117e+03 
2.543700e-01 1.709536e+03 
2.555500e-01 1.699785e+03 
2.568000e-01 1.689575e+03 
2.580100e-01 1.679807e+03 
2.592400e-01 1.669891e+03 
2.604100e-01 1.660521e+03 
2.616100e-01 1.651017e+03 
2.628400e-01 1.641385e+03 
2.640600e-01 1.631976e+03 
2.652200e-01 1.623141e+03 
2.664300e-01 1.614026e+03 
2.676500e-01 1.604937e+03 
2.688400e-01 1.596065e+03 
2.700700e-01 1.586929e+03 
2.712400e-01 1.578334e+03 
2.724800e-01 1.569322e+03 
2.736700e-01 1.560743e+03 
2.748800e-01 1.552086e+03 
2.761000e-01 1.543452e+03 
2.773200e-01 1.534911e+03 
2.785400e-01 1.526469e+03 
2.797000e-01 1.518543e+03 
2.808900e-01 1.510495e+03 
2.821400e-01 1.502131e+03 
2.833900e-01 1.493854e+03 
2.845500e-01 1.486170e+03 
2.857800e-01 1.478105e+03 
2.870300e-01 1.469996e+03 
2.882100e-01 1.462420e+03 
2.893900e-01 1.454904e+03 
2.906300e-01 1.447076e+03 
2.918900e-01 1.439206e+03 
2.930500e-01 1.432034e+03 
2.942500e-01 1.424684e+03 
2.954200e-01 1.417579e+03 
2.966500e-01 1.410184e+03 
2.978900e-01 1.402804e+03 
2.990400e-01 1.396027e+03 
3.002700e-01 1.388833e+03 
3.015100e-01 1.381644e+03 
3.026800e-01 1.374927e+03 
3.038500e-01 1.368274e+03 
3.050300e-01 1.361627e+03 
3.062600e-01 1.354762e+03 
3.075000e-01 1.347908e+03 
3.087000e-01 1.341340e+03 
3.099100e-01 1.334780e+03 
3.111200e-01 1.328273e+03 
3.123100e-01 1.321917e+03 
3.135300e-01 1.315462e+03 
3.147300e-01 1.309172e+03 
3.159900e-01 1.302631e+03 
3.171800e-01 1.296562e+03 
3.183700e-01 1.290580e+03 
3.196300e-01 1.284307e+03 
3.208400e-01 1.278339e+03 
3.220300e-01 1.272523e+03 
3.232000e-01 1.266812e+03 
3.244300e-01 1.260845e+03 
3.256700e-01 1.254885e+03 
3.269200e-01 1.248932e+03 
3.280800e-01 1.243459e+03 
3.292500e-01 1.238046e+03 
3.304800e-01 1.232425e+03 
3.317100e-01 1.226855e+03 
3.328900e-01 1.221559e+03 
3.340700e-01 1.216308e+03 
3.353600e-01 1.210643e+03 
3.365300e-01 1.205559e+03 
3.377100e-01 1.200475e+03 
3.389200e-01 1.195306e+03 
3.401600e-01 1.190057e+03 
3.413700e-01 1.184994e+03 
3.425300e-01 1.180193e+03 
3.437700e-01 1.175104e+03 
3.449800e-01 1.170181e+03 
3.461800e-01 1.165341e+03 
3.473600e-01 1.160615e+03 
3.485800e-01 1.155754e+03 
3.498100e-01 1.150896e+03 
3.510200e-01 1.146158e+03 
3.522000e-01 1.141575e+03 
3.533900e-01 1.136992e+03 
3.546400e-01 1.132292e+03 
3.558400e-01 1.127822e+03 
3.570600e-01 1.123316e+03 
3.582700e-01 1.118884e+03 
3.595000e-01 1.114415e+03 
3.607100e-01 1.110068e+03 
3.618900e-01 1.105871e+03 
3.631200e-01 1.101532e+03 
3.643200e-01 1.097333e+03 
3.655500e-01 1.093064e+03 
3.667300e-01 1.089002e+03 
3.679500e-01 1.084859e+03 
3.691900e-01 1.080681e+03 
3.703600e-01 1.076771e+03 
3.715700e-01 1.072760e+03 
3.727700e-01 1.068813e+03 
3.739900e-01 1.064839e+03 
3.752000e-01 1.060942e+03 
3.763900e-01 1.057139e+03 
3.775800e-01 1.053366e+03 
3.788200e-01 1.049465e+03 
3.800300e-01 1.045689e+03 
3.812100e-01 1.042026e+03 
3.824200e-01 1.038294e+03 
3.836100e-01 1.034652e+03 
3.848600e-01 1.030855e+03 
3.860400e-01 1.027299e+03 
3.872400e-01 1.023711e+03 
3.884600e-01 1.020106e+03 
3.896500e-01 1.016623e+03 
3.908700e-01 1.013079e+03 
3.920600e-01 1.009648e+03 
3.933100e-01 1.006072e+03 
3.945300e-01 1.002608e+03 
3.957200e-01 9.992647e+02 
3.969300e-01 9.958929e+02 
3.981700e-01 9.924638e+02 
3.993500e-01 9.892249e+02 
4.094840e-01 9.622890e+02 
4.272360e-01 9.189054e+02 
4.454600e-01 8.782861e+02 
4.630560e-01 8.425338e+02 
4.804610e-01 8.099582e+02 
4.980690e-01 7.795214e+02 
5.159230e-01 7.510229e+02 
5.317440e-01 7.274014e+02 
5.489640e-01 7.035247e+02 
5.671990e-01 6.799673e+02 
5.838690e-01 6.598662e+02 
6.018840e-01 6.395845e+02 
6.202330e-01 6.203441e+02 
6.379250e-01 6.029676e+02 
6.545410e-01 5.875833e+02 
6.714560e-01 5.727838e+02 
6.892080e-01 5.581190e+02 
7.066010e-01 5.445377e+02 
7.240540e-01 5.316225e+02 
7.420450e-01 5.189024e+02 
7.593780e-01 5.073220e+02 
7.764720e-01 4.963671e+02 
7.942840e-01 4.855050e+02 
8.116170e-01 4.753206e+02 
8.288310e-01 4.656298e+02 
8.462240e-01 4.561868e+02 
8.631980e-01 4.473621e+02 
8.810700e-01 4.383606e+02 
8.989410e-01 4.297005e+02 
9.166330e-01 4.213980e+02 
9.345640e-01 4.132567e+02 
9.515980e-01 4.057582e+02 
9.688720e-01 3.983637e+02 
9.865640e-01 3.909898e+02 
1.031870e+00 3.731679e+02 
1.063490e+00 3.614203e+02 
1.097920e+00 3.492300e+02 
1.134370e+00 3.369626e+02 
1.167730e+00 3.263072e+02 
1.203830e+00 3.152904e+02 
1.240470e+00 3.046614e+02 
1.275790e+00 2.948527e+02 
1.309140e+00 2.860132e+02 
1.342970e+00 2.774160e+02 
1.378420e+00 2.688008e+02 
1.413200e+00 2.606932e+02 
1.448110e+00 2.528850e+02 
1.484090e+00 2.451759e+02 
1.518820e+00 2.380304e+02 
1.552880e+00 2.313076e+02 
1.588630e+00 2.245443e+02 
1.623230e+00 2.182553e+02 
1.657720e+00 2.122456e+02 
1.692450e+00 2.064214e+02 
1.726400e+00 2.009275e+02 
1.762200e+00 1.953506e+02 
1.797880e+00 1.900052e+02 
1.833270e+00 1.849202e+02 
1.869070e+00 1.799464e+02 
1.903200e+00 1.753950e+02 
1.937740e+00 1.709459e+02 
1.973190e+00 1.665372e+02 
2.007440e+00 1.624332e+02 
2.042160e+00 1.584272e+02 
2.077900e+00 1.544205e+02 
2.112390e+00 1.507078e+02 
2.146220e+00 1.471807e+02 
2.181600e+00 1.436077e+02 
2.216930e+00 1.401757e+02 
2.250760e+00 1.369880e+02 
2.286500e+00 1.337240e+02 
2.321770e+00 1.306184e+02 
2.355950e+00 1.277018e+02 
2.391280e+00 1.247946e+02 
2.426240e+00 1.219940e+02 
2.460670e+00 1.193206e+02 
2.495640e+00 1.166989e+02 
2.531080e+00 1.141151e+02 
2.566220e+00 1.116295e+02 
2.600830e+00 1.092612e+02 
2.635080e+00 1.069955e+02 
2.670340e+00 1.047221e+02 
2.705970e+00 1.024927e+02 
2.740040e+00 1.004224e+02 
2.774520e+00 9.838145e+01 
2.809730e+00 9.636461e+01 
2.844390e+00 9.443893e+01 
2.879960e+00 9.251428e+01 
2.914860e+00 9.067611e+01 
2.949410e+00 8.890856e+01 
2.984440e+00 8.717023e+01 
3.019760e+00 8.546406e+01 
3.054730e+00 8.382097e+01 
3.089030e+00 8.224692e+01 
3.124060e+00 8.068224e+01 
3.159560e+00 7.913773e+01 
3.194710e+00 7.765293e+01 
3.229010e+00 7.624399e+01 
3.263320e+00 7.486592e+01 
3.297930e+00 7.351412e+01 
3.332830e+00 7.218929e+01 
3.368040e+00 7.088495e+01 
3.403300e+00 6.961109e+01 
3.438450e+00 6.837039e+01 
3.473060e+00 6.717960e+01 
3.508440e+00 6.599554e+01 
3.543110e+00 6.486437e+01 
3.577470e+00 6.376722e+01 
3.613040e+00 6.266063e+01 
3.648120e+00 6.159839e+01 
3.682910e+00 6.056947e+01 
3.718050e+00 5.955280e+01 
3.753320e+00 5.855825e+01 
3.787980e+00 5.760574e+01 
3.822290e+00 5.668364e+01 
3.857020e+00 5.576988e+01 
3.891920e+00 5.487203e+01 
3.926650e+00 5.399724e+01 
3.961970e+00 5.312882e+01 
3.997360e+00 5.228021e+01 
4.031670e+00 5.147665e+01 
4.066330e+00 5.068484e+01 
4.101420e+00 4.990106e+01 
4.136200e+00 4.913889e+01 
4.170810e+00 4.839709e+01 
4.206250e+00 4.765577e+01 
4.241580e+00 4.693333e+01 
4.276300e+00 4.623699e+01 
4.310970e+00 4.555551e+01 
4.346120e+00 4.488008e+01 
4.380600e+00 4.423277e+01 
4.414730e+00 4.360517e+01 
4.450350e+00 4.296198e+01 
4.485320e+00 4.234371e+01 
4.519810e+00 4.174752e+01 
4.555430e+00 4.114489e+01 
4.590870e+00 4.055708e+01 
4.625480e+00 3.999346e+01 
4.659910e+00 3.944383e+01 
4.695230e+00 3.889288e+01 
4.729960e+00 3.836209e+01 
4.764450e+00 3.784568e+01 
4.799530e+00 3.733146e+01 
4.834910e+00 3.682290e+01 
4.869700e+00 3.633385e+01 
4.904370e+00 3.585591e+01 
4.939450e+00 3.538104e+01 
4.973940e+00 3.492190e+01 
5.008430e+00 3.447121e+01 
5.043810e+00 3.401678e+01 
5.078840e+00 3.357482e+01 
5.113500e+00 3.314550e+01 
5.148890e+00 3.271908e+01 
5.184210e+00 3.230142e+01 
5.219060e+00 3.189644e+01 
5.253660e+00 3.150066e+01 
5.288570e+00 3.110835e+01 
5.323420e+00 3.072323e+01 
5.358440e+00 3.034258e+01 
5.393590e+00 2.996720e+01 
5.428310e+00 2.960514e+01 
5.462800e+00 2.925281e+01 
5.497640e+00 2.890292e+01 
5.532670e+00 2.855636e+01 
5.567280e+00 2.821947e+01 
5.602000e+00 2.788712e+01 
5.637270e+00 2.755464e+01 
5.672410e+00 2.722880e+01 
5.707020e+00 2.691315e+01 
5.742040e+00 2.660009e+01 
5.777430e+00 2.628914e+01 
5.812210e+00 2.598852e+01 
5.846820e+00 2.569489e+01 
5.881610e+00 2.540462e+01 
5.916510e+00 2.511805e+01 
5.951600e+00 2.483406e+01 
5.986560e+00 2.455540e+01 
6.021830e+00 2.427869e+01 
6.056490e+00 2.401243e+01 
6.091160e+00 2.375138e+01 
6.125830e+00 2.349432e+01 
6.161090e+00 2.323626e+01 
6.195760e+00 2.298509e+01 
6.230420e+00 2.273776e+01 
6.265690e+00 2.248992e+01 
6.300950e+00 2.224684e+01 
6.335620e+00 2.201140e+01 
6.370880e+00 2.177550e+01 
6.405550e+00 2.154762e+01 
6.440220e+00 2.132332e+01 
6.475480e+00 2.109854e+01 
6.510150e+00 2.088061e+01 
6.544810e+00 2.066559e+01 
6.580080e+00 2.044994e+01 
6.614750e+00 2.024100e+01 
6.649410e+00 2.003583e+01 
6.684080e+00 1.983364e+01 
6.719340e+00 1.963091e+01 
6.754010e+00 1.943425e+01 
6.788680e+00 1.924002e+01 
6.823940e+00 1.904524e+01 
6.859800e+00 1.884994e+01 
6.894470e+00 1.866429e+01 
6.929140e+00 1.848136e+01 
6.963800e+00 1.830097e+01 
6.999070e+00 1.811988e+01 
7.033730e+00 1.794411e+01 
7.068400e+00 1.777063e+01 
7.103660e+00 1.759658e+01 
7.138330e+00 1.742794e+01 
7.173600e+00 1.725911e+01 
7.208260e+00 1.709539e+01 
7.243530e+00 1.693099e+01 
7.277600e+00 1.677415e+01 
7.312860e+00 1.661385e+01 
7.348120e+00 1.645564e+01 
7.382790e+00 1.630211e+01 
7.417460e+00 1.615091e+01 
7.452720e+00 1.599932e+01 
7.487390e+00 1.585216e+01 
7.522650e+00 1.570441e+01 
7.557320e+00 1.556081e+01 
7.591990e+00 1.541894e+01 
7.627250e+00 1.527647e+01 
7.662510e+00 1.513580e+01 
7.697180e+00 1.499905e+01 
7.731850e+00 1.486392e+01 
7.766510e+00 1.473049e+01 
7.801180e+00 1.459865e+01 
7.836440e+00 1.446660e+01 
7.871110e+00 1.433857e+01 
7.906380e+00 1.420991e+01 
7.941040e+00 1.408502e+01 
7.976310e+00 1.395901e+01 
8.011570e+00 1.383404e+01 
8.046240e+00 1.371264e+01 
8.080900e+00 1.359271e+01 
8.115570e+00 1.347443e+01 
8.150830e+00 1.335651e+01 
8.185500e+00 1.324193e+01 
8.220770e+00 1.312674e+01 
8.255430e+00 1.301487e+01 
8.290100e+00 1.290363e+01 
8.324770e+00 1.279361e+01 
8.359430e+00 1.268488e+01 
8.394700e+00 1.257553e+01 
8.429960e+00 1.246766e+01 
8.464630e+00 1.236301e+01 
8.499890e+00 1.225779e+01 
8.534560e+00 1.215551e+01 
8.569200e+00 1.205447e+01 
