# Parameters:
# omega_b = 0.023012, omega_m = 0.120551, n_s = 0.898819, h = 76.968504, w = -1.000000, sigma_8 = 0.898425
# z = 0.100000
#
# k[1/Mpc] # P(k):
8.694000e-04 3.402724e+04 
2.077466e-03 6.728468e+04 
3.285532e-03 9.092621e+04 
4.493598e-03 1.074129e+05 
5.701664e-03 1.182566e+05 
6.909730e-03 1.247225e+05 
8.117797e-03 1.279966e+05 
9.325863e-03 1.286826e+05 
1.053393e-02 1.273192e+05 
1.174199e-02 1.243757e+05 
1.295006e-02 1.201594e+05 
1.415813e-02 1.150633e+05 
1.536619e-02 1.094043e+05 
1.657426e-02 1.033920e+05 
1.778233e-02 9.717332e+04 
1.899039e-02 9.100886e+04 
2.019846e-02 8.510576e+04 
2.140652e-02 7.958748e+04 
2.261459e-02 7.447387e+04 
2.382266e-02 6.979827e+04 
2.503072e-02 6.557766e+04 
2.623879e-02 6.180167e+04 
2.744685e-02 5.846302e+04 
2.865492e-02 5.552479e+04 
2.986299e-02 5.295021e+04 
3.100100e-02 5.083710e+04 
3.220400e-02 4.888830e+04 
3.288100e-02 4.791222e+04 
3.424300e-02 4.616266e+04 
3.555100e-02 4.470147e+04 
3.686000e-02 4.341088e+04 
3.795000e-02 4.244040e+04 
3.929100e-02 4.132971e+04 
4.039800e-02 4.045036e+04 
4.164000e-02 3.949810e+04 
4.294400e-02 3.847535e+04 
4.415000e-02 3.753011e+04 
4.542900e-02 3.647569e+04 
4.660900e-02 3.548755e+04 
4.782300e-02 3.439917e+04 
4.892900e-02 3.339766e+04 
5.031200e-02 3.210881e+04 
5.155900e-02 3.092039e+04 
5.238100e-02 3.013486e+04 
5.378200e-02 2.880616e+04 
5.513400e-02 2.754493e+04 
5.627600e-02 2.650678e+04 
5.735300e-02 2.556350e+04 
5.870100e-02 2.444109e+04 
5.988700e-02 2.351417e+04 
6.113500e-02 2.260035e+04 
6.225900e-02 2.183963e+04 
6.340100e-02 2.112547e+04 
6.480200e-02 2.032313e+04 
6.601100e-02 1.970658e+04 
6.725500e-02 1.913578e+04 
6.829100e-02 1.871302e+04 
6.958600e-02 1.822994e+04 
7.071100e-02 1.785930e+04 
7.192300e-02 1.750047e+04 
7.307400e-02 1.719123e+04 
7.412300e-02 1.693298e+04 
7.550400e-02 1.662616e+04 
7.663100e-02 1.639308e+04 
7.791200e-02 1.614181e+04 
7.912700e-02 1.591165e+04 
8.027600e-02 1.569636e+04 
8.138400e-02 1.548838e+04 
8.272200e-02 1.523182e+04 
8.406100e-02 1.496421e+04 
8.534100e-02 1.469395e+04 
8.653800e-02 1.442674e+04 
8.759800e-02 1.418387e+04 
8.900300e-02 1.385102e+04 
9.009000e-02 1.358186e+04 
9.113300e-02 1.331844e+04 
9.239600e-02 1.299870e+04 
9.358000e-02 1.269607e+04 
9.496100e-02 1.234427e+04 
9.608400e-02 1.206436e+04 
9.727500e-02 1.177463e+04 
9.852600e-02 1.148162e+04 
9.973800e-02 1.121227e+04 
1.009000e-01 1.096654e+04 
1.020900e-01 1.073377e+04 
1.034000e-01 1.049286e+04 
1.046000e-01 1.028685e+04 
1.057200e-01 1.011434e+04 
1.069100e-01 9.941163e+03 
1.082500e-01 9.766361e+03 
1.093900e-01 9.630089e+03 
1.105400e-01 9.500920e+03 
1.116900e-01 9.385250e+03 
1.129600e-01 9.263876e+03 
1.142000e-01 9.155102e+03 
1.153300e-01 9.059197e+03 
1.166400e-01 8.951987e+03 
1.177800e-01 8.860802e+03 
1.190000e-01 8.765477e+03 
1.201200e-01 8.674450e+03 
1.213400e-01 8.576635e+03 
1.227100e-01 8.460165e+03 
1.238900e-01 8.359979e+03 
1.250700e-01 8.254203e+03 
1.263200e-01 8.142053e+03 
1.275500e-01 8.028240e+03 
1.287500e-01 7.916389e+03 
1.299900e-01 7.798119e+03 
1.311300e-01 7.690451e+03 
1.323500e-01 7.575685e+03 
1.335900e-01 7.461073e+03 
1.347100e-01 7.358945e+03 
1.359800e-01 7.246278e+03 
1.372100e-01 7.140777e+03 
1.384300e-01 7.039221e+03 
1.395700e-01 6.948105e+03 
1.407700e-01 6.854638e+03 
1.420300e-01 6.763058e+03 
1.432800e-01 6.674192e+03 
1.444500e-01 6.596597e+03 
1.456300e-01 6.519903e+03 
1.468900e-01 6.442911e+03 
1.480500e-01 6.374412e+03 
1.491700e-01 6.310359e+03 
1.503800e-01 6.243552e+03 
1.516400e-01 6.175772e+03 
1.528200e-01 6.115280e+03 
1.540200e-01 6.054925e+03 
1.551900e-01 5.997547e+03 
1.564300e-01 5.937972e+03 
1.576600e-01 5.879724e+03 
1.588700e-01 5.823156e+03 
1.600900e-01 5.767119e+03 
1.612700e-01 5.712793e+03 
1.625400e-01 5.655402e+03 
1.637600e-01 5.600742e+03 
1.649500e-01 5.548055e+03 
1.662200e-01 5.492615e+03 
1.674000e-01 5.440744e+03 
1.685000e-01 5.393193e+03 
1.697500e-01 5.339636e+03 
1.710300e-01 5.285351e+03 
1.722200e-01 5.235772e+03 
1.734400e-01 5.184762e+03 
1.746400e-01 5.135401e+03 
1.758700e-01 5.085594e+03 
1.770900e-01 5.036884e+03 
1.782700e-01 4.990554e+03 
1.794600e-01 4.944610e+03 
1.807000e-01 4.897541e+03 
1.819100e-01 4.852374e+03 
1.830100e-01 4.812322e+03 
1.842200e-01 4.769009e+03 
1.855000e-01 4.723991e+03 
1.867000e-01 4.683480e+03 
1.879200e-01 4.642944e+03 
1.890900e-01 4.604741e+03 
1.902800e-01 4.566828e+03 
1.915200e-01 4.527936e+03 
1.926900e-01 4.492073e+03 
1.939000e-01 4.456419e+03 
1.951700e-01 4.419580e+03 
1.963100e-01 4.387079e+03 
1.975100e-01 4.353554e+03 
1.987800e-01 4.318613e+03 
2.000100e-01 4.285311e+03 
2.012500e-01 4.252294e+03 
2.023400e-01 4.223680e+03 
2.036100e-01 4.190859e+03 
2.048900e-01 4.158464e+03 
2.060400e-01 4.129779e+03 
2.072200e-01 4.100742e+03 
2.084200e-01 4.071529e+03 
2.096900e-01 4.041057e+03 
2.109200e-01 4.011973e+03 
2.121100e-01 3.983886e+03 
2.132700e-01 3.956858e+03 
2.145200e-01 3.928133e+03 
2.157200e-01 3.900768e+03 
2.168800e-01 3.874588e+03 
2.180700e-01 3.848085e+03 
2.193400e-01 3.820126e+03 
2.206000e-01 3.792658e+03 
2.217500e-01 3.767922e+03 
2.229500e-01 3.742443e+03 
2.241400e-01 3.717479e+03 
2.253500e-01 3.692424e+03 
2.264900e-01 3.669119e+03 
2.277100e-01 3.644640e+03 
2.289900e-01 3.619461e+03 
2.301500e-01 3.596938e+03 
2.313600e-01 3.573740e+03 
2.325600e-01 3.551153e+03 
2.337700e-01 3.528664e+03 
2.350000e-01 3.506094e+03 
2.362000e-01 3.484631e+03 
2.374100e-01 3.463589e+03 
2.386500e-01 3.442297e+03 
2.399100e-01 3.420937e+03 
2.410400e-01 3.402291e+03 
2.422500e-01 3.382596e+03 
2.435000e-01 3.362502e+03 
2.447300e-01 3.343042e+03 
2.458700e-01 3.325487e+03 
2.470600e-01 3.307375e+03 
2.483300e-01 3.288279e+03 
2.495600e-01 3.270110e+03 
2.507600e-01 3.252727e+03 
2.519600e-01 3.235548e+03 
2.532200e-01 3.217726e+03 
2.543700e-01 3.201728e+03 
2.555500e-01 3.185552e+03 
2.568000e-01 3.168617e+03 
2.580100e-01 3.152415e+03 
2.592400e-01 3.136068e+03 
2.604100e-01 3.120665e+03 
2.616100e-01 3.105044e+03 
2.628400e-01 3.089214e+03 
2.640600e-01 3.073793e+03 
2.652200e-01 3.059334e+03 
2.664300e-01 3.044417e+03 
2.676500e-01 3.029545e+03 
2.688400e-01 3.014978e+03 
2.700700e-01 2.999950e+03 
2.712400e-01 2.985810e+03 
2.724800e-01 2.970988e+03 
2.736700e-01 2.956828e+03 
2.748800e-01 2.942490e+03 
2.761000e-01 2.928191e+03 
2.773200e-01 2.914046e+03 
2.785400e-01 2.900038e+03 
2.797000e-01 2.886823e+03 
2.808900e-01 2.873407e+03 
2.821400e-01 2.859464e+03 
2.833900e-01 2.845661e+03 
2.845500e-01 2.832727e+03 
2.857800e-01 2.819153e+03 
2.870300e-01 2.805505e+03 
2.882100e-01 2.792755e+03 
2.893900e-01 2.780055e+03 
2.906300e-01 2.766804e+03 
2.918900e-01 2.753480e+03 
2.930500e-01 2.741339e+03 
2.942500e-01 2.728883e+03 
2.954200e-01 2.716797e+03 
2.966500e-01 2.704217e+03 
2.978900e-01 2.691665e+03 
2.990400e-01 2.680137e+03 
3.002700e-01 2.667876e+03 
3.015100e-01 2.655614e+03 
3.026800e-01 2.644158e+03 
3.038500e-01 2.632810e+03 
3.050300e-01 2.621472e+03 
3.062600e-01 2.609685e+03 
3.075000e-01 2.597920e+03 
3.087000e-01 2.586644e+03 
3.099100e-01 2.575384e+03 
3.111200e-01 2.564216e+03 
3.123100e-01 2.553309e+03 
3.135300e-01 2.542233e+03 
3.147300e-01 2.531441e+03 
3.159900e-01 2.520219e+03 
3.171800e-01 2.509828e+03 
3.183700e-01 2.499602e+03 
3.196300e-01 2.488877e+03 
3.208400e-01 2.478675e+03 
3.220300e-01 2.468734e+03 
3.232000e-01 2.458904e+03 
3.244300e-01 2.448607e+03 
3.256700e-01 2.438323e+03 
3.269200e-01 2.428053e+03 
3.280800e-01 2.418609e+03 
3.292500e-01 2.409296e+03 
3.304800e-01 2.399635e+03 
3.317100e-01 2.390063e+03 
3.328900e-01 2.380961e+03 
3.340700e-01 2.371939e+03 
3.353600e-01 2.362182e+03 
3.365300e-01 2.353419e+03 
3.377100e-01 2.344657e+03 
3.389200e-01 2.335750e+03 
3.401600e-01 2.326704e+03 
3.413700e-01 2.317963e+03 
3.425300e-01 2.309660e+03 
3.437700e-01 2.300861e+03 
3.449800e-01 2.292351e+03 
3.461800e-01 2.283983e+03 
3.473600e-01 2.275811e+03 
3.485800e-01 2.267399e+03 
3.498100e-01 2.258992e+03 
3.510200e-01 2.250793e+03 
3.522000e-01 2.242864e+03 
3.533900e-01 2.234935e+03 
3.546400e-01 2.226747e+03 
3.558400e-01 2.218958e+03 
3.570600e-01 2.211106e+03 
3.582700e-01 2.203384e+03 
3.595000e-01 2.195601e+03 
3.607100e-01 2.188012e+03 
3.618900e-01 2.180676e+03 
3.631200e-01 2.173092e+03 
3.643200e-01 2.165754e+03 
3.655500e-01 2.158295e+03 
3.667300e-01 2.151198e+03 
3.679500e-01 2.143893e+03 
3.691900e-01 2.136530e+03 
3.703600e-01 2.129638e+03 
3.715700e-01 2.122568e+03 
3.727700e-01 2.115613e+03 
3.739900e-01 2.108611e+03 
3.752000e-01 2.101742e+03 
3.763900e-01 2.095041e+03 
3.775800e-01 2.088393e+03 
3.788200e-01 2.081521e+03 
3.800300e-01 2.074869e+03 
3.812100e-01 2.068373e+03 
3.824200e-01 2.061725e+03 
3.836100e-01 2.055237e+03 
3.848600e-01 2.048476e+03 
3.860400e-01 2.042144e+03 
3.872400e-01 2.035754e+03 
3.884600e-01 2.029299e+03 
3.896500e-01 2.023048e+03 
3.908700e-01 2.016689e+03 
3.920600e-01 2.010534e+03 
3.933100e-01 2.004118e+03 
3.945300e-01 1.997905e+03 
3.957200e-01 1.991901e+03 
3.969300e-01 1.985844e+03 
3.981700e-01 1.979685e+03 
3.993500e-01 1.973868e+03 
4.094840e-01 1.925131e+03 
4.272360e-01 1.845693e+03 
4.454600e-01 1.770348e+03 
4.630560e-01 1.703468e+03 
4.804610e-01 1.641821e+03 
4.980690e-01 1.583793e+03 
5.159230e-01 1.528923e+03 
5.317440e-01 1.483119e+03 
5.489640e-01 1.436350e+03 
5.671990e-01 1.389611e+03 
5.838690e-01 1.349311e+03 
6.018840e-01 1.308237e+03 
6.202330e-01 1.268678e+03 
6.379250e-01 1.232632e+03 
6.545410e-01 1.200218e+03 
6.714560e-01 1.168758e+03 
6.892080e-01 1.137161e+03 
7.066010e-01 1.107624e+03 
7.240540e-01 1.079285e+03 
7.420450e-01 1.051038e+03 
7.593780e-01 1.025117e+03 
7.764720e-01 1.000439e+03 
7.942840e-01 9.757687e+02 
8.116170e-01 9.525548e+02 
8.288310e-01 9.303139e+02 
8.462240e-01 9.085805e+02 
8.631980e-01 8.881769e+02 
8.810700e-01 8.673332e+02 
8.989410e-01 8.472667e+02 
9.166330e-01 8.280005e+02 
9.345640e-01 8.090910e+02 
9.515980e-01 7.917068e+02 
9.688720e-01 7.745631e+02 
9.865640e-01 7.575169e+02 
1.031870e+00 7.163946e+02 
1.063490e+00 6.894768e+02 
1.097920e+00 6.616868e+02 
1.134370e+00 6.339583e+02 
1.167730e+00 6.100450e+02 
1.203830e+00 5.855434e+02 
1.240470e+00 5.620774e+02 
1.275790e+00 5.406315e+02 
1.309140e+00 5.214649e+02 
1.342970e+00 5.029788e+02 
1.378420e+00 4.845903e+02 
1.413200e+00 4.674565e+02 
1.448110e+00 4.510781e+02 
1.484090e+00 4.350458e+02 
1.518820e+00 4.202998e+02 
1.552880e+00 4.065433e+02 
1.588630e+00 3.927922e+02 
1.623230e+00 3.801022e+02 
1.657720e+00 3.680506e+02 
1.692450e+00 3.564414e+02 
1.726400e+00 3.455854e+02 
1.762200e+00 3.346263e+02 
1.797880e+00 3.241994e+02 
1.833270e+00 3.143315e+02 
1.869070e+00 3.047497e+02 
1.903200e+00 2.960261e+02 
1.937740e+00 2.875447e+02 
1.973190e+00 2.791877e+02 
2.007440e+00 2.714469e+02 
2.042160e+00 2.639291e+02 
2.077900e+00 2.564533e+02 
2.112390e+00 2.495524e+02 
2.146220e+00 2.430337e+02 
2.181600e+00 2.364609e+02 
2.216930e+00 2.301724e+02 
2.250760e+00 2.243584e+02 
2.286500e+00 2.184315e+02 
2.321770e+00 2.128143e+02 
2.355950e+00 2.075598e+02 
2.391280e+00 2.023438e+02 
2.426240e+00 1.973401e+02 
2.460670e+00 1.925806e+02 
2.495640e+00 1.879274e+02 
2.531080e+00 1.833632e+02 
2.566220e+00 1.789880e+02 
2.600830e+00 1.748313e+02 
2.635080e+00 1.708651e+02 
2.670340e+00 1.669027e+02 
2.705970e+00 1.630290e+02 
2.740040e+00 1.594418e+02 
2.774520e+00 1.559179e+02 
2.809730e+00 1.524454e+02 
2.844390e+00 1.491380e+02 
2.879960e+00 1.458434e+02 
2.914860e+00 1.427060e+02 
2.949410e+00 1.396952e+02 
2.984440e+00 1.367430e+02 
3.019760e+00 1.338530e+02 
3.054730e+00 1.310755e+02 
3.089030e+00 1.284251e+02 
3.124060e+00 1.257952e+02 
3.159560e+00 1.232052e+02 
3.194710e+00 1.207216e+02 
3.229010e+00 1.183683e+02 
3.263320e+00 1.160736e+02 
3.297930e+00 1.138260e+02 
3.332830e+00 1.116286e+02 
3.368040e+00 1.094694e+02 
3.403300e+00 1.073642e+02 
3.438450e+00 1.053194e+02 
3.473060e+00 1.033592e+02 
3.508440e+00 1.014155e+02 
3.543110e+00 9.956044e+01 
3.577470e+00 9.776570e+01 
3.613040e+00 9.595758e+01 
3.648120e+00 9.422557e+01 
3.682910e+00 9.254997e+01 
3.718050e+00 9.089730e+01 
3.753320e+00 8.928300e+01 
3.787980e+00 8.773994e+01 
3.822290e+00 8.624807e+01 
3.857020e+00 8.477217e+01 
3.891920e+00 8.332358e+01 
3.926650e+00 8.191444e+01 
3.961970e+00 8.051705e+01 
3.997360e+00 7.915410e+01 
4.031670e+00 7.786455e+01 
4.066330e+00 7.659614e+01 
4.101420e+00 7.534132e+01 
4.136200e+00 7.412378e+01 
4.170810e+00 7.293940e+01 
4.206250e+00 7.175753e+01 
4.241580e+00 7.060654e+01 
4.276300e+00 6.949885e+01 
4.310970e+00 6.841595e+01 
4.346120e+00 6.734367e+01 
4.380600e+00 6.631732e+01 
4.414730e+00 6.532273e+01 
4.450350e+00 6.430526e+01 
4.485320e+00 6.332770e+01 
4.519810e+00 6.238619e+01 
4.555430e+00 6.143529e+01 
4.590870e+00 6.050848e+01 
4.625480e+00 5.962079e+01 
4.659910e+00 5.875554e+01 
4.695230e+00 5.788943e+01 
4.729960e+00 5.705549e+01 
4.764450e+00 5.624483e+01 
4.799530e+00 5.543847e+01 
4.834910e+00 5.464136e+01 
4.869700e+00 5.387566e+01 
4.904370e+00 5.312777e+01 
4.939450e+00 5.238514e+01 
4.973940e+00 5.166776e+01 
5.008430e+00 5.096388e+01 
5.043810e+00 5.025498e+01 
5.078840e+00 4.956609e+01 
5.113500e+00 4.889722e+01 
5.148890e+00 4.823316e+01 
5.184210e+00 4.758305e+01 
5.219060e+00 4.695306e+01 
5.253660e+00 4.633803e+01 
5.288570e+00 4.572867e+01 
5.323420e+00 4.513093e+01 
5.358440e+00 4.454062e+01 
5.393590e+00 4.395873e+01 
5.428310e+00 4.339783e+01 
5.462800e+00 4.285230e+01 
5.497640e+00 4.231075e+01 
5.532670e+00 4.177479e+01 
5.567280e+00 4.125408e+01 
5.602000e+00 4.074060e+01 
5.637270e+00 4.022741e+01 
5.672410e+00 3.972476e+01 
5.707020e+00 3.923803e+01 
5.742040e+00 3.875548e+01 
5.777430e+00 3.827639e+01 
5.812210e+00 3.781340e+01 
5.846820e+00 3.736155e+01 
5.881610e+00 3.691509e+01 
5.916510e+00 3.647450e+01 
5.951600e+00 3.603826e+01 
5.986560e+00 3.561048e+01 
6.021830e+00 3.518586e+01 
6.056490e+00 3.477738e+01 
6.091160e+00 3.437699e+01 
6.125830e+00 3.398287e+01 
6.161090e+00 3.358748e+01 
6.195760e+00 3.320298e+01 
6.230420e+00 3.282453e+01 
6.265690e+00 3.244544e+01 
6.300950e+00 3.207388e+01 
6.335620e+00 3.171413e+01 
6.370880e+00 3.135385e+01 
6.405550e+00 3.100598e+01 
6.440220e+00 3.066372e+01 
6.475480e+00 3.032087e+01 
6.510150e+00 2.998865e+01 
6.544810e+00 2.966111e+01 
6.580080e+00 2.933274e+01 
6.614750e+00 2.901473e+01 
6.649410e+00 2.870265e+01 
6.684080e+00 2.839524e+01 
6.719340e+00 2.808714e+01 
6.754010e+00 2.778843e+01 
6.788680e+00 2.749366e+01 
6.823940e+00 2.719817e+01 
6.859800e+00 2.690201e+01 
6.894470e+00 2.662062e+01 
6.929140e+00 2.634347e+01 
6.963800e+00 2.607026e+01 
6.999070e+00 2.579612e+01 
7.033730e+00 2.553024e+01 
7.068400e+00 2.526794e+01 
7.103660e+00 2.500488e+01 
7.138330e+00 2.475015e+01 
7.173600e+00 2.449533e+01 
7.208260e+00 2.424833e+01 
7.243530e+00 2.400040e+01 
7.277600e+00 2.376399e+01 
7.312860e+00 2.352248e+01 
7.348120e+00 2.328423e+01 
7.382790e+00 2.305311e+01 
7.417460e+00 2.282567e+01 
7.452720e+00 2.259775e+01 
7.487390e+00 2.237660e+01 
7.522650e+00 2.215464e+01 
7.557320e+00 2.193908e+01 
7.591990e+00 2.172625e+01 
7.627250e+00 2.151260e+01 
7.662510e+00 2.130174e+01 
7.697180e+00 2.109694e+01 
7.731850e+00 2.089470e+01 
7.766510e+00 2.069507e+01 
7.801180e+00 2.049791e+01 
7.836440e+00 2.030056e+01 
7.871110e+00 2.010934e+01 
7.906380e+00 1.991726e+01 
7.941040e+00 1.973086e+01 
7.976310e+00 1.954297e+01 
8.011570e+00 1.935680e+01 
8.046240e+00 1.917602e+01 
8.080900e+00 1.899750e+01 
8.115570e+00 1.882151e+01 
8.150830e+00 1.864618e+01 
8.185500e+00 1.847589e+01 
8.220770e+00 1.830475e+01 
8.255430e+00 1.813860e+01 
8.290100e+00 1.797361e+01 
8.324770e+00 1.781050e+01 
8.359430e+00 1.764937e+01 
8.394700e+00 1.748737e+01 
8.429960e+00 1.732769e+01 
8.464630e+00 1.717287e+01 
8.499890e+00 1.701728e+01 
8.534560e+00 1.686609e+01 
8.569200e+00 1.671679e+01 
