# Parameters:
# omega_b = 0.022413, omega_m = 0.131575, n_s = 0.958661, h = 72.952756, w = -1.000000, sigma_8 = 0.700000
# z = 0.100000
#
# k[1/Mpc] # P(k):
8.694000e-04 1.230767e+04 
2.077466e-03 2.595619e+04 
3.285532e-03 3.637920e+04 
4.493598e-03 4.417904e+04 
5.701664e-03 4.979141e+04 
6.909730e-03 5.360667e+04 
8.117797e-03 5.603966e+04 
9.325863e-03 5.730764e+04 
1.053393e-02 5.761960e+04 
1.174199e-02 5.716714e+04 
1.295006e-02 5.607355e+04 
1.415813e-02 5.450103e+04 
1.536619e-02 5.258662e+04 
1.657426e-02 5.043395e+04 
1.778233e-02 4.815957e+04 
1.899039e-02 4.585608e+04 
2.019846e-02 4.351672e+04 
2.140652e-02 4.120560e+04 
2.261459e-02 3.898705e+04 
2.382266e-02 3.690613e+04 
2.503072e-02 3.498563e+04 
2.623879e-02 3.323072e+04 
2.744685e-02 3.164380e+04 
2.865492e-02 3.022012e+04 
2.986299e-02 2.895017e+04 
3.100100e-02 2.788882e+04 
3.220400e-02 2.689569e+04 
3.288100e-02 2.639229e+04 
3.424300e-02 2.548332e+04 
3.555100e-02 2.472015e+04 
3.686000e-02 2.404666e+04 
3.795000e-02 2.354374e+04 
3.929100e-02 2.297677e+04 
4.039800e-02 2.253590e+04 
4.164000e-02 2.206684e+04 
4.294400e-02 2.157320e+04 
4.415000e-02 2.112216e+04 
4.542900e-02 2.062218e+04 
4.660900e-02 2.015329e+04 
4.782300e-02 1.963164e+04 
4.892900e-02 1.914688e+04 
5.031200e-02 1.851267e+04 
5.155900e-02 1.791508e+04 
5.238100e-02 1.751328e+04 
5.378200e-02 1.682152e+04 
5.513400e-02 1.614843e+04 
5.627600e-02 1.558199e+04 
5.735300e-02 1.505797e+04 
5.870100e-02 1.442269e+04 
5.988700e-02 1.388886e+04 
6.113500e-02 1.335424e+04 
6.225900e-02 1.290259e+04 
6.340100e-02 1.247347e+04 
6.480200e-02 1.198678e+04 
6.601100e-02 1.160890e+04 
6.725500e-02 1.125708e+04 
6.829100e-02 1.099560e+04 
6.958600e-02 1.069700e+04 
7.071100e-02 1.046854e+04 
7.192300e-02 1.024860e+04 
7.307400e-02 1.006075e+04 
7.412300e-02 9.905534e+03 
7.550400e-02 9.724056e+03 
7.663100e-02 9.588254e+03 
7.791200e-02 9.445072e+03 
7.912700e-02 9.316574e+03 
8.027600e-02 9.198120e+03 
8.138400e-02 9.084917e+03 
8.272200e-02 8.946593e+03 
8.406100e-02 8.803178e+03 
8.534100e-02 8.658919e+03 
8.653800e-02 8.516224e+03 
8.759800e-02 8.386341e+03 
8.900300e-02 8.207751e+03 
9.009000e-02 8.062395e+03 
9.113300e-02 7.919168e+03 
9.239600e-02 7.744180e+03 
9.358000e-02 7.576856e+03 
9.496100e-02 7.379330e+03 
9.608400e-02 7.220149e+03 
9.727500e-02 7.053730e+03 
9.852600e-02 6.880863e+03 
9.973800e-02 6.719786e+03 
1.009000e-01 6.571020e+03 
1.020900e-01 6.425661e+03 
1.034000e-01 6.273296e+03 
1.046000e-01 6.140937e+03 
1.057200e-01 6.027154e+03 
1.069100e-01 5.912048e+03 
1.082500e-01 5.793515e+03 
1.093900e-01 5.700312e+03 
1.105400e-01 5.611479e+03 
1.116900e-01 5.531646e+03 
1.129600e-01 5.448016e+03 
1.142000e-01 5.373968e+03 
1.153300e-01 5.309575e+03 
1.166400e-01 5.238987e+03 
1.177800e-01 5.180787e+03 
1.190000e-01 5.120795e+03 
1.201200e-01 5.066064e+03 
1.213400e-01 5.007680e+03 
1.227100e-01 4.941259e+03 
1.238900e-01 4.884582e+03 
1.250700e-01 4.826119e+03 
1.263200e-01 4.764402e+03 
1.275500e-01 4.702358e+03 
1.287500e-01 4.641306e+03 
1.299900e-01 4.576635e+03 
1.311300e-01 4.517345e+03 
1.323500e-01 4.453540e+03 
1.335900e-01 4.389068e+03 
1.347100e-01 4.330644e+03 
1.359800e-01 4.265430e+03 
1.372100e-01 4.202848e+03 
1.384300e-01 4.141935e+03 
1.395700e-01 4.085669e+03 
1.407700e-01 4.027758e+03 
1.420300e-01 3.968865e+03 
1.432800e-01 3.911748e+03 
1.444500e-01 3.860168e+03 
1.456300e-01 3.809216e+03 
1.468900e-01 3.757293e+03 
1.480500e-01 3.710875e+03 
1.491700e-01 3.667448e+03 
1.503800e-01 3.622116e+03 
1.516400e-01 3.576250e+03 
1.528200e-01 3.535796e+03 
1.540200e-01 3.495446e+03 
1.551900e-01 3.458019e+03 
1.564300e-01 3.419391e+03 
1.576600e-01 3.382234e+03 
1.588700e-01 3.346877e+03 
1.600900e-01 3.311919e+03 
1.612700e-01 3.279200e+03 
1.625400e-01 3.244638e+03 
1.637600e-01 3.212242e+03 
1.649500e-01 3.181316e+03 
1.662200e-01 3.148834e+03 
1.674000e-01 3.118767e+03 
1.685000e-01 3.091204e+03 
1.697500e-01 3.060127e+03 
1.710300e-01 3.028595e+03 
1.722200e-01 2.999798e+03 
1.734400e-01 2.969814e+03 
1.746400e-01 2.940786e+03 
1.758700e-01 2.911314e+03 
1.770900e-01 2.882119e+03 
1.782700e-01 2.854354e+03 
1.794600e-01 2.826456e+03 
1.807000e-01 2.797634e+03 
1.819100e-01 2.769981e+03 
1.830100e-01 2.745035e+03 
1.842200e-01 2.717990e+03 
1.855000e-01 2.689869e+03 
1.867000e-01 2.664148e+03 
1.879200e-01 2.638418e+03 
1.890900e-01 2.614136e+03 
1.902800e-01 2.589850e+03 
1.915200e-01 2.564944e+03 
1.926900e-01 2.541956e+03 
1.939000e-01 2.519020e+03 
1.951700e-01 2.495326e+03 
1.963100e-01 2.474449e+03 
1.975100e-01 2.452978e+03 
1.987800e-01 2.430604e+03 
2.000100e-01 2.409336e+03 
2.012500e-01 2.388375e+03 
2.023400e-01 2.370213e+03 
2.036100e-01 2.349428e+03 
2.048900e-01 2.329092e+03 
2.060400e-01 2.311086e+03 
2.072200e-01 2.292879e+03 
2.084200e-01 2.274769e+03 
2.096900e-01 2.255881e+03 
2.109200e-01 2.237855e+03 
2.121100e-01 2.220636e+03 
2.132700e-01 2.204078e+03 
2.145200e-01 2.186481e+03 
2.157200e-01 2.169808e+03 
2.168800e-01 2.153898e+03 
2.180700e-01 2.137794e+03 
2.193400e-01 2.120829e+03 
2.206000e-01 2.104206e+03 
2.217500e-01 2.089237e+03 
2.229500e-01 2.073821e+03 
2.241400e-01 2.058709e+03 
2.253500e-01 2.043544e+03 
2.264900e-01 2.029440e+03 
2.277100e-01 2.014592e+03 
2.289900e-01 1.999285e+03 
2.301500e-01 1.985594e+03 
2.313600e-01 1.971493e+03 
2.325600e-01 1.957661e+03 
2.337700e-01 1.943890e+03 
2.350000e-01 1.930071e+03 
2.362000e-01 1.916859e+03 
2.374100e-01 1.903820e+03 
2.386500e-01 1.890626e+03 
2.399100e-01 1.877391e+03 
2.410400e-01 1.865725e+03 
2.422500e-01 1.853388e+03 
2.435000e-01 1.840801e+03 
2.447300e-01 1.828589e+03 
2.458700e-01 1.817482e+03 
2.470600e-01 1.806021e+03 
2.483300e-01 1.793938e+03 
2.495600e-01 1.782405e+03 
2.507600e-01 1.771322e+03 
2.519600e-01 1.760368e+03 
2.532200e-01 1.749003e+03 
2.543700e-01 1.738786e+03 
2.555500e-01 1.728443e+03 
2.568000e-01 1.717614e+03 
2.580100e-01 1.707254e+03 
2.592400e-01 1.696823e+03 
2.604100e-01 1.687004e+03 
2.616100e-01 1.677045e+03 
2.628400e-01 1.666952e+03 
2.640600e-01 1.657150e+03 
2.652200e-01 1.647970e+03 
2.664300e-01 1.638498e+03 
2.676500e-01 1.629054e+03 
2.688400e-01 1.619867e+03 
2.700700e-01 1.610426e+03 
2.712400e-01 1.601543e+03 
2.724800e-01 1.592231e+03 
2.736700e-01 1.583376e+03 
2.748800e-01 1.574454e+03 
2.761000e-01 1.565554e+03 
2.773200e-01 1.556751e+03 
2.785400e-01 1.548052e+03 
2.797000e-01 1.539888e+03 
2.808900e-01 1.531599e+03 
2.821400e-01 1.522984e+03 
2.833900e-01 1.514458e+03 
2.845500e-01 1.506539e+03 
2.857800e-01 1.498227e+03 
2.870300e-01 1.489870e+03 
2.882100e-01 1.482062e+03 
2.893900e-01 1.474311e+03 
2.906300e-01 1.466238e+03 
2.918900e-01 1.458122e+03 
2.930500e-01 1.450725e+03 
2.942500e-01 1.443144e+03 
2.954200e-01 1.435811e+03 
2.966500e-01 1.428180e+03 
2.978900e-01 1.420564e+03 
2.990400e-01 1.413570e+03 
3.002700e-01 1.406142e+03 
3.015100e-01 1.398719e+03 
3.026800e-01 1.391783e+03 
3.038500e-01 1.384913e+03 
3.050300e-01 1.378049e+03 
3.062600e-01 1.370957e+03 
3.075000e-01 1.363878e+03 
3.087000e-01 1.357093e+03 
3.099100e-01 1.350317e+03 
3.111200e-01 1.343596e+03 
3.123100e-01 1.337033e+03 
3.135300e-01 1.330368e+03 
3.147300e-01 1.323875e+03 
3.159900e-01 1.317121e+03 
3.171800e-01 1.310855e+03 
3.183700e-01 1.304681e+03 
3.196300e-01 1.298205e+03 
3.208400e-01 1.292045e+03 
3.220300e-01 1.286041e+03 
3.232000e-01 1.280150e+03 
3.244300e-01 1.273995e+03 
3.256700e-01 1.267848e+03 
3.269200e-01 1.261710e+03 
3.280800e-01 1.256064e+03 
3.292500e-01 1.250484e+03 
3.304800e-01 1.244690e+03 
3.317100e-01 1.238949e+03 
3.328900e-01 1.233490e+03 
3.340700e-01 1.228078e+03 
3.353600e-01 1.222242e+03 
3.365300e-01 1.217007e+03 
3.377100e-01 1.211772e+03 
3.389200e-01 1.206450e+03 
3.401600e-01 1.201045e+03 
3.413700e-01 1.195836e+03 
3.425300e-01 1.190897e+03 
3.437700e-01 1.185663e+03 
3.449800e-01 1.180600e+03 
3.461800e-01 1.175622e+03 
3.473600e-01 1.170763e+03 
3.485800e-01 1.165771e+03 
3.498100e-01 1.160780e+03 
3.510200e-01 1.155913e+03 
3.522000e-01 1.151206e+03 
3.533900e-01 1.146498e+03 
3.546400e-01 1.141673e+03 
3.558400e-01 1.137084e+03 
3.570600e-01 1.132458e+03 
3.582700e-01 1.127907e+03 
3.595000e-01 1.123320e+03 
3.607100e-01 1.118859e+03 
3.618900e-01 1.114554e+03 
3.631200e-01 1.110104e+03 
3.643200e-01 1.105798e+03 
3.655500e-01 1.101420e+03 
3.667300e-01 1.097253e+03 
3.679500e-01 1.093007e+03 
3.691900e-01 1.088726e+03 
3.703600e-01 1.084719e+03 
3.715700e-01 1.080607e+03 
3.727700e-01 1.076562e+03 
3.739900e-01 1.072490e+03 
3.752000e-01 1.068498e+03 
3.763900e-01 1.064604e+03 
3.775800e-01 1.060739e+03 
3.788200e-01 1.056744e+03 
3.800300e-01 1.052876e+03 
3.812100e-01 1.049126e+03 
3.824200e-01 1.045305e+03 
3.836100e-01 1.041576e+03 
3.848600e-01 1.037689e+03 
3.860400e-01 1.034048e+03 
3.872400e-01 1.030374e+03 
3.884600e-01 1.026684e+03 
3.896500e-01 1.023120e+03 
3.908700e-01 1.019493e+03 
3.920600e-01 1.015982e+03 
3.933100e-01 1.012322e+03 
3.945300e-01 1.008777e+03 
3.957200e-01 1.005357e+03 
3.969300e-01 1.001908e+03 
3.981700e-01 9.984000e+02 
3.993500e-01 9.950868e+02 
4.094840e-01 9.675297e+02 
4.272360e-01 9.231387e+02 
4.454600e-01 8.815642e+02 
4.630560e-01 8.449531e+02 
4.804610e-01 8.115769e+02 
4.980690e-01 7.803790e+02 
5.159230e-01 7.511545e+02 
5.317440e-01 7.269310e+02 
5.489640e-01 7.024361e+02 
5.671990e-01 6.782641e+02 
5.838690e-01 6.576417e+02 
6.018840e-01 6.368306e+02 
6.202330e-01 6.170888e+02 
6.379250e-01 5.992600e+02 
6.545410e-01 5.834790e+02 
6.714560e-01 5.683006e+02 
6.892080e-01 5.532634e+02 
7.066010e-01 5.393399e+02 
7.240540e-01 5.261040e+02 
7.420450e-01 5.130739e+02 
7.593780e-01 5.012144e+02 
7.764720e-01 4.900015e+02 
7.942840e-01 4.788870e+02 
8.116170e-01 4.684732e+02 
8.288310e-01 4.585704e+02 
8.462240e-01 4.489261e+02 
8.631980e-01 4.399173e+02 
8.810700e-01 4.307363e+02 
8.989410e-01 4.219092e+02 
9.166330e-01 4.134533e+02 
9.345640e-01 4.051682e+02 
9.515980e-01 3.975447e+02 
9.688720e-01 3.900319e+02 
9.865640e-01 3.825484e+02 
1.031870e+00 3.644826e+02 
1.063490e+00 3.525994e+02 
1.097920e+00 3.402877e+02 
1.134370e+00 3.279215e+02 
1.167730e+00 3.171967e+02 
1.203830e+00 3.061283e+02 
1.240470e+00 2.954662e+02 
1.275790e+00 2.856455e+02 
1.309140e+00 2.768076e+02 
1.342970e+00 2.682255e+02 
1.378420e+00 2.596362e+02 
1.413200e+00 2.515659e+02 
1.448110e+00 2.438053e+02 
1.484090e+00 2.361528e+02 
1.518820e+00 2.290705e+02 
1.552880e+00 2.224149e+02 
1.588630e+00 2.157274e+02 
1.623230e+00 2.095162e+02 
1.657720e+00 2.035865e+02 
1.692450e+00 1.978467e+02 
1.726400e+00 1.924394e+02 
1.762200e+00 1.869558e+02 
1.797880e+00 1.817056e+02 
1.833270e+00 1.767158e+02 
1.869070e+00 1.718404e+02 
1.903200e+00 1.673833e+02 
1.937740e+00 1.630301e+02 
1.973190e+00 1.587206e+02 
2.007440e+00 1.547122e+02 
2.042160e+00 1.508027e+02 
2.077900e+00 1.468965e+02 
2.112390e+00 1.432791e+02 
2.146220e+00 1.398458e+02 
2.181600e+00 1.363706e+02 
2.216930e+00 1.330346e+02 
2.250760e+00 1.299386e+02 
2.286500e+00 1.267709e+02 
2.321770e+00 1.237591e+02 
2.355950e+00 1.209323e+02 
2.391280e+00 1.181166e+02 
2.426240e+00 1.154061e+02 
2.460670e+00 1.128203e+02 
2.495640e+00 1.102858e+02 
2.531080e+00 1.077901e+02 
2.566220e+00 1.053908e+02 
2.600830e+00 1.031059e+02 
2.635080e+00 1.009209e+02 
2.670340e+00 9.873005e+01 
2.705970e+00 9.658298e+01 
2.740040e+00 9.459017e+01 
2.774520e+00 9.262672e+01 
2.809730e+00 9.068751e+01 
2.844390e+00 8.883678e+01 
2.879960e+00 8.698813e+01 
2.914860e+00 8.522346e+01 
2.949410e+00 8.352726e+01 
2.984440e+00 8.186001e+01 
3.019760e+00 8.022440e+01 
3.054730e+00 7.864987e+01 
3.089030e+00 7.714259e+01 
3.124060e+00 7.564485e+01 
3.159560e+00 7.416710e+01 
3.194710e+00 7.274713e+01 
3.229010e+00 7.140010e+01 
3.263320e+00 7.008329e+01 
3.297930e+00 6.879200e+01 
3.332830e+00 6.752708e+01 
3.368040e+00 6.628223e+01 
3.403300e+00 6.506689e+01 
3.438450e+00 6.388383e+01 
3.473060e+00 6.274868e+01 
3.508440e+00 6.162052e+01 
3.543110e+00 6.054301e+01 
3.577470e+00 5.949843e+01 
3.613040e+00 5.844514e+01 
3.648120e+00 5.743446e+01 
3.682910e+00 5.645578e+01 
3.718050e+00 5.548913e+01 
3.753320e+00 5.454383e+01 
3.787980e+00 5.363886e+01 
3.822290e+00 5.276306e+01 
3.857020e+00 5.189551e+01 
3.891920e+00 5.104331e+01 
3.926650e+00 5.021329e+01 
3.961970e+00 4.938952e+01 
3.997360e+00 4.858487e+01 
4.031670e+00 4.782309e+01 
4.066330e+00 4.707277e+01 
4.101420e+00 4.633019e+01 
4.136200e+00 4.560844e+01 
4.170810e+00 4.490611e+01 
4.206250e+00 4.420447e+01 
4.241580e+00 4.352083e+01 
4.276300e+00 4.286217e+01 
4.310970e+00 4.221775e+01 
4.346120e+00 4.157921e+01 
4.380600e+00 4.096745e+01 
4.414730e+00 4.037442e+01 
4.450350e+00 3.976696e+01 
4.485320e+00 3.918314e+01 
4.519810e+00 3.862036e+01 
4.555430e+00 3.805164e+01 
4.590870e+00 3.749703e+01 
4.625480e+00 3.696540e+01 
4.659910e+00 3.644706e+01 
4.695230e+00 3.592770e+01 
4.729960e+00 3.542744e+01 
4.764450e+00 3.494087e+01 
4.799530e+00 3.445652e+01 
4.834910e+00 3.397758e+01 
4.869700e+00 3.351717e+01 
4.904370e+00 3.306730e+01 
4.939450e+00 3.262043e+01 
4.973940e+00 3.218851e+01 
5.008430e+00 3.176461e+01 
5.043810e+00 3.133737e+01 
5.078840e+00 3.092197e+01 
5.113500e+00 3.051852e+01 
5.148890e+00 3.011790e+01 
5.184210e+00 2.972558e+01 
5.219060e+00 2.934525e+01 
5.253660e+00 2.897370e+01 
5.288570e+00 2.860547e+01 
5.323420e+00 2.824411e+01 
5.358440e+00 2.788709e+01 
5.393590e+00 2.753506e+01 
5.428310e+00 2.719562e+01 
5.462800e+00 2.686538e+01 
5.497640e+00 2.653747e+01 
5.532670e+00 2.621282e+01 
5.567280e+00 2.589730e+01 
5.602000e+00 2.558608e+01 
5.637270e+00 2.527488e+01 
5.672410e+00 2.496998e+01 
5.707020e+00 2.467465e+01 
5.742040e+00 2.438184e+01 
5.777430e+00 2.409106e+01 
5.812210e+00 2.380997e+01 
5.846820e+00 2.353555e+01 
5.881610e+00 2.326433e+01 
5.916510e+00 2.299661e+01 
5.951600e+00 2.273143e+01 
5.986560e+00 2.247130e+01 
6.021830e+00 2.221303e+01 
6.056490e+00 2.196458e+01 
6.091160e+00 2.172104e+01 
6.125830e+00 2.148124e+01 
6.161090e+00 2.124061e+01 
6.195760e+00 2.100651e+01 
6.230420e+00 2.077603e+01 
6.265690e+00 2.054511e+01 
6.300950e+00 2.031874e+01 
6.335620e+00 2.009952e+01 
6.370880e+00 1.987991e+01 
6.405550e+00 1.966785e+01 
6.440220e+00 1.945918e+01 
6.475480e+00 1.925008e+01 
6.510150e+00 1.904742e+01 
6.544810e+00 1.884756e+01 
6.580080e+00 1.864714e+01 
6.614750e+00 1.845298e+01 
6.649410e+00 1.826244e+01 
6.684080e+00 1.807470e+01 
6.719340e+00 1.788649e+01 
6.754010e+00 1.770397e+01 
6.788680e+00 1.752380e+01 
6.823940e+00 1.734315e+01 
6.859800e+00 1.716203e+01 
6.894470e+00 1.698994e+01 
6.929140e+00 1.682042e+01 
6.963800e+00 1.665327e+01 
6.999070e+00 1.648550e+01 
7.033730e+00 1.632277e+01 
7.068400e+00 1.616219e+01 
7.103660e+00 1.600109e+01 
7.138330e+00 1.584506e+01 
7.173600e+00 1.568893e+01 
7.208260e+00 1.553755e+01 
7.243530e+00 1.538556e+01 
7.277600e+00 1.524062e+01 
7.312860e+00 1.509253e+01 
7.348120e+00 1.494640e+01 
7.382790e+00 1.480459e+01 
7.417460e+00 1.466503e+01 
7.452720e+00 1.452515e+01 
7.487390e+00 1.438938e+01 
7.522650e+00 1.425308e+01 
7.557320e+00 1.412068e+01 
7.591990e+00 1.398992e+01 
7.627250e+00 1.385862e+01 
7.662510e+00 1.372899e+01 
7.697180e+00 1.360305e+01 
7.731850e+00 1.347864e+01 
7.766510e+00 1.335581e+01 
7.801180e+00 1.323447e+01 
7.836440e+00 1.311298e+01 
7.871110e+00 1.299525e+01 
7.906380e+00 1.287695e+01 
7.941040e+00 1.276211e+01 
7.976310e+00 1.264631e+01 
8.011570e+00 1.253153e+01 
8.046240e+00 1.242004e+01 
8.080900e+00 1.230991e+01 
8.115570e+00 1.220131e+01 
8.150830e+00 1.209312e+01 
8.185500e+00 1.198801e+01 
8.220770e+00 1.188234e+01 
8.255430e+00 1.177973e+01 
8.290100e+00 1.167778e+01 
8.324770e+00 1.157697e+01 
8.359430e+00 1.147735e+01 
8.394700e+00 1.137716e+01 
8.429960e+00 1.127837e+01 
8.464630e+00 1.118258e+01 
8.499890e+00 1.108628e+01 
8.534560e+00 1.099268e+01 
8.569200e+00 1.090021e+01 
