# Parameters:
# omega_b = 0.023201, omega_m = 0.128819, n_s = 1.035827, h = 80.984252, w = -1.000000, sigma_8 = 0.890551
# z = 0.100000
#
# k[1/Mpc] # P(k):
8.694000e-04 1.301595e+04 
2.077466e-03 2.918217e+04 
3.285532e-03 4.223647e+04 
4.493598e-03 5.241207e+04 
5.701664e-03 5.998898e+04 
6.909730e-03 6.535273e+04 
8.117797e-03 6.897473e+04 
9.325863e-03 7.109548e+04 
1.053393e-02 7.195363e+04 
1.174199e-02 7.177299e+04 
1.295006e-02 7.070583e+04 
1.415813e-02 6.896348e+04 
1.536619e-02 6.672587e+04 
1.657426e-02 6.416387e+04 
1.778233e-02 6.151776e+04 
1.899039e-02 5.882304e+04 
2.019846e-02 5.590716e+04 
2.140652e-02 5.291017e+04 
2.261459e-02 5.001292e+04 
2.382266e-02 4.730691e+04 
2.503072e-02 4.482588e+04 
2.623879e-02 4.257716e+04 
2.744685e-02 4.056690e+04 
2.865492e-02 3.878419e+04 
2.986299e-02 3.721442e+04 
3.100100e-02 3.592355e+04 
3.220400e-02 3.473530e+04 
3.288100e-02 3.414283e+04 
3.424300e-02 3.308911e+04 
3.555100e-02 3.222021e+04 
3.686000e-02 3.146523e+04 
3.795000e-02 3.090687e+04 
3.929100e-02 3.027777e+04 
4.039800e-02 2.978306e+04 
4.164000e-02 2.924897e+04 
4.294400e-02 2.866678e+04 
4.415000e-02 2.812135e+04 
4.542900e-02 2.749449e+04 
4.660900e-02 2.689355e+04 
4.782300e-02 2.620644e+04 
4.892900e-02 2.555978e+04 
5.031200e-02 2.470330e+04 
5.155900e-02 2.389013e+04 
5.238100e-02 2.334196e+04 
5.378200e-02 2.239753e+04 
5.513400e-02 2.148091e+04 
5.627600e-02 2.071294e+04 
5.735300e-02 2.000627e+04 
5.870100e-02 1.915540e+04 
5.988700e-02 1.844590e+04 
6.113500e-02 1.774114e+04 
6.225900e-02 1.715138e+04 
6.340100e-02 1.659625e+04 
6.480200e-02 1.597204e+04 
6.601100e-02 1.549358e+04 
6.725500e-02 1.505288e+04 
6.829100e-02 1.472956e+04 
6.958600e-02 1.436347e+04 
7.071100e-02 1.408690e+04 
7.192300e-02 1.382343e+04 
7.307400e-02 1.360039e+04 
7.412300e-02 1.341747e+04 
7.550400e-02 1.320536e+04 
7.663100e-02 1.304704e+04 
7.791200e-02 1.287937e+04 
7.912700e-02 1.272726e+04 
8.027600e-02 1.258514e+04 
8.138400e-02 1.244734e+04 
8.272200e-02 1.227571e+04 
8.406100e-02 1.209388e+04 
8.534100e-02 1.190679e+04 
8.653800e-02 1.171842e+04 
8.759800e-02 1.154516e+04 
8.900300e-02 1.130436e+04 
9.009000e-02 1.110657e+04 
9.113300e-02 1.091046e+04 
9.239600e-02 1.067007e+04 
9.358000e-02 1.043961e+04 
9.496100e-02 1.016748e+04 
9.608400e-02 9.948445e+03 
9.727500e-02 9.719743e+03 
9.852600e-02 9.483794e+03 
9.973800e-02 9.264929e+03 
1.009000e-01 9.063615e+03 
1.020900e-01 8.869344e+03 
1.034000e-01 8.666955e+03 
1.046000e-01 8.492491e+03 
1.057200e-01 8.344827e+03 
1.069100e-01 8.196257e+03 
1.082500e-01 8.045756e+03 
1.093900e-01 7.928706e+03 
1.105400e-01 7.817924e+03 
1.116900e-01 7.720027e+03 
1.129600e-01 7.617949e+03 
1.142000e-01 7.528540e+03 
1.153300e-01 7.450779e+03 
1.166400e-01 7.365528e+03 
1.177800e-01 7.294760e+03 
1.190000e-01 7.221607e+03 
1.201200e-01 7.153160e+03 
1.213400e-01 7.079862e+03 
1.227100e-01 6.993692e+03 
1.238900e-01 6.919592e+03 
1.250700e-01 6.841301e+03 
1.263200e-01 6.758058e+03 
1.275500e-01 6.673072e+03 
1.287500e-01 6.588969e+03 
1.299900e-01 6.499149e+03 
1.311300e-01 6.416697e+03 
1.323500e-01 6.327808e+03 
1.335900e-01 6.238185e+03 
1.347100e-01 6.157222e+03 
1.359800e-01 6.067208e+03 
1.372100e-01 5.981550e+03 
1.384300e-01 5.898536e+03 
1.395700e-01 5.822742e+03 
1.407700e-01 5.744841e+03 
1.420300e-01 5.666968e+03 
1.432800e-01 5.591408e+03 
1.444500e-01 5.524333e+03 
1.456300e-01 5.458044e+03 
1.468900e-01 5.391118e+03 
1.480500e-01 5.331460e+03 
1.491700e-01 5.275771e+03 
1.503800e-01 5.217808e+03 
1.516400e-01 5.159142e+03 
1.528200e-01 5.107395e+03 
1.540200e-01 5.055767e+03 
1.551900e-01 5.007575e+03 
1.564300e-01 4.957754e+03 
1.576600e-01 4.909548e+03 
1.588700e-01 4.863335e+03 
1.600900e-01 4.817605e+03 
1.612700e-01 4.774195e+03 
1.625400e-01 4.728334e+03 
1.637600e-01 4.685000e+03 
1.649500e-01 4.643429e+03 
1.662200e-01 4.599708e+03 
1.674000e-01 4.558928e+03 
1.685000e-01 4.521543e+03 
1.697500e-01 4.479302e+03 
1.710300e-01 4.436355e+03 
1.722200e-01 4.397129e+03 
1.734400e-01 4.356280e+03 
1.746400e-01 4.316729e+03 
1.758700e-01 4.276612e+03 
1.770900e-01 4.236957e+03 
1.782700e-01 4.199236e+03 
1.794600e-01 4.161464e+03 
1.807000e-01 4.122520e+03 
1.819100e-01 4.085149e+03 
1.830100e-01 4.051597e+03 
1.842200e-01 4.015241e+03 
1.855000e-01 3.977439e+03 
1.867000e-01 3.943064e+03 
1.879200e-01 3.908669e+03 
1.890900e-01 3.876221e+03 
1.902800e-01 3.843847e+03 
1.915200e-01 3.810638e+03 
1.926900e-01 3.780004e+03 
1.939000e-01 3.749512e+03 
1.951700e-01 3.718007e+03 
1.963100e-01 3.690235e+03 
1.975100e-01 3.661648e+03 
1.987800e-01 3.631854e+03 
2.000100e-01 3.603504e+03 
2.012500e-01 3.575501e+03 
2.023400e-01 3.551233e+03 
2.036100e-01 3.523439e+03 
2.048900e-01 3.496164e+03 
2.060400e-01 3.472013e+03 
2.072200e-01 3.447579e+03 
2.084200e-01 3.423167e+03 
2.096900e-01 3.397702e+03 
2.109200e-01 3.373397e+03 
2.121100e-01 3.350056e+03 
2.132700e-01 3.327602e+03 
2.145200e-01 3.303738e+03 
2.157200e-01 3.281071e+03 
2.168800e-01 3.259417e+03 
2.180700e-01 3.237496e+03 
2.193400e-01 3.214383e+03 
2.206000e-01 3.191700e+03 
2.217500e-01 3.171272e+03 
2.229500e-01 3.150231e+03 
2.241400e-01 3.129621e+03 
2.253500e-01 3.108936e+03 
2.264900e-01 3.089696e+03 
2.277100e-01 3.069463e+03 
2.289900e-01 3.048625e+03 
2.301500e-01 3.029986e+03 
2.313600e-01 3.010787e+03 
2.325600e-01 2.992008e+03 
2.337700e-01 2.973312e+03 
2.350000e-01 2.954549e+03 
2.362000e-01 2.936650e+03 
2.374100e-01 2.919036e+03 
2.386500e-01 2.901211e+03 
2.399100e-01 2.883331e+03 
2.410400e-01 2.867604e+03 
2.422500e-01 2.850977e+03 
2.435000e-01 2.834014e+03 
2.447300e-01 2.817559e+03 
2.458700e-01 2.802608e+03 
2.470600e-01 2.787183e+03 
2.483300e-01 2.770920e+03 
2.495600e-01 2.755395e+03 
2.507600e-01 2.740473e+03 
2.519600e-01 2.725725e+03 
2.532200e-01 2.710424e+03 
2.543700e-01 2.696653e+03 
2.555500e-01 2.682701e+03 
2.568000e-01 2.668094e+03 
2.580100e-01 2.654120e+03 
2.592400e-01 2.640011e+03 
2.604100e-01 2.626712e+03 
2.616100e-01 2.613223e+03 
2.628400e-01 2.599555e+03 
2.640600e-01 2.586263e+03 
2.652200e-01 2.573807e+03 
2.664300e-01 2.560958e+03 
2.676500e-01 2.548146e+03 
2.688400e-01 2.535645e+03 
2.700700e-01 2.522776e+03 
2.712400e-01 2.510669e+03 
2.724800e-01 2.497976e+03 
2.736700e-01 2.485891e+03 
2.748800e-01 2.473698e+03 
2.761000e-01 2.461536e+03 
2.773200e-01 2.449506e+03 
2.785400e-01 2.437617e+03 
2.797000e-01 2.426453e+03 
2.808900e-01 2.415119e+03 
2.821400e-01 2.403340e+03 
2.833900e-01 2.391683e+03 
2.845500e-01 2.380839e+03 
2.857800e-01 2.369459e+03 
2.870300e-01 2.358017e+03 
2.882100e-01 2.347328e+03 
2.893900e-01 2.336715e+03 
2.906300e-01 2.325661e+03 
2.918900e-01 2.314547e+03 
2.930500e-01 2.304420e+03 
2.942500e-01 2.294039e+03 
2.954200e-01 2.283995e+03 
2.966500e-01 2.273542e+03 
2.978900e-01 2.263111e+03 
2.990400e-01 2.253532e+03 
3.002700e-01 2.243362e+03 
3.015100e-01 2.233202e+03 
3.026800e-01 2.223710e+03 
3.038500e-01 2.214307e+03 
3.050300e-01 2.204913e+03 
3.062600e-01 2.195172e+03 
3.075000e-01 2.185448e+03 
3.087000e-01 2.176129e+03 
3.099100e-01 2.166823e+03 
3.111200e-01 2.157591e+03 
3.123100e-01 2.148571e+03 
3.135300e-01 2.139411e+03 
3.147300e-01 2.130487e+03 
3.159900e-01 2.121206e+03 
3.171800e-01 2.112609e+03 
3.183700e-01 2.104146e+03 
3.196300e-01 2.095271e+03 
3.208400e-01 2.086828e+03 
3.220300e-01 2.078601e+03 
3.232000e-01 2.070465e+03 
3.244300e-01 2.061942e+03 
3.256700e-01 2.053431e+03 
3.269200e-01 2.044931e+03 
3.280800e-01 2.037114e+03 
3.292500e-01 2.029396e+03 
3.304800e-01 2.021385e+03 
3.317100e-01 2.013447e+03 
3.328900e-01 2.005900e+03 
3.340700e-01 1.998420e+03 
3.353600e-01 1.990320e+03 
3.365300e-01 1.983041e+03 
3.377100e-01 1.975764e+03 
3.389200e-01 1.968366e+03 
3.401600e-01 1.960853e+03 
3.413700e-01 1.953584e+03 
3.425300e-01 1.946673e+03 
3.437700e-01 1.939349e+03 
3.449800e-01 1.932266e+03 
3.461800e-01 1.925301e+03 
3.473600e-01 1.918494e+03 
3.485800e-01 1.911475e+03 
3.498100e-01 1.904459e+03 
3.510200e-01 1.897618e+03 
3.522000e-01 1.891001e+03 
3.533900e-01 1.884385e+03 
3.546400e-01 1.877551e+03 
3.558400e-01 1.871050e+03 
3.570600e-01 1.864496e+03 
3.582700e-01 1.858051e+03 
3.595000e-01 1.851555e+03 
3.607100e-01 1.845216e+03 
3.618900e-01 1.839083e+03 
3.631200e-01 1.832743e+03 
3.643200e-01 1.826608e+03 
3.655500e-01 1.820373e+03 
3.667300e-01 1.814440e+03 
3.679500e-01 1.808331e+03 
3.691900e-01 1.802174e+03 
3.703600e-01 1.796412e+03 
3.715700e-01 1.790500e+03 
3.727700e-01 1.784684e+03 
3.739900e-01 1.778826e+03 
3.752000e-01 1.773074e+03 
3.763900e-01 1.767462e+03 
3.775800e-01 1.761895e+03 
3.788200e-01 1.756140e+03 
3.800300e-01 1.750570e+03 
3.812100e-01 1.745134e+03 
3.824200e-01 1.739573e+03 
3.836100e-01 1.734146e+03 
3.848600e-01 1.728490e+03 
3.860400e-01 1.723194e+03 
3.872400e-01 1.717848e+03 
3.884600e-01 1.712450e+03 
3.896500e-01 1.707224e+03 
3.908700e-01 1.701907e+03 
3.920600e-01 1.696760e+03 
3.933100e-01 1.691396e+03 
3.945300e-01 1.686201e+03 
3.957200e-01 1.681177e+03 
3.969300e-01 1.676109e+03 
3.981700e-01 1.670955e+03 
3.993500e-01 1.666088e+03 
4.094840e-01 1.625380e+03 
4.272360e-01 1.559224e+03 
4.454600e-01 1.496710e+03 
4.630560e-01 1.441409e+03 
4.804610e-01 1.390644e+03 
4.980690e-01 1.343007e+03 
5.159230e-01 1.298119e+03 
5.317440e-01 1.260721e+03 
5.489640e-01 1.222657e+03 
5.671990e-01 1.184738e+03 
5.838690e-01 1.152104e+03 
6.018840e-01 1.118927e+03 
6.202330e-01 1.087062e+03 
6.379250e-01 1.058078e+03 
6.545410e-01 1.032075e+03 
6.714560e-01 1.006871e+03 
6.892080e-01 9.816053e+02 
7.066010e-01 9.580192e+02 
7.240540e-01 9.354074e+02 
7.420450e-01 9.128950e+02 
7.593780e-01 8.922531e+02 
7.764720e-01 8.726015e+02 
7.942840e-01 8.529677e+02 
8.116170e-01 8.344830e+02 
8.288310e-01 8.167677e+02 
8.462240e-01 7.994465e+02 
8.631980e-01 7.831808e+02 
8.810700e-01 7.665385e+02 
8.989410e-01 7.505000e+02 
9.166330e-01 7.350787e+02 
9.345640e-01 7.199190e+02 
9.515980e-01 7.059533e+02 
9.688720e-01 6.921613e+02 
9.865640e-01 6.784126e+02 
1.031870e+00 6.451497e+02 
1.063490e+00 6.232596e+02 
1.097920e+00 6.005674e+02 
1.134370e+00 5.778073e+02 
1.167730e+00 5.580921e+02 
1.203830e+00 5.377869e+02 
1.240470e+00 5.182505e+02 
1.275790e+00 5.002971e+02 
1.309140e+00 4.841810e+02 
1.342970e+00 4.685637e+02 
1.378420e+00 4.529662e+02 
1.413200e+00 4.383594e+02 
1.448110e+00 4.243335e+02 
1.484090e+00 4.105465e+02 
1.518820e+00 3.978068e+02 
1.552880e+00 3.858743e+02 
1.588630e+00 3.739011e+02 
1.623230e+00 3.628086e+02 
1.657720e+00 3.522396e+02 
1.692450e+00 3.420204e+02 
1.726400e+00 3.324239e+02 
1.762200e+00 3.227046e+02 
1.797880e+00 3.134229e+02 
1.833270e+00 3.046123e+02 
1.869070e+00 2.960251e+02 
1.903200e+00 2.881839e+02 
1.937740e+00 2.805379e+02 
1.973190e+00 2.729799e+02 
2.007440e+00 2.659596e+02 
2.042160e+00 2.591234e+02 
2.077900e+00 2.523023e+02 
2.112390e+00 2.459926e+02 
2.146220e+00 2.400137e+02 
2.181600e+00 2.339696e+02 
2.216930e+00 2.281737e+02 
2.250760e+00 2.228012e+02 
2.286500e+00 2.173101e+02 
2.321770e+00 2.120940e+02 
2.355950e+00 2.072042e+02 
2.391280e+00 2.023388e+02 
2.426240e+00 1.976600e+02 
2.460670e+00 1.932004e+02 
2.495640e+00 1.888327e+02 
2.531080e+00 1.845367e+02 
2.566220e+00 1.804096e+02 
2.600830e+00 1.764820e+02 
2.635080e+00 1.727289e+02 
2.670340e+00 1.689698e+02 
2.705970e+00 1.652879e+02 
2.740040e+00 1.618723e+02 
2.774520e+00 1.585102e+02 
2.809730e+00 1.551916e+02 
2.844390e+00 1.520258e+02 
2.879960e+00 1.488663e+02 
2.914860e+00 1.458520e+02 
2.949410e+00 1.429557e+02 
2.984440e+00 1.401106e+02 
3.019760e+00 1.373210e+02 
3.054730e+00 1.346365e+02 
3.089030e+00 1.320688e+02 
3.124060e+00 1.295179e+02 
3.159560e+00 1.270019e+02 
3.194710e+00 1.245856e+02 
3.229010e+00 1.222938e+02 
3.263320e+00 1.200550e+02 
3.297930e+00 1.178599e+02 
3.332830e+00 1.157105e+02 
3.368040e+00 1.135958e+02 
3.403300e+00 1.115315e+02 
3.438450e+00 1.095230e+02 
3.473060e+00 1.075959e+02 
3.508440e+00 1.056817e+02 
3.543110e+00 1.038535e+02 
3.577470e+00 1.020818e+02 
3.613040e+00 1.002955e+02 
3.648120e+00 9.858212e+01 
3.682910e+00 9.692299e+01 
3.718050e+00 9.528446e+01 
3.753320e+00 9.368233e+01 
3.787980e+00 9.214895e+01 
3.822290e+00 9.066500e+01 
3.857020e+00 8.919513e+01 
3.891920e+00 8.775123e+01 
3.926650e+00 8.634504e+01 
3.961970e+00 8.494945e+01 
3.997360e+00 8.358657e+01 
4.031670e+00 8.229622e+01 
4.066330e+00 8.102543e+01 
4.101420e+00 7.976760e+01 
4.136200e+00 7.854521e+01 
4.170810e+00 7.735553e+01 
4.206250e+00 7.616710e+01 
4.241580e+00 7.500901e+01 
4.276300e+00 7.389315e+01 
4.310970e+00 7.280130e+01 
4.346120e+00 7.171934e+01 
4.380600e+00 7.068272e+01 
4.414730e+00 6.967769e+01 
4.450350e+00 6.864803e+01 
4.485320e+00 6.765829e+01 
4.519810e+00 6.670409e+01 
4.555430e+00 6.573969e+01 
4.590870e+00 6.479909e+01 
4.625480e+00 6.389735e+01 
4.659910e+00 6.301801e+01 
4.695230e+00 6.213671e+01 
4.729960e+00 6.128767e+01 
4.764450e+00 6.046172e+01 
4.799530e+00 5.963935e+01 
4.834910e+00 5.882606e+01 
4.869700e+00 5.804407e+01 
4.904370e+00 5.727986e+01 
4.939450e+00 5.652054e+01 
4.973940e+00 5.578628e+01 
5.008430e+00 5.506552e+01 
5.043810e+00 5.433884e+01 
5.078840e+00 5.363210e+01 
5.113500e+00 5.294559e+01 
5.148890e+00 5.226354e+01 
5.184210e+00 5.159551e+01 
5.219060e+00 5.094775e+01 
5.253660e+00 5.031470e+01 
5.288570e+00 4.968723e+01 
5.323420e+00 4.907115e+01 
5.358440e+00 4.846214e+01 
5.393590e+00 4.786154e+01 
5.428310e+00 4.728220e+01 
5.462800e+00 4.671839e+01 
5.497640e+00 4.615848e+01 
5.532670e+00 4.560375e+01 
5.567280e+00 4.506446e+01 
5.602000e+00 4.453245e+01 
5.637270e+00 4.400009e+01 
5.672410e+00 4.347834e+01 
5.707020e+00 4.297293e+01 
5.742040e+00 4.247144e+01 
5.777430e+00 4.197329e+01 
5.812210e+00 4.149170e+01 
5.846820e+00 4.102116e+01 
5.881610e+00 4.055597e+01 
5.916510e+00 4.009671e+01 
5.951600e+00 3.964143e+01 
5.986560e+00 3.919463e+01 
6.021830e+00 3.875097e+01 
6.056490e+00 3.832392e+01 
6.091160e+00 3.790511e+01 
6.125830e+00 3.749270e+01 
6.161090e+00 3.707863e+01 
6.195760e+00 3.667543e+01 
6.230420e+00 3.627843e+01 
6.265690e+00 3.588060e+01 
6.300950e+00 3.549016e+01 
6.335620e+00 3.511200e+01 
6.370880e+00 3.473314e+01 
6.405550e+00 3.436694e+01 
6.440220e+00 3.400642e+01 
6.475480e+00 3.364515e+01 
6.510150e+00 3.329483e+01 
6.544810e+00 3.294904e+01 
6.580080e+00 3.260226e+01 
6.614750e+00 3.226628e+01 
6.649410e+00 3.193613e+01 
6.684080e+00 3.161073e+01 
6.719340e+00 3.128449e+01 
6.754010e+00 3.096797e+01 
6.788680e+00 3.065521e+01 
6.823940e+00 3.034158e+01 
6.859800e+00 3.002715e+01 
6.894470e+00 2.972805e+01 
6.929140e+00 2.943328e+01 
6.963800e+00 2.914261e+01 
6.999070e+00 2.885083e+01 
7.033730e+00 2.856736e+01 
7.068400e+00 2.828762e+01 
7.103660e+00 2.800696e+01 
7.138330e+00 2.773499e+01 
7.173600e+00 2.746255e+01 
7.208260e+00 2.719840e+01 
7.243530e+00 2.693316e+01 
7.277600e+00 2.668000e+01 
7.312860e+00 2.642114e+01 
7.348120e+00 2.616571e+01 
7.382790e+00 2.591783e+01 
7.417460e+00 2.567357e+01 
7.452720e+00 2.542858e+01 
7.487390e+00 2.519080e+01 
7.522650e+00 2.495208e+01 
7.557320e+00 2.471991e+01 
7.591990e+00 2.449052e+01 
7.627250e+00 2.426018e+01 
7.662510e+00 2.403278e+01 
7.697180e+00 2.381157e+01 
7.731850e+00 2.359296e+01 
7.766510e+00 2.337712e+01 
7.801180e+00 2.316388e+01 
7.836440e+00 2.295017e+01 
7.871110e+00 2.274291e+01 
7.906380e+00 2.253466e+01 
7.941040e+00 2.233252e+01 
7.976310e+00 2.212851e+01 
8.011570e+00 2.192611e+01 
8.046240e+00 2.172951e+01 
8.080900e+00 2.153533e+01 
8.115570e+00 2.134377e+01 
8.150830e+00 2.115265e+01 
8.185500e+00 2.096697e+01 
8.220770e+00 2.078032e+01 
8.255430e+00 2.059907e+01 
8.290100e+00 2.041873e+01 
8.324770e+00 2.024036e+01 
8.359430e+00 2.006412e+01 
8.394700e+00 1.988689e+01 
8.429960e+00 1.971199e+01 
8.464630e+00 1.954224e+01 
8.499890e+00 1.937160e+01 
8.534560e+00 1.920575e+01 
8.569200e+00 1.904193e+01 
