# Parameters:
# omega_b = 0.022067, omega_m = 0.124961, n_s = 0.854724, h = 77.677165, w = -1.000000, sigma_8 = 0.859055
# z = 0.100000
#
# k[1/Mpc] # P(k):
8.694000e-04 3.347090e+04 
2.077466e-03 6.382338e+04 
3.285532e-03 8.471818e+04 
4.493598e-03 9.894195e+04 
5.701664e-03 1.081156e+05 
6.909730e-03 1.134326e+05 
8.117797e-03 1.159640e+05 
9.325863e-03 1.162596e+05 
1.053393e-02 1.148075e+05 
1.174199e-02 1.120299e+05 
1.295006e-02 1.081930e+05 
1.415813e-02 1.036318e+05 
1.536619e-02 9.861663e+04 
1.657426e-02 9.337519e+04 
1.778233e-02 8.820369e+04 
1.899039e-02 8.319210e+04 
2.019846e-02 7.814350e+04 
2.140652e-02 7.319201e+04 
2.261459e-02 6.852967e+04 
2.382266e-02 6.424986e+04 
2.503072e-02 6.037696e+04 
2.623879e-02 5.690235e+04 
2.744685e-02 5.381845e+04 
2.865492e-02 5.109425e+04 
2.986299e-02 4.869758e+04 
3.100100e-02 4.672099e+04 
3.220400e-02 4.488975e+04 
3.288100e-02 4.396861e+04 
3.424300e-02 4.231176e+04 
3.555100e-02 4.092319e+04 
3.686000e-02 3.969424e+04 
3.795000e-02 3.876999e+04 
3.929100e-02 3.771534e+04 
4.039800e-02 3.688483e+04 
4.164000e-02 3.599045e+04 
4.294400e-02 3.503935e+04 
4.415000e-02 3.416597e+04 
4.542900e-02 3.319967e+04 
4.660900e-02 3.229827e+04 
4.782300e-02 3.131053e+04 
4.892900e-02 3.040347e+04 
5.031200e-02 2.923809e+04 
5.155900e-02 2.816395e+04 
5.238100e-02 2.745369e+04 
5.378200e-02 2.625135e+04 
5.513400e-02 2.510799e+04 
5.627600e-02 2.416490e+04 
5.735300e-02 2.330625e+04 
5.870100e-02 2.228208e+04 
5.988700e-02 2.143416e+04 
6.113500e-02 2.059608e+04 
6.225900e-02 1.989644e+04 
6.340100e-02 1.923784e+04 
6.480200e-02 1.849614e+04 
6.601100e-02 1.792416e+04 
6.725500e-02 1.739308e+04 
6.829100e-02 1.699840e+04 
6.958600e-02 1.654647e+04 
7.071100e-02 1.619864e+04 
7.192300e-02 1.586106e+04 
7.307400e-02 1.556960e+04 
7.412300e-02 1.532586e+04 
7.550400e-02 1.503588e+04 
7.663100e-02 1.481563e+04 
7.791200e-02 1.457874e+04 
7.912700e-02 1.436260e+04 
8.027600e-02 1.416133e+04 
8.138400e-02 1.396779e+04 
8.272200e-02 1.373047e+04 
8.406100e-02 1.348458e+04 
8.534100e-02 1.323805e+04 
8.653800e-02 1.299570e+04 
8.759800e-02 1.277620e+04 
8.900300e-02 1.247645e+04 
9.009000e-02 1.223479e+04 
9.113300e-02 1.199875e+04 
9.239600e-02 1.171250e+04 
9.358000e-02 1.144173e+04 
9.496100e-02 1.112680e+04 
9.608400e-02 1.087595e+04 
9.727500e-02 1.061606e+04 
9.852600e-02 1.035221e+04 
9.973800e-02 1.010908e+04 
1.009000e-01 9.886772e+03 
1.020900e-01 9.674787e+03 
1.034000e-01 9.454697e+03 
1.046000e-01 9.265721e+03 
1.057200e-01 9.106219e+03 
1.069100e-01 8.945659e+03 
1.082500e-01 8.782316e+03 
1.093900e-01 8.654346e+03 
1.105400e-01 8.532655e+03 
1.116900e-01 8.422992e+03 
1.129600e-01 8.307752e+03 
1.142000e-01 8.204246e+03 
1.153300e-01 8.113137e+03 
1.166400e-01 8.011527e+03 
1.177800e-01 7.925619e+03 
1.190000e-01 7.836043e+03 
1.201200e-01 7.751595e+03 
1.213400e-01 7.661028e+03 
1.227100e-01 7.554748e+03 
1.238900e-01 7.463614e+03 
1.250700e-01 7.368294e+03 
1.263200e-01 7.267494e+03 
1.275500e-01 7.165765e+03 
1.287500e-01 7.065955e+03 
1.299900e-01 6.960669e+03 
1.311300e-01 6.864812e+03 
1.323500e-01 6.762623e+03 
1.335900e-01 6.660408e+03 
1.347100e-01 6.569115e+03 
1.359800e-01 6.468177e+03 
1.372100e-01 6.373210e+03 
1.384300e-01 6.281573e+03 
1.395700e-01 6.198819e+03 
1.407700e-01 6.113861e+03 
1.420300e-01 6.029837e+03 
1.432800e-01 5.948315e+03 
1.444500e-01 5.876463e+03 
1.456300e-01 5.805454e+03 
1.468900e-01 5.733831e+03 
1.480500e-01 5.670009e+03 
1.491700e-01 5.610282e+03 
1.503800e-01 5.547923e+03 
1.516400e-01 5.484683e+03 
1.528200e-01 5.428344e+03 
1.540200e-01 5.372136e+03 
1.551900e-01 5.318984e+03 
1.564300e-01 5.263867e+03 
1.576600e-01 5.210188e+03 
1.588700e-01 5.158307e+03 
1.600900e-01 5.106938e+03 
1.612700e-01 5.057558e+03 
1.625400e-01 5.005393e+03 
1.637600e-01 4.955917e+03 
1.649500e-01 4.908348e+03 
1.662200e-01 4.858322e+03 
1.674000e-01 4.811674e+03 
1.685000e-01 4.768912e+03 
1.697500e-01 4.720772e+03 
1.710300e-01 4.672001e+03 
1.722200e-01 4.627460e+03 
1.734400e-01 4.581569e+03 
1.746400e-01 4.537161e+03 
1.758700e-01 4.492308e+03 
1.770900e-01 4.448351e+03 
1.782700e-01 4.406543e+03 
1.794600e-01 4.364981e+03 
1.807000e-01 4.322335e+03 
1.819100e-01 4.281413e+03 
1.830100e-01 4.245000e+03 
1.842200e-01 4.205602e+03 
1.855000e-01 4.164650e+03 
1.867000e-01 4.127662e+03 
1.879200e-01 4.090654e+03 
1.890900e-01 4.055764e+03 
1.902800e-01 4.021075e+03 
1.915200e-01 3.985493e+03 
1.926900e-01 3.952670e+03 
1.939000e-01 3.919998e+03 
1.951700e-01 3.886241e+03 
1.963100e-01 3.856464e+03 
1.975100e-01 3.825759e+03 
1.987800e-01 3.793757e+03 
2.000100e-01 3.763272e+03 
2.012500e-01 3.733080e+03 
2.023400e-01 3.706914e+03 
2.036100e-01 3.676914e+03 
2.048900e-01 3.647347e+03 
2.060400e-01 3.621167e+03 
2.072200e-01 3.594672e+03 
2.084200e-01 3.568072e+03 
2.096900e-01 3.540326e+03 
2.109200e-01 3.513844e+03 
2.121100e-01 3.488325e+03 
2.132700e-01 3.463771e+03 
2.145200e-01 3.437677e+03 
2.157200e-01 3.412834e+03 
2.168800e-01 3.389075e+03 
2.180700e-01 3.365023e+03 
2.193400e-01 3.339648e+03 
2.206000e-01 3.314716e+03 
2.217500e-01 3.292265e+03 
2.229500e-01 3.269140e+03 
2.241400e-01 3.246434e+03 
2.253500e-01 3.223647e+03 
2.264900e-01 3.202451e+03 
2.277100e-01 3.180147e+03 
2.289900e-01 3.157161e+03 
2.301500e-01 3.136600e+03 
2.313600e-01 3.115422e+03 
2.325600e-01 3.094701e+03 
2.337700e-01 3.074072e+03 
2.350000e-01 3.053368e+03 
2.362000e-01 3.033622e+03 
2.374100e-01 3.014193e+03 
2.386500e-01 2.994533e+03 
2.399100e-01 2.974811e+03 
2.410400e-01 2.957513e+03 
2.422500e-01 2.939230e+03 
2.435000e-01 2.920577e+03 
2.447300e-01 2.902499e+03 
2.458700e-01 2.886136e+03 
2.470600e-01 2.869253e+03 
2.483300e-01 2.851453e+03 
2.495600e-01 2.834505e+03 
2.507600e-01 2.818276e+03 
2.519600e-01 2.802236e+03 
2.532200e-01 2.785594e+03 
2.543700e-01 2.770670e+03 
2.555500e-01 2.755589e+03 
2.568000e-01 2.739797e+03 
2.580100e-01 2.724690e+03 
2.592400e-01 2.709497e+03 
2.604100e-01 2.695202e+03 
2.616100e-01 2.680704e+03 
2.628400e-01 2.666011e+03 
2.640600e-01 2.651751e+03 
2.652200e-01 2.638401e+03 
2.664300e-01 2.624626e+03 
2.676500e-01 2.610892e+03 
2.688400e-01 2.597504e+03 
2.700700e-01 2.583730e+03 
2.712400e-01 2.570771e+03 
2.724800e-01 2.557185e+03 
2.736700e-01 2.544245e+03 
2.748800e-01 2.531184e+03 
2.761000e-01 2.518157e+03 
2.773200e-01 2.505271e+03 
2.785400e-01 2.492526e+03 
2.797000e-01 2.480541e+03 
2.808900e-01 2.468372e+03 
2.821400e-01 2.455725e+03 
2.833900e-01 2.443206e+03 
2.845500e-01 2.431519e+03 
2.857800e-01 2.419254e+03 
2.870300e-01 2.406921e+03 
2.882100e-01 2.395398e+03 
2.893900e-01 2.383938e+03 
2.906300e-01 2.371989e+03 
2.918900e-01 2.359974e+03 
2.930500e-01 2.349025e+03 
2.942500e-01 2.337796e+03 
2.954200e-01 2.326912e+03 
2.966500e-01 2.315584e+03 
2.978900e-01 2.304279e+03 
2.990400e-01 2.293898e+03 
3.002700e-01 2.282859e+03 
3.015100e-01 2.271822e+03 
3.026800e-01 2.261510e+03 
3.038500e-01 2.251295e+03 
3.050300e-01 2.241089e+03 
3.062600e-01 2.230497e+03 
3.075000e-01 2.219923e+03 
3.087000e-01 2.209790e+03 
3.099100e-01 2.199670e+03 
3.111200e-01 2.189634e+03 
3.123100e-01 2.179835e+03 
3.135300e-01 2.169883e+03 
3.147300e-01 2.160187e+03 
3.159900e-01 2.150103e+03 
3.171800e-01 2.140761e+03 
3.183700e-01 2.131565e+03 
3.196300e-01 2.121920e+03 
3.208400e-01 2.112744e+03 
3.220300e-01 2.103803e+03 
3.232000e-01 2.094985e+03 
3.244300e-01 2.085756e+03 
3.256700e-01 2.076539e+03 
3.269200e-01 2.067334e+03 
3.280800e-01 2.058868e+03 
3.292500e-01 2.050518e+03 
3.304800e-01 2.041853e+03 
3.317100e-01 2.033267e+03 
3.328900e-01 2.025103e+03 
3.340700e-01 2.017009e+03 
3.353600e-01 2.008268e+03 
3.365300e-01 2.000422e+03 
3.377100e-01 1.992576e+03 
3.389200e-01 1.984600e+03 
3.401600e-01 1.976498e+03 
3.413700e-01 1.968680e+03 
3.425300e-01 1.961259e+03 
3.437700e-01 1.953396e+03 
3.449800e-01 1.945789e+03 
3.461800e-01 1.938310e+03 
3.473600e-01 1.931008e+03 
3.485800e-01 1.923501e+03 
3.498100e-01 1.915997e+03 
3.510200e-01 1.908678e+03 
3.522000e-01 1.901601e+03 
3.533900e-01 1.894522e+03 
3.546400e-01 1.887231e+03 
3.558400e-01 1.880297e+03 
3.570600e-01 1.873305e+03 
3.582700e-01 1.866429e+03 
3.595000e-01 1.859497e+03 
3.607100e-01 1.852746e+03 
3.618900e-01 1.846225e+03 
3.631200e-01 1.839484e+03 
3.643200e-01 1.832961e+03 
3.655500e-01 1.826329e+03 
3.667300e-01 1.820019e+03 
3.679500e-01 1.813546e+03 
3.691900e-01 1.807021e+03 
3.703600e-01 1.800914e+03 
3.715700e-01 1.794648e+03 
3.727700e-01 1.788483e+03 
3.739900e-01 1.782278e+03 
3.752000e-01 1.776194e+03 
3.763900e-01 1.770258e+03 
3.775800e-01 1.764368e+03 
3.788200e-01 1.758279e+03 
3.800300e-01 1.752386e+03 
3.812100e-01 1.746643e+03 
3.824200e-01 1.740774e+03 
3.836100e-01 1.735046e+03 
3.848600e-01 1.729077e+03 
3.860400e-01 1.723485e+03 
3.872400e-01 1.717843e+03 
3.884600e-01 1.712154e+03 
3.896500e-01 1.706649e+03 
3.908700e-01 1.701048e+03 
3.920600e-01 1.695626e+03 
3.933100e-01 1.689975e+03 
3.945300e-01 1.684503e+03 
3.957200e-01 1.679217e+03 
3.969300e-01 1.673886e+03 
3.981700e-01 1.668465e+03 
3.993500e-01 1.663345e+03 
4.094840e-01 1.620527e+03 
4.272360e-01 1.550956e+03 
4.454600e-01 1.485183e+03 
4.630560e-01 1.426905e+03 
4.804610e-01 1.373330e+03 
4.980690e-01 1.322980e+03 
5.159230e-01 1.275479e+03 
5.317440e-01 1.235902e+03 
5.489640e-01 1.195589e+03 
5.671990e-01 1.155436e+03 
5.838690e-01 1.120920e+03 
6.018840e-01 1.085832e+03 
6.202330e-01 1.052180e+03 
6.379250e-01 1.021592e+03 
6.545410e-01 9.942068e+02 
6.714560e-01 9.676965e+02 
6.892080e-01 9.411714e+02 
7.066010e-01 9.164422e+02 
7.240540e-01 8.927793e+02 
7.420450e-01 8.692771e+02 
7.593780e-01 8.477596e+02 
7.764720e-01 8.273179e+02 
7.942840e-01 8.069313e+02 
8.116170e-01 7.877772e+02 
8.288310e-01 7.694679e+02 
8.462240e-01 7.515976e+02 
8.631980e-01 7.348467e+02 
8.810700e-01 7.177535e+02 
8.989410e-01 7.013094e+02 
9.166330e-01 6.855371e+02 
9.345640e-01 6.700706e+02 
9.515980e-01 6.558562e+02 
9.688720e-01 6.418462e+02 
9.865640e-01 6.279182e+02 
1.031870e+00 5.943348e+02 
1.063490e+00 5.723512e+02 
1.097920e+00 5.496552e+02 
1.134370e+00 5.269960e+02 
1.167730e+00 5.074442e+02 
1.203830e+00 4.873959e+02 
1.240470e+00 4.681841e+02 
1.275790e+00 4.506110e+02 
1.309140e+00 4.348911e+02 
1.342970e+00 4.197172e+02 
1.378420e+00 4.046114e+02 
1.413200e+00 3.905199e+02 
1.448110e+00 3.770410e+02 
1.484090e+00 3.638326e+02 
1.518820e+00 3.516755e+02 
1.552880e+00 3.403214e+02 
1.588630e+00 3.289647e+02 
1.623230e+00 3.184749e+02 
1.657720e+00 3.085053e+02 
1.692450e+00 2.988967e+02 
1.726400e+00 2.899015e+02 
1.762200e+00 2.808156e+02 
1.797880e+00 2.721630e+02 
1.833270e+00 2.639699e+02 
1.869070e+00 2.560072e+02 
1.903200e+00 2.487539e+02 
1.937740e+00 2.416976e+02 
1.973190e+00 2.347406e+02 
2.007440e+00 2.282929e+02 
2.042160e+00 2.220271e+02 
2.077900e+00 2.157928e+02 
2.112390e+00 2.100352e+02 
2.146220e+00 2.045931e+02 
2.181600e+00 1.991029e+02 
2.216930e+00 1.938478e+02 
2.250760e+00 1.889870e+02 
2.286500e+00 1.840294e+02 
2.321770e+00 1.793290e+02 
2.355950e+00 1.749300e+02 
2.391280e+00 1.705613e+02 
2.426240e+00 1.663686e+02 
2.460670e+00 1.623789e+02 
2.495640e+00 1.584771e+02 
2.531080e+00 1.546480e+02 
2.566220e+00 1.509763e+02 
2.600830e+00 1.474868e+02 
2.635080e+00 1.441563e+02 
2.670340e+00 1.408273e+02 
2.705970e+00 1.375721e+02 
2.740040e+00 1.345568e+02 
2.774520e+00 1.315935e+02 
2.809730e+00 1.286728e+02 
2.844390e+00 1.258901e+02 
2.879960e+00 1.231173e+02 
2.914860e+00 1.204760e+02 
2.949410e+00 1.179409e+02 
2.984440e+00 1.154544e+02 
3.019760e+00 1.130197e+02 
3.054730e+00 1.106793e+02 
3.089030e+00 1.084451e+02 
3.124060e+00 1.062280e+02 
3.159560e+00 1.040440e+02 
3.194710e+00 1.019493e+02 
3.229010e+00 9.996420e+01 
3.263320e+00 9.802797e+01 
3.297930e+00 9.613130e+01 
3.332830e+00 9.427651e+01 
3.368040e+00 9.245377e+01 
3.403300e+00 9.067637e+01 
3.438450e+00 8.894958e+01 
3.473060e+00 8.729408e+01 
3.508440e+00 8.565209e+01 
3.543110e+00 8.408493e+01 
3.577470e+00 8.256840e+01 
3.613040e+00 8.104046e+01 
3.648120e+00 7.957655e+01 
3.682910e+00 7.816024e+01 
3.718050e+00 7.676315e+01 
3.753320e+00 7.539836e+01 
3.787980e+00 7.409362e+01 
3.822290e+00 7.283208e+01 
3.857020e+00 7.158393e+01 
3.891920e+00 7.035883e+01 
3.926650e+00 6.916696e+01 
3.961970e+00 6.798498e+01 
3.997360e+00 6.683197e+01 
4.031670e+00 6.574104e+01 
4.066330e+00 6.466787e+01 
4.101420e+00 6.360622e+01 
4.136200e+00 6.257597e+01 
4.170810e+00 6.157380e+01 
4.206250e+00 6.057367e+01 
4.241580e+00 5.959966e+01 
4.276300e+00 5.866227e+01 
4.310970e+00 5.774584e+01 
4.346120e+00 5.683837e+01 
4.380600e+00 5.596974e+01 
4.414730e+00 5.512800e+01 
4.450350e+00 5.426688e+01 
4.485320e+00 5.343955e+01 
4.519810e+00 5.264271e+01 
4.555430e+00 5.183793e+01 
4.590870e+00 5.105354e+01 
4.625480e+00 5.030225e+01 
4.659910e+00 4.956996e+01 
4.695230e+00 4.883696e+01 
4.729960e+00 4.813121e+01 
4.764450e+00 4.744517e+01 
4.799530e+00 4.676277e+01 
4.834910e+00 4.608822e+01 
4.869700e+00 4.544026e+01 
4.904370e+00 4.480738e+01 
4.939450e+00 4.417899e+01 
4.973940e+00 4.357201e+01 
5.008430e+00 4.297647e+01 
5.043810e+00 4.237671e+01 
5.078840e+00 4.179391e+01 
5.113500e+00 4.122806e+01 
5.148890e+00 4.066635e+01 
5.184210e+00 4.011644e+01 
5.219060e+00 3.958359e+01 
5.253660e+00 3.906341e+01 
5.288570e+00 3.854803e+01 
5.323420e+00 3.804254e+01 
5.358440e+00 3.754340e+01 
5.393590e+00 3.705138e+01 
5.428310e+00 3.657717e+01 
5.462800e+00 3.611596e+01 
5.497640e+00 3.565814e+01 
5.532670e+00 3.520511e+01 
5.567280e+00 3.476500e+01 
5.602000e+00 3.433101e+01 
5.637270e+00 3.389734e+01 
5.672410e+00 3.347258e+01 
5.707020e+00 3.306130e+01 
5.742040e+00 3.265363e+01 
5.777430e+00 3.224889e+01 
5.812210e+00 3.185777e+01 
5.846820e+00 3.147613e+01 
5.881610e+00 3.109907e+01 
5.916510e+00 3.072697e+01 
5.951600e+00 3.035862e+01 
5.986560e+00 2.999745e+01 
6.021830e+00 2.963896e+01 
6.056490e+00 2.929413e+01 
6.091160e+00 2.895619e+01 
6.125830e+00 2.862353e+01 
6.161090e+00 2.828985e+01 
6.195760e+00 2.796543e+01 
6.230420e+00 2.764611e+01 
6.265690e+00 2.732627e+01 
6.300950e+00 2.701287e+01 
6.335620e+00 2.670944e+01 
6.370880e+00 2.640556e+01 
6.405550e+00 2.611223e+01 
6.440220e+00 2.582366e+01 
6.475480e+00 2.553460e+01 
6.510150e+00 2.525452e+01 
6.544810e+00 2.497845e+01 
6.580080e+00 2.470169e+01 
6.614750e+00 2.443365e+01 
6.649410e+00 2.417071e+01 
6.684080e+00 2.391172e+01 
6.719340e+00 2.365215e+01 
6.754010e+00 2.340052e+01 
6.788680e+00 2.315226e+01 
6.823940e+00 2.290340e+01 
6.859800e+00 2.265398e+01 
6.894470e+00 2.241706e+01 
6.929140e+00 2.218374e+01 
6.963800e+00 2.195373e+01 
6.999070e+00 2.172295e+01 
7.033730e+00 2.149922e+01 
7.068400e+00 2.127850e+01 
7.103660e+00 2.105713e+01 
7.138330e+00 2.084280e+01 
7.173600e+00 2.062846e+01 
7.208260e+00 2.042070e+01 
7.243530e+00 2.021214e+01 
7.277600e+00 2.001333e+01 
7.312860e+00 1.981026e+01 
7.348120e+00 1.960994e+01 
7.382790e+00 1.941560e+01 
7.417460e+00 1.922442e+01 
7.452720e+00 1.903287e+01 
7.487390e+00 1.884701e+01 
7.522650e+00 1.866046e+01 
7.557320e+00 1.847935e+01 
7.591990e+00 1.830054e+01 
7.627250e+00 1.812105e+01 
7.662510e+00 1.794390e+01 
7.697180e+00 1.777189e+01 
7.731850e+00 1.760205e+01 
7.766510e+00 1.743441e+01 
7.801180e+00 1.726883e+01 
7.836440e+00 1.710313e+01 
7.871110e+00 1.694262e+01 
7.906380e+00 1.678137e+01 
7.941040e+00 1.662490e+01 
7.976310e+00 1.646720e+01 
8.011570e+00 1.631098e+01 
8.046240e+00 1.615927e+01 
8.080900e+00 1.600947e+01 
8.115570e+00 1.586179e+01 
8.150830e+00 1.571473e+01 
8.185500e+00 1.557189e+01 
8.220770e+00 1.542834e+01 
8.255430e+00 1.528897e+01 
8.290100e+00 1.515062e+01 
8.324770e+00 1.501385e+01 
8.359430e+00 1.487875e+01 
8.394700e+00 1.474290e+01 
8.429960e+00 1.460902e+01 
8.464630e+00 1.447925e+01 
8.499890e+00 1.434883e+01 
8.534560e+00 1.422210e+01 
8.569200e+00 1.409694e+01 
