# Parameters:
# omega_b = 0.021988, omega_m = 0.129094, n_s = 1.005906, h = 56.181102, w = -1.000000, sigma_8 = 0.893701
# z = 0.100000
#
# k[1/Mpc] # P(k):
8.694000e-04 2.348758e+04 
2.077466e-03 5.143669e+04 
3.285532e-03 7.360335e+04 
4.493598e-03 9.068648e+04 
5.701664e-03 1.033453e+05 
6.909730e-03 1.122457e+05 
8.117797e-03 1.181775e+05 
9.325863e-03 1.215542e+05 
1.053393e-02 1.227998e+05 
1.174199e-02 1.223211e+05 
1.295006e-02 1.203729e+05 
1.415813e-02 1.173069e+05 
1.536619e-02 1.134262e+05 
1.657426e-02 1.087426e+05 
1.778233e-02 1.028557e+05 
1.899039e-02 9.657037e+04 
2.019846e-02 9.123935e+04 
2.140652e-02 8.678838e+04 
2.261459e-02 8.268893e+04 
2.382266e-02 7.881236e+04 
2.503072e-02 7.518431e+04 
2.623879e-02 7.182093e+04 
2.744685e-02 6.872940e+04 
2.865492e-02 6.591145e+04 
2.986299e-02 6.335526e+04 
3.100100e-02 6.117594e+04 
3.220400e-02 5.909195e+04 
3.288100e-02 5.801192e+04 
3.424300e-02 5.601782e+04 
3.555100e-02 5.429221e+04 
3.686000e-02 5.272004e+04 
3.795000e-02 5.151461e+04 
3.929100e-02 5.012031e+04 
4.039800e-02 4.902228e+04 
4.164000e-02 4.784917e+04 
4.294400e-02 4.663232e+04 
4.415000e-02 4.554092e+04 
4.542900e-02 4.437713e+04 
4.660900e-02 4.331999e+04 
4.782300e-02 4.220266e+04 
4.892900e-02 4.119930e+04 
5.031200e-02 3.993707e+04 
5.155900e-02 3.879332e+04 
5.238100e-02 3.804283e+04 
5.378200e-02 3.677764e+04 
5.513400e-02 3.557226e+04 
5.627600e-02 3.456914e+04 
5.735300e-02 3.364462e+04 
5.870100e-02 3.252192e+04 
5.988700e-02 3.157085e+04 
6.113500e-02 3.060483e+04 
6.225900e-02 2.977305e+04 
6.340100e-02 2.896327e+04 
6.480200e-02 2.801930e+04 
6.601100e-02 2.725701e+04 
6.725500e-02 2.651925e+04 
6.829100e-02 2.594540e+04 
6.958600e-02 2.526610e+04 
7.071100e-02 2.472139e+04 
7.192300e-02 2.417547e+04 
7.307400e-02 2.369116e+04 
7.412300e-02 2.327840e+04 
7.550400e-02 2.277989e+04 
7.663100e-02 2.240056e+04 
7.791200e-02 2.199842e+04 
7.912700e-02 2.164293e+04 
8.027600e-02 2.132354e+04 
8.138400e-02 2.102753e+04 
8.272200e-02 2.068077e+04 
8.406100e-02 2.033792e+04 
8.534100e-02 2.001108e+04 
8.653800e-02 1.970038e+04 
8.759800e-02 1.942413e+04 
8.900300e-02 1.905299e+04 
9.009000e-02 1.875620e+04 
9.113300e-02 1.846767e+04 
9.239600e-02 1.811772e+04 
9.358000e-02 1.778531e+04 
9.496100e-02 1.739600e+04 
9.608400e-02 1.708349e+04 
9.727500e-02 1.675752e+04 
9.852600e-02 1.642181e+04 
9.973800e-02 1.610993e+04 
1.009000e-01 1.582265e+04 
1.020900e-01 1.554253e+04 
1.034000e-01 1.524823e+04 
1.046000e-01 1.499194e+04 
1.057200e-01 1.476911e+04 
1.069100e-01 1.454206e+04 
1.082500e-01 1.430308e+04 
1.093900e-01 1.411049e+04 
1.105400e-01 1.392408e+04 
1.116900e-01 1.374885e+04 
1.129600e-01 1.356230e+04 
1.142000e-01 1.338905e+04 
1.153300e-01 1.323526e+04 
1.166400e-01 1.306171e+04 
1.177800e-01 1.291525e+04 
1.190000e-01 1.276265e+04 
1.201200e-01 1.262246e+04 
1.213400e-01 1.247273e+04 
1.227100e-01 1.230495e+04 
1.238900e-01 1.216291e+04 
1.250700e-01 1.202023e+04 
1.263200e-01 1.187160e+04 
1.275500e-01 1.172656e+04 
1.287500e-01 1.158630e+04 
1.299900e-01 1.144151e+04 
1.311300e-01 1.131109e+04 
1.323500e-01 1.117418e+04 
1.335900e-01 1.103777e+04 
1.347100e-01 1.091669e+04 
1.359800e-01 1.078273e+04 
1.372100e-01 1.065664e+04 
1.384300e-01 1.053445e+04 
1.395700e-01 1.042301e+04 
1.407700e-01 1.030833e+04 
1.420300e-01 1.019287e+04 
1.432800e-01 1.008078e+04 
1.444500e-01 9.979313e+03 
1.456300e-01 9.878999e+03 
1.468900e-01 9.775781e+03 
1.480500e-01 9.683165e+03 
1.491700e-01 9.595454e+03 
1.503800e-01 9.502539e+03 
1.516400e-01 9.407959e+03 
1.528200e-01 9.322196e+03 
1.540200e-01 9.236628e+03 
1.551900e-01 9.154691e+03 
1.564300e-01 9.069471e+03 
1.576600e-01 8.986154e+03 
1.588700e-01 8.905243e+03 
1.600900e-01 8.825120e+03 
1.612700e-01 8.747973e+03 
1.625400e-01 8.666472e+03 
1.637600e-01 8.589371e+03 
1.649500e-01 8.515353e+03 
1.662200e-01 8.437610e+03 
1.674000e-01 8.365663e+03 
1.685000e-01 8.299704e+03 
1.697500e-01 8.225810e+03 
1.710300e-01 8.151302e+03 
1.722200e-01 8.083248e+03 
1.734400e-01 8.013861e+03 
1.746400e-01 7.946733e+03 
1.758700e-01 7.879119e+03 
1.770900e-01 7.813249e+03 
1.782700e-01 7.750587e+03 
1.794600e-01 7.688572e+03 
1.807000e-01 7.625121e+03 
1.819100e-01 7.564225e+03 
1.830100e-01 7.510214e+03 
1.842200e-01 7.451798e+03 
1.855000e-01 7.391076e+03 
1.867000e-01 7.336415e+03 
1.879200e-01 7.281719e+03 
1.890900e-01 7.230130e+03 
1.902800e-01 7.178726e+03 
1.915200e-01 7.125996e+03 
1.926900e-01 7.077339e+03 
1.939000e-01 7.028865e+03 
1.951700e-01 6.978782e+03 
1.963100e-01 6.934530e+03 
1.975100e-01 6.888695e+03 
1.987800e-01 6.840929e+03 
2.000100e-01 6.795344e+03 
2.012500e-01 6.749999e+03 
2.023400e-01 6.710705e+03 
2.036100e-01 6.665606e+03 
2.048900e-01 6.620967e+03 
2.060400e-01 6.581445e+03 
2.072200e-01 6.541430e+03 
2.084200e-01 6.501004e+03 
2.096900e-01 6.458842e+03 
2.109200e-01 6.418605e+03 
2.121100e-01 6.379463e+03 
2.132700e-01 6.341785e+03 
2.145200e-01 6.301747e+03 
2.157200e-01 6.263397e+03 
2.168800e-01 6.226614e+03 
2.180700e-01 6.189380e+03 
2.193400e-01 6.149949e+03 
2.206000e-01 6.110930e+03 
2.217500e-01 6.075793e+03 
2.229500e-01 6.039603e+03 
2.241400e-01 6.003693e+03 
2.253500e-01 5.967645e+03 
2.264900e-01 5.934115e+03 
2.277100e-01 5.898682e+03 
2.289900e-01 5.861996e+03 
2.301500e-01 5.829183e+03 
2.313600e-01 5.795384e+03 
2.325600e-01 5.762065e+03 
2.337700e-01 5.728893e+03 
2.350000e-01 5.695603e+03 
2.362000e-01 5.663835e+03 
2.374100e-01 5.632558e+03 
2.386500e-01 5.600911e+03 
2.399100e-01 5.569167e+03 
2.410400e-01 5.541365e+03 
2.422500e-01 5.511990e+03 
2.435000e-01 5.482023e+03 
2.447300e-01 5.453018e+03 
2.458700e-01 5.426906e+03 
2.470600e-01 5.399967e+03 
2.483300e-01 5.371572e+03 
2.495600e-01 5.344624e+03 
2.507600e-01 5.318941e+03 
2.519600e-01 5.293564e+03 
2.532200e-01 5.267241e+03 
2.543700e-01 5.243739e+03 
2.555500e-01 5.220062e+03 
2.568000e-01 5.195279e+03 
2.580100e-01 5.171576e+03 
2.592400e-01 5.147806e+03 
2.604100e-01 5.125475e+03 
2.616100e-01 5.102832e+03 
2.628400e-01 5.079893e+03 
2.640600e-01 5.057711e+03 
2.652200e-01 5.036980e+03 
2.664300e-01 5.015599e+03 
2.676500e-01 4.994290e+03 
2.688400e-01 4.973457e+03 
2.700700e-01 4.951989e+03 
2.712400e-01 4.931797e+03 
2.724800e-01 4.910636e+03 
2.736700e-01 4.890450e+03 
2.748800e-01 4.870040e+03 
2.761000e-01 4.849690e+03 
2.773200e-01 4.829567e+03 
2.785400e-01 4.809652e+03 
2.797000e-01 4.790887e+03 
2.808900e-01 4.771840e+03 
2.821400e-01 4.752053e+03 
2.833900e-01 4.732467e+03 
2.845500e-01 4.714049e+03 
2.857800e-01 4.694727e+03 
2.870300e-01 4.675304e+03 
2.882100e-01 4.657164e+03 
2.893900e-01 4.639067e+03 
2.906300e-01 4.620172e+03 
2.918900e-01 4.601179e+03 
2.930500e-01 4.583876e+03 
2.942500e-01 4.566111e+03 
2.954200e-01 4.548817e+03 
2.966500e-01 4.530821e+03 
2.978900e-01 4.512869e+03 
2.990400e-01 4.496388e+03 
3.002700e-01 4.478808e+03 
3.015100e-01 4.461206e+03 
3.026800e-01 4.444765e+03 
3.038500e-01 4.428484e+03 
3.050300e-01 4.412219e+03 
3.062600e-01 4.395202e+03 
3.075000e-01 4.378220e+03 
3.087000e-01 4.361949e+03 
3.099100e-01 4.345704e+03 
3.111200e-01 4.329573e+03 
3.123100e-01 4.313783e+03 
3.135300e-01 4.297752e+03 
3.147300e-01 4.282137e+03 
3.159900e-01 4.265902e+03 
3.171800e-01 4.250868e+03 
3.183700e-01 4.236073e+03 
3.196300e-01 4.220561e+03 
3.208400e-01 4.205810e+03 
3.220300e-01 4.191441e+03 
3.232000e-01 4.177135e+03 
3.244300e-01 4.162114e+03 
3.256700e-01 4.147117e+03 
3.269200e-01 4.132144e+03 
3.280800e-01 4.118378e+03 
3.292500e-01 4.104819e+03 
3.304800e-01 4.090760e+03 
3.317100e-01 4.076833e+03 
3.328900e-01 4.063596e+03 
3.340700e-01 4.050478e+03 
3.353600e-01 4.036248e+03 
3.365300e-01 4.023453e+03 
3.377100e-01 4.010663e+03 
3.389200e-01 3.997666e+03 
3.401600e-01 3.984470e+03 
3.413700e-01 3.971694e+03 
3.425300e-01 3.959543e+03 
3.437700e-01 3.946671e+03 
3.449800e-01 3.934224e+03 
3.461800e-01 3.921990e+03 
3.473600e-01 3.910032e+03 
3.485800e-01 3.897696e+03 
3.498100e-01 3.885370e+03 
3.510200e-01 3.873353e+03 
3.522000e-01 3.861736e+03 
3.533900e-01 3.850122e+03 
3.546400e-01 3.838094e+03 
3.558400e-01 3.826655e+03 
3.570600e-01 3.815126e+03 
3.582700e-01 3.803791e+03 
3.595000e-01 3.792371e+03 
3.607100e-01 3.781216e+03 
3.618900e-01 3.770417e+03 
3.631200e-01 3.759257e+03 
3.643200e-01 3.748463e+03 
3.655500e-01 3.737495e+03 
3.667300e-01 3.727062e+03 
3.679500e-01 3.716264e+03 
3.691900e-01 3.705384e+03 
3.703600e-01 3.695204e+03 
3.715700e-01 3.684764e+03 
3.727700e-01 3.674498e+03 
3.739900e-01 3.664160e+03 
3.752000e-01 3.654016e+03 
3.763900e-01 3.644123e+03 
3.775800e-01 3.634311e+03 
3.788200e-01 3.624172e+03 
3.800300e-01 3.614362e+03 
3.812100e-01 3.604736e+03 
3.824200e-01 3.594853e+03 
3.836100e-01 3.585213e+03 
3.848600e-01 3.575170e+03 
3.860400e-01 3.565767e+03 
3.872400e-01 3.556281e+03 
3.884600e-01 3.546662e+03 
3.896500e-01 3.537336e+03 
3.908700e-01 3.527851e+03 
3.920600e-01 3.518674e+03 
3.933100e-01 3.509111e+03 
3.945300e-01 3.499855e+03 
3.957200e-01 3.490890e+03 
3.969300e-01 3.481845e+03 
3.981700e-01 3.472650e+03 
3.993500e-01 3.463969e+03 
4.094840e-01 3.390881e+03 
4.272360e-01 3.270614e+03 
4.454600e-01 3.155120e+03 
4.630560e-01 3.051574e+03 
4.804610e-01 2.954912e+03 
4.980690e-01 2.863000e+03 
5.159230e-01 2.775142e+03 
5.317440e-01 2.701103e+03 
5.489640e-01 2.624712e+03 
5.671990e-01 2.547411e+03 
5.838690e-01 2.480062e+03 
6.018840e-01 2.410682e+03 
6.202330e-01 2.342933e+03 
6.379250e-01 2.280606e+03 
6.545410e-01 2.223712e+03 
6.714560e-01 2.167996e+03 
6.892080e-01 2.111276e+03 
7.066010e-01 2.057710e+03 
7.240540e-01 2.005825e+03 
7.420450e-01 1.953461e+03 
7.593780e-01 1.904966e+03 
7.764720e-01 1.858424e+03 
7.942840e-01 1.811519e+03 
8.116170e-01 1.767030e+03 
8.288310e-01 1.724094e+03 
8.462240e-01 1.681905e+03 
8.631980e-01 1.642079e+03 
8.810700e-01 1.601212e+03 
8.989410e-01 1.561699e+03 
9.166330e-01 1.523632e+03 
9.345640e-01 1.486162e+03 
9.515980e-01 1.451627e+03 
9.688720e-01 1.417494e+03 
9.865640e-01 1.383504e+03 
1.031870e+00 1.301386e+03 
1.063490e+00 1.247607e+03 
1.097920e+00 1.192101e+03 
1.134370e+00 1.136838e+03 
1.167730e+00 1.089277e+03 
1.203830e+00 1.040696e+03 
1.240470e+00 9.943266e+02 
1.275790e+00 9.521185e+02 
1.309140e+00 9.145548e+02 
1.342970e+00 8.784730e+02 
1.378420e+00 8.427333e+02 
1.413200e+00 8.096012e+02 
1.448110e+00 7.780786e+02 
1.484090e+00 7.473634e+02 
1.518820e+00 7.192540e+02 
1.552880e+00 6.931585e+02 
1.588630e+00 6.671862e+02 
1.623230e+00 6.433359e+02 
1.657720e+00 6.207804e+02 
1.692450e+00 5.991442e+02 
1.726400e+00 5.790166e+02 
1.762200e+00 5.587901e+02 
1.797880e+00 5.396328e+02 
1.833270e+00 5.215706e+02 
1.869070e+00 5.041226e+02 
1.903200e+00 4.882934e+02 
1.937740e+00 4.729655e+02 
1.973190e+00 4.579250e+02 
2.007440e+00 4.440479e+02 
2.042160e+00 4.306201e+02 
2.077900e+00 4.173231e+02 
2.112390e+00 4.050866e+02 
2.146220e+00 3.935764e+02 
2.181600e+00 3.820125e+02 
2.216930e+00 3.709844e+02 
2.250760e+00 3.608245e+02 
2.286500e+00 3.505014e+02 
2.321770e+00 3.407462e+02 
2.355950e+00 3.316522e+02 
2.391280e+00 3.226540e+02 
2.426240e+00 3.140522e+02 
2.460670e+00 3.058938e+02 
2.495640e+00 2.979376e+02 
2.531080e+00 2.901614e+02 
2.566220e+00 2.827283e+02 
2.600830e+00 2.756837e+02 
2.635080e+00 2.689774e+02 
2.670340e+00 2.623025e+02 
2.705970e+00 2.557931e+02 
2.740040e+00 2.497790e+02 
2.774520e+00 2.438885e+02 
2.809730e+00 2.380973e+02 
2.844390e+00 2.325922e+02 
2.879960e+00 2.271240e+02 
2.914860e+00 2.219314e+02 
2.949410e+00 2.169577e+02 
2.984440e+00 2.120921e+02 
3.019760e+00 2.073397e+02 
3.054730e+00 2.027803e+02 
3.089030e+00 1.984433e+02 
3.124060e+00 1.941471e+02 
3.159560e+00 1.899249e+02 
3.194710e+00 1.858849e+02 
3.229010e+00 1.820617e+02 
3.263320e+00 1.783450e+02 
3.297930e+00 1.747090e+02 
3.332830e+00 1.711604e+02 
3.368040e+00 1.676807e+02 
3.403300e+00 1.642933e+02 
3.438450e+00 1.610109e+02 
3.473060e+00 1.578672e+02 
3.508440e+00 1.547578e+02 
3.543110e+00 1.517928e+02 
3.577470e+00 1.489313e+02 
3.613040e+00 1.460513e+02 
3.648120e+00 1.432975e+02 
3.682910e+00 1.406367e+02 
3.718050e+00 1.380173e+02 
3.753320e+00 1.354615e+02 
3.787980e+00 1.330218e+02 
3.822290e+00 1.306660e+02 
3.857020e+00 1.283395e+02 
3.891920e+00 1.260585e+02 
3.926650e+00 1.238434e+02 
3.961970e+00 1.216486e+02 
3.997360e+00 1.195114e+02 
4.031670e+00 1.174906e+02 
4.066330e+00 1.155061e+02 
4.101420e+00 1.135438e+02 
4.136200e+00 1.116435e+02 
4.170810e+00 1.097957e+02 
4.206250e+00 1.079549e+02 
4.241580e+00 1.061633e+02 
4.276300e+00 1.044414e+02 
4.310970e+00 1.027595e+02 
4.346120e+00 1.010955e+02 
4.380600e+00 9.950460e+01 
4.414730e+00 9.796346e+01 
4.450350e+00 9.638959e+01 
4.485320e+00 9.487791e+01 
4.519810e+00 9.342361e+01 
4.555430e+00 9.195578e+01 
4.590870e+00 9.052623e+01 
4.625480e+00 8.915879e+01 
4.659910e+00 8.782627e+01 
4.695230e+00 8.649388e+01 
4.729960e+00 8.521150e+01 
4.764450e+00 8.396567e+01 
4.799530e+00 8.272748e+01 
4.834910e+00 8.150381e+01 
4.869700e+00 8.032965e+01 
4.904370e+00 7.918325e+01 
4.939450e+00 7.804554e+01 
4.973940e+00 7.694763e+01 
5.008430e+00 7.587064e+01 
5.043810e+00 7.478681e+01 
5.078840e+00 7.373418e+01 
5.113500e+00 7.271236e+01 
5.148890e+00 7.169862e+01 
5.184210e+00 7.070640e+01 
5.219060e+00 6.974538e+01 
5.253660e+00 6.880808e+01 
5.288570e+00 6.787963e+01 
5.323420e+00 6.696929e+01 
5.358440e+00 6.607072e+01 
5.393590e+00 6.518513e+01 
5.428310e+00 6.433183e+01 
5.462800e+00 6.350214e+01 
5.497640e+00 6.267870e+01 
5.532670e+00 6.186430e+01 
5.567280e+00 6.107336e+01 
5.602000e+00 6.029357e+01 
5.637270e+00 5.951467e+01 
5.672410e+00 5.875196e+01 
5.707020e+00 5.801357e+01 
5.742040e+00 5.728196e+01 
5.777430e+00 5.655577e+01 
5.812210e+00 5.585414e+01 
5.846820e+00 5.516957e+01 
5.881610e+00 5.449330e+01 
5.916510e+00 5.382606e+01 
5.951600e+00 5.316563e+01 
5.986560e+00 5.251817e+01 
6.021830e+00 5.187564e+01 
6.056490e+00 5.125766e+01 
6.091160e+00 5.065206e+01 
6.125830e+00 5.005604e+01 
6.161090e+00 4.945829e+01 
6.195760e+00 4.887719e+01 
6.230420e+00 4.830536e+01 
6.265690e+00 4.773269e+01 
6.300950e+00 4.717152e+01 
6.335620e+00 4.662831e+01 
6.370880e+00 4.608439e+01 
6.405550e+00 4.555921e+01 
6.440220e+00 4.504258e+01 
6.475480e+00 4.452515e+01 
6.510150e+00 4.402390e+01 
6.544810e+00 4.352988e+01 
6.580080e+00 4.303471e+01 
6.614750e+00 4.255524e+01 
6.649410e+00 4.208468e+01 
6.684080e+00 4.162123e+01 
6.719340e+00 4.115683e+01 
6.754010e+00 4.070668e+01 
6.788680e+00 4.026254e+01 
6.823940e+00 3.981741e+01 
6.859800e+00 3.937138e+01 
6.894470e+00 3.894760e+01 
6.929140e+00 3.853029e+01 
6.963800e+00 3.811899e+01 
6.999070e+00 3.770637e+01 
7.033730e+00 3.730620e+01 
7.068400e+00 3.691151e+01 
7.103660e+00 3.651573e+01 
7.138330e+00 3.613253e+01 
7.173600e+00 3.574917e+01 
7.208260e+00 3.537766e+01 
7.243530e+00 3.500482e+01 
7.277600e+00 3.464939e+01 
7.312860e+00 3.428636e+01 
7.348120e+00 3.392832e+01 
7.382790e+00 3.358105e+01 
7.417460e+00 3.323926e+01 
7.452720e+00 3.289677e+01 
7.487390e+00 3.256451e+01 
7.522650e+00 3.223111e+01 
7.557320e+00 3.190738e+01 
7.591990e+00 3.158781e+01 
7.627250e+00 3.126708e+01 
7.662510e+00 3.095060e+01 
7.697180e+00 3.064327e+01 
7.731850e+00 3.033983e+01 
7.766510e+00 3.004039e+01 
7.801180e+00 2.974470e+01 
7.836440e+00 2.944870e+01 
7.871110e+00 2.916192e+01 
7.906380e+00 2.887389e+01 
7.941040e+00 2.859446e+01 
7.976310e+00 2.831285e+01 
8.011570e+00 2.803390e+01 
8.046240e+00 2.776309e+01 
8.080900e+00 2.749573e+01 
8.115570e+00 2.723217e+01 
8.150830e+00 2.696952e+01 
8.185500e+00 2.671447e+01 
8.220770e+00 2.645821e+01 
8.255430e+00 2.620949e+01 
8.290100e+00 2.596258e+01 
8.324770e+00 2.571855e+01 
8.359430e+00 2.547754e+01 
8.394700e+00 2.523527e+01 
8.429960e+00 2.499650e+01 
8.464630e+00 2.476502e+01 
8.499890e+00 2.453244e+01 
8.534560e+00 2.430649e+01 
8.569200e+00 2.408341e+01 
