# Parameters:
# omega_b = 0.022917, omega_m = 0.126063, n_s = 0.961811, h = 76.732283, w = -1.000000, sigma_8 = 0.827559
# z = 0.100000
#
# k[1/Mpc] # P(k):
8.694000e-04 1.853284e+04 
2.077466e-03 3.897734e+04 
3.285532e-03 5.444383e+04 
4.493598e-03 6.587076e+04 
5.701664e-03 7.391938e+04 
6.909730e-03 7.922846e+04 
8.117797e-03 8.246206e+04 
9.325863e-03 8.396175e+04 
1.053393e-02 8.404656e+04 
1.174199e-02 8.300381e+04 
1.295006e-02 8.102414e+04 
1.415813e-02 7.835912e+04 
1.536619e-02 7.521734e+04 
1.657426e-02 7.175725e+04 
1.778233e-02 6.813863e+04 
1.899039e-02 6.449148e+04 
2.019846e-02 6.084243e+04 
2.140652e-02 5.730413e+04 
2.261459e-02 5.395870e+04 
2.382266e-02 5.086029e+04 
2.503072e-02 4.803378e+04 
2.623879e-02 4.548081e+04 
2.744685e-02 4.320250e+04 
2.865492e-02 4.118243e+04 
2.986299e-02 3.940116e+04 
3.100100e-02 3.793106e+04 
3.220400e-02 3.657054e+04 
3.288100e-02 3.588770e+04 
3.424300e-02 3.466388e+04 
3.555100e-02 3.364379e+04 
3.686000e-02 3.274697e+04 
3.795000e-02 3.207687e+04 
3.929100e-02 3.131626e+04 
4.039800e-02 3.071800e+04 
4.164000e-02 3.007363e+04 
4.294400e-02 2.938229e+04 
4.415000e-02 2.874265e+04 
4.542900e-02 2.802400e+04 
4.660900e-02 2.734575e+04 
4.782300e-02 2.658825e+04 
4.892900e-02 2.588454e+04 
5.031200e-02 2.496684e+04 
5.155900e-02 2.410798e+04 
5.238100e-02 2.353416e+04 
5.378200e-02 2.255324e+04 
5.513400e-02 2.160925e+04 
5.627600e-02 2.082310e+04 
5.735300e-02 2.010234e+04 
5.870100e-02 1.923701e+04 
5.988700e-02 1.851671e+04 
6.113500e-02 1.780177e+04 
6.225900e-02 1.720316e+04 
6.340100e-02 1.663885e+04 
6.480200e-02 1.600307e+04 
6.601100e-02 1.551357e+04 
6.725500e-02 1.506056e+04 
6.829100e-02 1.472586e+04 
6.958600e-02 1.434474e+04 
7.071100e-02 1.405418e+04 
7.192300e-02 1.377492e+04 
7.307400e-02 1.353636e+04 
7.412300e-02 1.333895e+04 
7.550400e-02 1.310735e+04 
7.663100e-02 1.293314e+04 
7.791200e-02 1.274748e+04 
7.912700e-02 1.257875e+04 
8.027600e-02 1.242148e+04 
8.138400e-02 1.226967e+04 
8.272200e-02 1.208210e+04 
8.406100e-02 1.188559e+04 
8.534100e-02 1.168594e+04 
8.653800e-02 1.148723e+04 
8.759800e-02 1.130581e+04 
8.900300e-02 1.105577e+04 
9.009000e-02 1.085221e+04 
9.113300e-02 1.065182e+04 
9.239600e-02 1.040744e+04 
9.358000e-02 1.017462e+04 
9.496100e-02 9.901645e+03 
9.608400e-02 9.682984e+03 
9.727500e-02 9.455484e+03 
9.852600e-02 9.222417e+03 
9.973800e-02 9.006825e+03 
1.009000e-01 8.809015e+03 
1.020900e-01 8.619023e+03 
1.034000e-01 8.421330e+03 
1.046000e-01 8.251139e+03 
1.057200e-01 8.107146e+03 
1.069100e-01 7.962195e+03 
1.082500e-01 7.814936e+03 
1.093900e-01 7.699970e+03 
1.105400e-01 7.590893e+03 
1.116900e-01 7.493550e+03 
1.129600e-01 7.391660e+03 
1.142000e-01 7.301316e+03 
1.153300e-01 7.222296e+03 
1.166400e-01 7.134959e+03 
1.177800e-01 7.061825e+03 
1.190000e-01 6.985908e+03 
1.201200e-01 6.914686e+03 
1.213400e-01 6.838369e+03 
1.227100e-01 6.748832e+03 
1.238900e-01 6.671963e+03 
1.250700e-01 6.591216e+03 
1.263200e-01 6.505612e+03 
1.275500e-01 6.418757e+03 
1.287500e-01 6.333194e+03 
1.299900e-01 6.242408e+03 
1.311300e-01 6.159415e+03 
1.323500e-01 6.070450e+03 
1.335900e-01 5.981106e+03 
1.347100e-01 5.900853e+03 
1.359800e-01 5.811868e+03 
1.372100e-01 5.727651e+03 
1.384300e-01 5.646203e+03 
1.395700e-01 5.572223e+03 
1.407700e-01 5.496225e+03 
1.420300e-01 5.420604e+03 
1.432800e-01 5.347235e+03 
1.444500e-01 5.282276e+03 
1.456300e-01 5.218081e+03 
1.468900e-01 5.153243e+03 
1.480500e-01 5.095440e+03 
1.491700e-01 5.041389e+03 
1.503800e-01 4.985011e+03 
1.516400e-01 4.927881e+03 
1.528200e-01 4.877185e+03 
1.540200e-01 4.826608e+03 
1.551900e-01 4.779054e+03 
1.564300e-01 4.729810e+03 
1.576600e-01 4.681999e+03 
1.588700e-01 4.635969e+03 
1.600900e-01 4.590408e+03 
1.612700e-01 4.546894e+03 
1.625400e-01 4.500925e+03 
1.637600e-01 4.457432e+03 
1.649500e-01 4.415677e+03 
1.662200e-01 4.371773e+03 
1.674000e-01 4.330878e+03 
1.685000e-01 4.293388e+03 
1.697500e-01 4.251141e+03 
1.710300e-01 4.208297e+03 
1.722200e-01 4.169167e+03 
1.734400e-01 4.128700e+03 
1.746400e-01 4.089532e+03 
1.758700e-01 4.049901e+03 
1.770900e-01 4.010922e+03 
1.782700e-01 3.973846e+03 
1.794600e-01 3.936859e+03 
1.807000e-01 3.898820e+03 
1.819100e-01 3.862318e+03 
1.830100e-01 3.829682e+03 
1.842200e-01 3.794342e+03 
1.855000e-01 3.757602e+03 
1.867000e-01 3.724268e+03 
1.879200e-01 3.690916e+03 
1.890900e-01 3.659456e+03 
1.902800e-01 3.628090e+03 
1.915200e-01 3.595916e+03 
1.926900e-01 3.566227e+03 
1.939000e-01 3.536642e+03 
1.951700e-01 3.506075e+03 
1.963100e-01 3.479116e+03 
1.975100e-01 3.451327e+03 
1.987800e-01 3.422365e+03 
2.000100e-01 3.394792e+03 
2.012500e-01 3.367519e+03 
2.023400e-01 3.343885e+03 
2.036100e-01 3.316805e+03 
2.048900e-01 3.290190e+03 
2.060400e-01 3.266624e+03 
2.072200e-01 3.242781e+03 
2.084200e-01 3.218938e+03 
2.096900e-01 3.194068e+03 
2.109200e-01 3.170331e+03 
2.121100e-01 3.147551e+03 
2.132700e-01 3.125639e+03 
2.145200e-01 3.102351e+03 
2.157200e-01 3.080253e+03 
2.168800e-01 3.059151e+03 
2.180700e-01 3.037790e+03 
2.193400e-01 3.015290e+03 
2.206000e-01 2.993250e+03 
2.217500e-01 2.973403e+03 
2.229500e-01 2.952959e+03 
2.241400e-01 2.932996e+03 
2.253500e-01 2.912963e+03 
2.264900e-01 2.894329e+03 
2.277100e-01 2.874774e+03 
2.289900e-01 2.854679e+03 
2.301500e-01 2.836705e+03 
2.313600e-01 2.818192e+03 
2.325600e-01 2.800175e+03 
2.337700e-01 2.782237e+03 
2.350000e-01 2.764234e+03 
2.362000e-01 2.747101e+03 
2.374100e-01 2.730289e+03 
2.386500e-01 2.713276e+03 
2.399100e-01 2.696209e+03 
2.410400e-01 2.681271e+03 
2.422500e-01 2.665488e+03 
2.435000e-01 2.649385e+03 
2.447300e-01 2.633778e+03 
2.458700e-01 2.619650e+03 
2.470600e-01 2.605073e+03 
2.483300e-01 2.589705e+03 
2.495600e-01 2.575050e+03 
2.507600e-01 2.560987e+03 
2.519600e-01 2.547089e+03 
2.532200e-01 2.532669e+03 
2.543700e-01 2.519690e+03 
2.555500e-01 2.506541e+03 
2.568000e-01 2.492774e+03 
2.580100e-01 2.479603e+03 
2.592400e-01 2.466282e+03 
2.604100e-01 2.453716e+03 
2.616100e-01 2.440971e+03 
2.628400e-01 2.428055e+03 
2.640600e-01 2.415449e+03 
2.652200e-01 2.403618e+03 
2.664300e-01 2.391412e+03 
2.676500e-01 2.379243e+03 
2.688400e-01 2.367322e+03 
2.700700e-01 2.355023e+03 
2.712400e-01 2.343451e+03 
2.724800e-01 2.331319e+03 
2.736700e-01 2.319732e+03 
2.748800e-01 2.308002e+03 
2.761000e-01 2.296303e+03 
2.773200e-01 2.284730e+03 
2.785400e-01 2.273271e+03 
2.797000e-01 2.262468e+03 
2.808900e-01 2.251499e+03 
2.821400e-01 2.240099e+03 
2.833900e-01 2.228814e+03 
2.845500e-01 2.218267e+03 
2.857800e-01 2.207198e+03 
2.870300e-01 2.196067e+03 
2.882100e-01 2.185669e+03 
2.893900e-01 2.175322e+03 
2.906300e-01 2.164532e+03 
2.918900e-01 2.153683e+03 
2.930500e-01 2.143796e+03 
2.942500e-01 2.133657e+03 
2.954200e-01 2.123831e+03 
2.966500e-01 2.113603e+03 
2.978900e-01 2.103396e+03 
2.990400e-01 2.094024e+03 
3.002700e-01 2.084061e+03 
3.015100e-01 2.074102e+03 
3.026800e-01 2.064797e+03 
3.038500e-01 2.055579e+03 
3.050300e-01 2.046370e+03 
3.062600e-01 2.036820e+03 
3.075000e-01 2.027288e+03 
3.087000e-01 2.018152e+03 
3.099100e-01 2.009028e+03 
3.111200e-01 1.999978e+03 
3.123100e-01 1.991138e+03 
3.135300e-01 1.982161e+03 
3.147300e-01 1.973414e+03 
3.159900e-01 1.964317e+03 
3.171800e-01 1.955887e+03 
3.183700e-01 1.947587e+03 
3.196300e-01 1.938881e+03 
3.208400e-01 1.930599e+03 
3.220300e-01 1.922529e+03 
3.232000e-01 1.914569e+03 
3.244300e-01 1.906237e+03 
3.256700e-01 1.897916e+03 
3.269200e-01 1.889606e+03 
3.280800e-01 1.881964e+03 
3.292500e-01 1.874420e+03 
3.304800e-01 1.866589e+03 
3.317100e-01 1.858830e+03 
3.328900e-01 1.851452e+03 
3.340700e-01 1.844139e+03 
3.353600e-01 1.836234e+03 
3.365300e-01 1.829136e+03 
3.377100e-01 1.822038e+03 
3.389200e-01 1.814824e+03 
3.401600e-01 1.807495e+03 
3.413700e-01 1.800418e+03 
3.425300e-01 1.793697e+03 
3.437700e-01 1.786575e+03 
3.449800e-01 1.779686e+03 
3.461800e-01 1.772913e+03 
3.473600e-01 1.766297e+03 
3.485800e-01 1.759488e+03 
3.498100e-01 1.752682e+03 
3.510200e-01 1.746044e+03 
3.522000e-01 1.739624e+03 
3.533900e-01 1.733204e+03 
3.546400e-01 1.726591e+03 
3.558400e-01 1.720300e+03 
3.570600e-01 1.713958e+03 
3.582700e-01 1.707720e+03 
3.595000e-01 1.701433e+03 
3.607100e-01 1.695306e+03 
3.618900e-01 1.689385e+03 
3.631200e-01 1.683264e+03 
3.643200e-01 1.677342e+03 
3.655500e-01 1.671321e+03 
3.667300e-01 1.665592e+03 
3.679500e-01 1.659713e+03 
3.691900e-01 1.653788e+03 
3.703600e-01 1.648242e+03 
3.715700e-01 1.642552e+03 
3.727700e-01 1.636953e+03 
3.739900e-01 1.631317e+03 
3.752000e-01 1.625787e+03 
3.763900e-01 1.620393e+03 
3.775800e-01 1.615040e+03 
3.788200e-01 1.609506e+03 
3.800300e-01 1.604150e+03 
3.812100e-01 1.598933e+03 
3.824200e-01 1.593601e+03 
3.836100e-01 1.588398e+03 
3.848600e-01 1.582976e+03 
3.860400e-01 1.577897e+03 
3.872400e-01 1.572772e+03 
3.884600e-01 1.567605e+03 
3.896500e-01 1.562605e+03 
3.908700e-01 1.557519e+03 
3.920600e-01 1.552595e+03 
3.933100e-01 1.547463e+03 
3.945300e-01 1.542493e+03 
3.957200e-01 1.537691e+03 
3.969300e-01 1.532847e+03 
3.981700e-01 1.527922e+03 
3.993500e-01 1.523270e+03 
4.094840e-01 1.484404e+03 
4.272360e-01 1.421346e+03 
4.454600e-01 1.361842e+03 
4.630560e-01 1.309208e+03 
4.804610e-01 1.260920e+03 
4.980690e-01 1.215608e+03 
5.159230e-01 1.172932e+03 
5.317440e-01 1.137406e+03 
5.489640e-01 1.101277e+03 
5.671990e-01 1.065348e+03 
5.838690e-01 1.034488e+03 
6.018840e-01 1.003155e+03 
6.202330e-01 9.731447e+02 
6.379250e-01 9.458890e+02 
6.545410e-01 9.215148e+02 
6.714560e-01 8.979324e+02 
6.892080e-01 8.743586e+02 
7.066010e-01 8.523938e+02 
7.240540e-01 8.313826e+02 
7.420450e-01 8.105238e+02 
7.593780e-01 7.914328e+02 
7.764720e-01 7.732941e+02 
7.942840e-01 7.552084e+02 
8.116170e-01 7.382082e+02 
8.288310e-01 7.219536e+02 
8.462240e-01 7.060816e+02 
8.631980e-01 6.912004e+02 
8.810700e-01 6.760005e+02 
8.989410e-01 6.613673e+02 
9.166330e-01 6.473197e+02 
9.345640e-01 6.335313e+02 
9.515980e-01 6.208431e+02 
9.688720e-01 6.083266e+02 
9.865640e-01 5.958645e+02 
1.031870e+00 5.657646e+02 
1.063490e+00 5.459995e+02 
1.097920e+00 5.255453e+02 
1.134370e+00 5.050628e+02 
1.167730e+00 4.873443e+02 
1.203830e+00 4.691217e+02 
1.240470e+00 4.516140e+02 
1.275790e+00 4.355490e+02 
1.309140e+00 4.211424e+02 
1.342970e+00 4.071989e+02 
1.378420e+00 3.932864e+02 
1.413200e+00 3.802712e+02 
1.448110e+00 3.677901e+02 
1.484090e+00 3.555306e+02 
1.518820e+00 3.442177e+02 
1.552880e+00 3.336282e+02 
1.588630e+00 3.230138e+02 
1.623230e+00 3.131881e+02 
1.657720e+00 3.038326e+02 
1.692450e+00 2.947971e+02 
1.726400e+00 2.863183e+02 
1.762200e+00 2.777387e+02 
1.797880e+00 2.695512e+02 
1.833270e+00 2.617855e+02 
1.869070e+00 2.542224e+02 
1.903200e+00 2.473218e+02 
1.937740e+00 2.405976e+02 
1.973190e+00 2.339562e+02 
2.007440e+00 2.277915e+02 
2.042160e+00 2.217919e+02 
2.077900e+00 2.158111e+02 
2.112390e+00 2.102813e+02 
2.146220e+00 2.050454e+02 
2.181600e+00 1.997556e+02 
2.216930e+00 1.946861e+02 
2.250760e+00 1.899899e+02 
2.286500e+00 1.851935e+02 
2.321770e+00 1.806402e+02 
2.355950e+00 1.763737e+02 
2.391280e+00 1.721311e+02 
2.426240e+00 1.680538e+02 
2.460670e+00 1.641696e+02 
2.495640e+00 1.603672e+02 
2.531080e+00 1.566301e+02 
2.566220e+00 1.530421e+02 
2.600830e+00 1.496291e+02 
2.635080e+00 1.463688e+02 
2.670340e+00 1.431056e+02 
2.705970e+00 1.399111e+02 
2.740040e+00 1.369494e+02 
2.774520e+00 1.340354e+02 
2.809730e+00 1.311606e+02 
2.844390e+00 1.284194e+02 
2.879960e+00 1.256850e+02 
2.914860e+00 1.230776e+02 
2.949410e+00 1.205733e+02 
2.984440e+00 1.181146e+02 
3.019760e+00 1.157049e+02 
3.054730e+00 1.133869e+02 
3.089030e+00 1.111713e+02 
3.124060e+00 1.089710e+02 
3.159560e+00 1.068019e+02 
3.194710e+00 1.047196e+02 
3.229010e+00 1.027453e+02 
3.263320e+00 1.008176e+02 
3.297930e+00 9.892822e+01 
3.332830e+00 9.707901e+01 
3.368040e+00 9.526041e+01 
3.403300e+00 9.348592e+01 
3.438450e+00 9.176029e+01 
3.473060e+00 9.010510e+01 
3.508440e+00 8.846189e+01 
3.543110e+00 8.689290e+01 
3.577470e+00 8.537321e+01 
3.613040e+00 8.384140e+01 
3.648120e+00 8.237272e+01 
3.682910e+00 8.095105e+01 
3.718050e+00 7.954768e+01 
3.753320e+00 7.817598e+01 
3.787980e+00 7.686368e+01 
3.822290e+00 7.559416e+01 
3.857020e+00 7.433725e+01 
3.891920e+00 7.310297e+01 
3.926650e+00 7.190142e+01 
3.961970e+00 7.070929e+01 
3.997360e+00 6.954558e+01 
4.031670e+00 6.844411e+01 
4.066330e+00 6.735982e+01 
4.101420e+00 6.628684e+01 
4.136200e+00 6.524469e+01 
4.170810e+00 6.423066e+01 
4.206250e+00 6.321809e+01 
4.241580e+00 6.223165e+01 
4.276300e+00 6.128163e+01 
4.310970e+00 6.035241e+01 
4.346120e+00 5.943188e+01 
4.380600e+00 5.855027e+01 
4.414730e+00 5.769572e+01 
4.450350e+00 5.682077e+01 
4.485320e+00 5.597994e+01 
4.519810e+00 5.516964e+01 
4.555430e+00 5.435093e+01 
4.590870e+00 5.355267e+01 
4.625480e+00 5.278769e+01 
4.659910e+00 5.204187e+01 
4.695230e+00 5.129481e+01 
4.729960e+00 5.057529e+01 
4.764450e+00 4.987557e+01 
4.799530e+00 4.917919e+01 
4.834910e+00 4.849065e+01 
4.869700e+00 4.782888e+01 
4.904370e+00 4.718233e+01 
4.939450e+00 4.654012e+01 
4.973940e+00 4.591945e+01 
5.008430e+00 4.531032e+01 
5.043810e+00 4.469650e+01 
5.078840e+00 4.409976e+01 
5.113500e+00 4.352023e+01 
5.148890e+00 4.294471e+01 
5.184210e+00 4.238114e+01 
5.219060e+00 4.183484e+01 
5.253660e+00 4.130123e+01 
5.288570e+00 4.077242e+01 
5.323420e+00 4.025348e+01 
5.358440e+00 3.974077e+01 
5.393590e+00 3.923525e+01 
5.428310e+00 3.874782e+01 
5.462800e+00 3.827360e+01 
5.497640e+00 3.780276e+01 
5.532670e+00 3.733656e+01 
5.567280e+00 3.688349e+01 
5.602000e+00 3.643662e+01 
5.637270e+00 3.598977e+01 
5.672410e+00 3.555196e+01 
5.707020e+00 3.512793e+01 
5.742040e+00 3.470743e+01 
5.777430e+00 3.428984e+01 
5.812210e+00 3.388621e+01 
5.846820e+00 3.349211e+01 
5.881610e+00 3.310260e+01 
5.916510e+00 3.271814e+01 
5.951600e+00 3.233728e+01 
5.986560e+00 3.196368e+01 
6.021830e+00 3.159277e+01 
6.056490e+00 3.123589e+01 
6.091160e+00 3.088602e+01 
6.125830e+00 3.054155e+01 
6.161090e+00 3.019586e+01 
6.195760e+00 2.985950e+01 
6.230420e+00 2.952838e+01 
6.265690e+00 2.919663e+01 
6.300950e+00 2.887133e+01 
6.335620e+00 2.855630e+01 
6.370880e+00 2.824075e+01 
6.405550e+00 2.793596e+01 
6.440220e+00 2.763601e+01 
6.475480e+00 2.733548e+01 
6.510150e+00 2.704418e+01 
6.544810e+00 2.675686e+01 
6.580080e+00 2.646875e+01 
6.614750e+00 2.618968e+01 
6.649410e+00 2.591569e+01 
6.684080e+00 2.564573e+01 
6.719340e+00 2.537512e+01 
6.754010e+00 2.511267e+01 
6.788680e+00 2.485355e+01 
6.823940e+00 2.459375e+01 
6.859800e+00 2.433332e+01 
6.894470e+00 2.408578e+01 
6.929140e+00 2.384192e+01 
6.963800e+00 2.360148e+01 
6.999070e+00 2.336017e+01 
7.033730e+00 2.312600e+01 
7.068400e+00 2.289494e+01 
7.103660e+00 2.266316e+01 
7.138330e+00 2.243865e+01 
7.173600e+00 2.221395e+01 
7.208260e+00 2.199611e+01 
7.243530e+00 2.177741e+01 
7.277600e+00 2.156880e+01 
7.312860e+00 2.135561e+01 
7.348120e+00 2.114528e+01 
7.382790e+00 2.094118e+01 
7.417460e+00 2.074025e+01 
7.452720e+00 2.053884e+01 
7.487390e+00 2.034336e+01 
7.522650e+00 2.014714e+01 
7.557320e+00 1.995648e+01 
7.591990e+00 1.976817e+01 
7.627250e+00 1.957910e+01 
7.662510e+00 1.939247e+01 
7.697180e+00 1.921110e+01 
7.731850e+00 1.903193e+01 
7.766510e+00 1.885505e+01 
7.801180e+00 1.868033e+01 
7.836440e+00 1.850536e+01 
7.871110e+00 1.833576e+01 
7.906380e+00 1.816538e+01 
7.941040e+00 1.800000e+01 
7.976310e+00 1.783322e+01 
8.011570e+00 1.766787e+01 
8.046240e+00 1.750729e+01 
8.080900e+00 1.734869e+01 
8.115570e+00 1.719229e+01 
8.150830e+00 1.703641e+01 
8.185500e+00 1.688498e+01 
8.220770e+00 1.673277e+01 
8.255430e+00 1.658497e+01 
8.290100e+00 1.643810e+01 
8.324770e+00 1.629286e+01 
8.359430e+00 1.614937e+01 
8.394700e+00 1.600507e+01 
8.429960e+00 1.586278e+01 
8.464630e+00 1.572477e+01 
8.499890e+00 1.558604e+01 
8.534560e+00 1.545122e+01 
8.569200e+00 1.531806e+01 
