# Parameters:
# omega_b = 0.022713, omega_m = 0.155000, n_s = 0.850000, h = 70.118110, w = -1.000000, sigma_8 = 0.811811
# z = 0.100000
#
# k[1/Mpc] # P(k):
8.694000e-04 1.804482e+04 
2.077466e-03 3.516410e+04 
3.285532e-03 4.766389e+04 
4.493598e-03 5.689305e+04 
5.701664e-03 6.351700e+04 
6.909730e-03 6.805729e+04 
8.117797e-03 7.102070e+04 
9.325863e-03 7.266834e+04 
1.053393e-02 7.323991e+04 
1.174199e-02 7.294804e+04 
1.295006e-02 7.192799e+04 
1.415813e-02 7.035525e+04 
1.536619e-02 6.837540e+04 
1.657426e-02 6.613440e+04 
1.778233e-02 6.386925e+04 
1.899039e-02 6.157987e+04 
2.019846e-02 5.901268e+04 
2.140652e-02 5.627598e+04 
2.261459e-02 5.355986e+04 
2.382266e-02 5.095978e+04 
2.503072e-02 4.851457e+04 
2.623879e-02 4.623578e+04 
2.744685e-02 4.412622e+04 
2.865492e-02 4.219229e+04 
2.986299e-02 4.042921e+04 
3.100100e-02 3.891979e+04 
3.220400e-02 3.747511e+04 
3.288100e-02 3.672781e+04 
3.424300e-02 3.535526e+04 
3.555100e-02 3.418135e+04 
3.686000e-02 3.313052e+04 
3.795000e-02 3.234028e+04 
3.929100e-02 3.145176e+04 
4.039800e-02 3.077012e+04 
4.164000e-02 3.005735e+04 
4.294400e-02 2.933585e+04 
4.415000e-02 2.869561e+04 
4.542900e-02 2.801596e+04 
4.660900e-02 2.739631e+04 
4.782300e-02 2.673106e+04 
4.892900e-02 2.612447e+04 
5.031200e-02 2.534445e+04 
5.155900e-02 2.461818e+04 
5.238100e-02 2.413197e+04 
5.378200e-02 2.329612e+04 
5.513400e-02 2.248021e+04 
5.627600e-02 2.178865e+04 
5.735300e-02 2.114330e+04 
5.870100e-02 2.035163e+04 
5.988700e-02 1.967691e+04 
6.113500e-02 1.899021e+04 
6.225900e-02 1.839925e+04 
6.340100e-02 1.782657e+04 
6.480200e-02 1.716381e+04 
6.601100e-02 1.663435e+04 
6.725500e-02 1.612813e+04 
6.829100e-02 1.573988e+04 
6.958600e-02 1.528597e+04 
7.071100e-02 1.492722e+04 
7.192300e-02 1.457215e+04 
7.307400e-02 1.426106e+04 
7.412300e-02 1.399858e+04 
7.550400e-02 1.368489e+04 
7.663100e-02 1.344799e+04 
7.791200e-02 1.319897e+04 
7.912700e-02 1.298012e+04 
8.027600e-02 1.278434e+04 
8.138400e-02 1.260360e+04 
8.272200e-02 1.239292e+04 
8.406100e-02 1.218596e+04 
8.534100e-02 1.199033e+04 
8.653800e-02 1.180586e+04 
8.759800e-02 1.164270e+04 
8.900300e-02 1.142463e+04 
9.009000e-02 1.125080e+04 
9.113300e-02 1.108173e+04 
9.239600e-02 1.087616e+04 
9.358000e-02 1.067971e+04 
9.496100e-02 1.044636e+04 
9.608400e-02 1.025656e+04 
9.727500e-02 1.005649e+04 
9.852600e-02 9.843748e+03 
9.973800e-02 9.642818e+03 
1.009000e-01 9.454981e+03 
1.020900e-01 9.265158e+03 
1.034000e-01 9.063007e+03 
1.046000e-01 8.884077e+03 
1.057200e-01 8.724805e+03 
1.069100e-01 8.561646e+03 
1.082500e-01 8.387887e+03 
1.093900e-01 8.247955e+03 
1.105400e-01 8.112595e+03 
1.116900e-01 7.986915e+03 
1.129600e-01 7.854045e+03 
1.142000e-01 7.733727e+03 
1.153300e-01 7.628786e+03 
1.166400e-01 7.513231e+03 
1.177800e-01 7.418688e+03 
1.190000e-01 7.321580e+03 
1.201200e-01 7.235984e+03 
1.213400e-01 7.145200e+03 
1.227100e-01 7.047436e+03 
1.238900e-01 6.965234e+03 
1.250700e-01 6.884360e+03 
1.263200e-01 6.800405e+03 
1.275500e-01 6.719095e+03 
1.287500e-01 6.640305e+03 
1.299900e-01 6.558707e+03 
1.311300e-01 6.484575e+03 
1.323500e-01 6.405795e+03 
1.335900e-01 6.326243e+03 
1.347100e-01 6.254233e+03 
1.359800e-01 6.173511e+03 
1.372100e-01 6.095415e+03 
1.384300e-01 6.018850e+03 
1.395700e-01 5.946898e+03 
1.407700e-01 5.872606e+03 
1.420300e-01 5.795064e+03 
1.432800e-01 5.719816e+03 
1.444500e-01 5.649706e+03 
1.456300e-01 5.580424e+03 
1.468900e-01 5.508371e+03 
1.480500e-01 5.443507e+03 
1.491700e-01 5.382190e+03 
1.503800e-01 5.317372e+03 
1.516400e-01 5.251605e+03 
1.528200e-01 5.192804e+03 
1.540200e-01 5.134153e+03 
1.551900e-01 5.079375e+03 
1.564300e-01 5.022746e+03 
1.576600e-01 4.968278e+03 
1.588700e-01 4.916455e+03 
1.600900e-01 4.865236e+03 
1.612700e-01 4.817654e+03 
1.625400e-01 4.767390e+03 
1.637600e-01 4.720671e+03 
1.649500e-01 4.676306e+03 
1.662200e-01 4.629824e+03 
1.674000e-01 4.587450e+03 
1.685000e-01 4.548603e+03 
1.697500e-01 4.505184e+03 
1.710300e-01 4.461504e+03 
1.722200e-01 4.421609e+03 
1.734400e-01 4.380677e+03 
1.746400e-01 4.341070e+03 
1.758700e-01 4.300985e+03 
1.770900e-01 4.261542e+03 
1.782700e-01 4.224023e+03 
1.794600e-01 4.186445e+03 
1.807000e-01 4.147695e+03 
1.819100e-01 4.110509e+03 
1.830100e-01 4.076947e+03 
1.842200e-01 4.040548e+03 
1.855000e-01 4.002687e+03 
1.867000e-01 3.967925e+03 
1.879200e-01 3.933143e+03 
1.890900e-01 3.900266e+03 
1.902800e-01 3.867139e+03 
1.915200e-01 3.833159e+03 
1.926900e-01 3.801723e+03 
1.939000e-01 3.770136e+03 
1.951700e-01 3.737500e+03 
1.963100e-01 3.708655e+03 
1.975100e-01 3.678757e+03 
1.987800e-01 3.647597e+03 
2.000100e-01 3.617901e+03 
2.012500e-01 3.588457e+03 
2.023400e-01 3.562941e+03 
2.036100e-01 3.533707e+03 
2.048900e-01 3.504976e+03 
2.060400e-01 3.479536e+03 
2.072200e-01 3.453804e+03 
2.084200e-01 3.428150e+03 
2.096900e-01 3.401391e+03 
2.109200e-01 3.375852e+03 
2.121100e-01 3.351459e+03 
2.132700e-01 3.328001e+03 
2.145200e-01 3.303070e+03 
2.157200e-01 3.279492e+03 
2.168800e-01 3.257013e+03 
2.180700e-01 3.234258e+03 
2.193400e-01 3.210318e+03 
2.206000e-01 3.186923e+03 
2.217500e-01 3.165854e+03 
2.229500e-01 3.144153e+03 
2.241400e-01 3.122969e+03 
2.253500e-01 3.101712e+03 
2.264900e-01 3.081939e+03 
2.277100e-01 3.061162e+03 
2.289900e-01 3.039784e+03 
2.301500e-01 3.020661e+03 
2.313600e-01 3.000964e+03 
2.325600e-01 2.981680e+03 
2.337700e-01 2.962480e+03 
2.350000e-01 2.943211e+03 
2.362000e-01 2.924798e+03 
2.374100e-01 2.906641e+03 
2.386500e-01 2.888267e+03 
2.399100e-01 2.869834e+03 
2.410400e-01 2.853568e+03 
2.422500e-01 2.836364e+03 
2.435000e-01 2.818812e+03 
2.447300e-01 2.801775e+03 
2.458700e-01 2.786256e+03 
2.470600e-01 2.770243e+03 
2.483300e-01 2.753361e+03 
2.495600e-01 2.737230e+03 
2.507600e-01 2.721705e+03 
2.519600e-01 2.706362e+03 
2.532200e-01 2.690443e+03 
2.543700e-01 2.676110e+03 
2.555500e-01 2.661585e+03 
2.568000e-01 2.646377e+03 
2.580100e-01 2.631827e+03 
2.592400e-01 2.617155e+03 
2.604100e-01 2.603333e+03 
2.616100e-01 2.589314e+03 
2.628400e-01 2.575107e+03 
2.640600e-01 2.561304e+03 
2.652200e-01 2.548376e+03 
2.664300e-01 2.535037e+03 
2.676500e-01 2.521738e+03 
2.688400e-01 2.508773e+03 
2.700700e-01 2.495435e+03 
2.712400e-01 2.482884e+03 
2.724800e-01 2.469728e+03 
2.736700e-01 2.457204e+03 
2.748800e-01 2.444571e+03 
2.761000e-01 2.431971e+03 
2.773200e-01 2.419507e+03 
2.785400e-01 2.407184e+03 
2.797000e-01 2.395605e+03 
2.808900e-01 2.383848e+03 
2.821400e-01 2.371629e+03 
2.833900e-01 2.359534e+03 
2.845500e-01 2.348251e+03 
2.857800e-01 2.336409e+03 
2.870300e-01 2.324502e+03 
2.882100e-01 2.313378e+03 
2.893900e-01 2.302315e+03 
2.906300e-01 2.290781e+03 
2.918900e-01 2.279183e+03 
2.930500e-01 2.268614e+03 
2.942500e-01 2.257774e+03 
2.954200e-01 2.247262e+03 
2.966500e-01 2.236320e+03 
2.978900e-01 2.225401e+03 
2.990400e-01 2.215374e+03 
3.002700e-01 2.204703e+03 
3.015100e-01 2.194028e+03 
3.026800e-01 2.184053e+03 
3.038500e-01 2.174173e+03 
3.050300e-01 2.164301e+03 
3.062600e-01 2.154058e+03 
3.075000e-01 2.143833e+03 
3.087000e-01 2.134033e+03 
3.099100e-01 2.124246e+03 
3.111200e-01 2.114534e+03 
3.123100e-01 2.105041e+03 
3.135300e-01 2.095400e+03 
3.147300e-01 2.086006e+03 
3.159900e-01 2.076237e+03 
3.171800e-01 2.067175e+03 
3.183700e-01 2.058246e+03 
3.196300e-01 2.048880e+03 
3.208400e-01 2.039971e+03 
3.220300e-01 2.031289e+03 
3.232000e-01 2.022739e+03 
3.244300e-01 2.013795e+03 
3.256700e-01 2.004863e+03 
3.269200e-01 1.995942e+03 
3.280800e-01 1.987738e+03 
3.292500e-01 1.979638e+03 
3.304800e-01 1.971231e+03 
3.317100e-01 1.962900e+03 
3.328900e-01 1.954979e+03 
3.340700e-01 1.947126e+03 
3.353600e-01 1.938648e+03 
3.365300e-01 1.931039e+03 
3.377100e-01 1.923431e+03 
3.389200e-01 1.915696e+03 
3.401600e-01 1.907840e+03 
3.413700e-01 1.900264e+03 
3.425300e-01 1.893080e+03 
3.437700e-01 1.885465e+03 
3.449800e-01 1.878100e+03 
3.461800e-01 1.870858e+03 
3.473600e-01 1.863788e+03 
3.485800e-01 1.856521e+03 
3.498100e-01 1.849257e+03 
3.510200e-01 1.842172e+03 
3.522000e-01 1.835320e+03 
3.533900e-01 1.828467e+03 
3.546400e-01 1.821432e+03 
3.558400e-01 1.814741e+03 
3.570600e-01 1.807996e+03 
3.582700e-01 1.801362e+03 
3.595000e-01 1.794675e+03 
3.607100e-01 1.788166e+03 
3.618900e-01 1.781883e+03 
3.631200e-01 1.775388e+03 
3.643200e-01 1.769103e+03 
3.655500e-01 1.762714e+03 
3.667300e-01 1.756634e+03 
3.679500e-01 1.750418e+03 
3.691900e-01 1.744152e+03 
3.703600e-01 1.738288e+03 
3.715700e-01 1.732271e+03 
3.727700e-01 1.726352e+03 
3.739900e-01 1.720394e+03 
3.752000e-01 1.714554e+03 
3.763900e-01 1.708856e+03 
3.775800e-01 1.703203e+03 
3.788200e-01 1.697359e+03 
3.800300e-01 1.691702e+03 
3.812100e-01 1.686200e+03 
3.824200e-01 1.680585e+03 
3.836100e-01 1.675104e+03 
3.848600e-01 1.669393e+03 
3.860400e-01 1.664043e+03 
3.872400e-01 1.658645e+03 
3.884600e-01 1.653212e+03 
3.896500e-01 1.647958e+03 
3.908700e-01 1.642613e+03 
3.920600e-01 1.637440e+03 
3.933100e-01 1.632047e+03 
3.945300e-01 1.626825e+03 
3.957200e-01 1.621781e+03 
3.969300e-01 1.616695e+03 
3.981700e-01 1.611522e+03 
3.993500e-01 1.606636e+03 
4.094840e-01 1.565851e+03 
4.272360e-01 1.499686e+03 
4.454600e-01 1.437160e+03 
4.630560e-01 1.381691e+03 
4.804610e-01 1.330661e+03 
4.980690e-01 1.282617e+03 
5.159230e-01 1.237258e+03 
5.317440e-01 1.199421e+03 
5.489640e-01 1.160870e+03 
5.671990e-01 1.122486e+03 
5.838690e-01 1.089502e+03 
6.018840e-01 1.055962e+03 
6.202330e-01 1.023826e+03 
6.379250e-01 9.946048e+02 
6.545410e-01 9.684580e+02 
6.714560e-01 9.431451e+02 
6.892080e-01 9.178152e+02 
7.066010e-01 8.941833e+02 
7.240540e-01 8.715602e+02 
7.420450e-01 8.490759e+02 
7.593780e-01 8.284684e+02 
7.764720e-01 8.088690e+02 
7.942840e-01 7.893134e+02 
8.116170e-01 7.708919e+02 
8.288310e-01 7.532726e+02 
8.462240e-01 7.360461e+02 
8.631980e-01 7.198836e+02 
8.810700e-01 7.033652e+02 
8.989410e-01 6.874404e+02 
9.166330e-01 6.721503e+02 
9.345640e-01 6.571418e+02 
9.515980e-01 6.433194e+02 
9.688720e-01 6.296803e+02 
9.865640e-01 6.160963e+02 
1.031870e+00 5.832942e+02 
1.063490e+00 5.617632e+02 
1.097920e+00 5.394977e+02 
1.134370e+00 5.172266e+02 
1.167730e+00 4.979811e+02 
1.203830e+00 4.782162e+02 
1.240470e+00 4.592631e+02 
1.275790e+00 4.419063e+02 
1.309140e+00 4.263691e+02 
1.342970e+00 4.113622e+02 
1.378420e+00 3.964179e+02 
1.413200e+00 3.824673e+02 
1.448110e+00 3.691254e+02 
1.484090e+00 3.560431e+02 
1.518820e+00 3.440055e+02 
1.552880e+00 3.327583e+02 
1.588630e+00 3.215118e+02 
1.623230e+00 3.111244e+02 
1.657720e+00 3.012534e+02 
1.692450e+00 2.917434e+02 
1.726400e+00 2.828389e+02 
1.762200e+00 2.738509e+02 
1.797880e+00 2.652907e+02 
1.833270e+00 2.571878e+02 
1.869070e+00 2.493154e+02 
1.903200e+00 2.421463e+02 
1.937740e+00 2.351745e+02 
1.973190e+00 2.283036e+02 
2.007440e+00 2.219389e+02 
2.042160e+00 2.157554e+02 
2.077900e+00 2.096058e+02 
2.112390e+00 2.039286e+02 
2.146220e+00 1.985647e+02 
2.181600e+00 1.931559e+02 
2.216930e+00 1.879811e+02 
2.250760e+00 1.831964e+02 
2.286500e+00 1.783184e+02 
2.321770e+00 1.736950e+02 
2.355950e+00 1.693703e+02 
2.391280e+00 1.650773e+02 
2.426240e+00 1.609595e+02 
2.460670e+00 1.570429e+02 
2.495640e+00 1.532138e+02 
2.531080e+00 1.494579e+02 
2.566220e+00 1.458578e+02 
2.600830e+00 1.424377e+02 
2.635080e+00 1.391747e+02 
2.670340e+00 1.359154e+02 
2.705970e+00 1.327295e+02 
2.740040e+00 1.297796e+02 
2.774520e+00 1.268819e+02 
2.809730e+00 1.240267e+02 
2.844390e+00 1.213075e+02 
2.879960e+00 1.185992e+02 
2.914860e+00 1.160210e+02 
2.949410e+00 1.135474e+02 
2.984440e+00 1.111220e+02 
3.019760e+00 1.087482e+02 
3.054730e+00 1.064670e+02 
3.089030e+00 1.042905e+02 
3.124060e+00 1.021314e+02 
3.159560e+00 1.000056e+02 
3.194710e+00 9.796739e+01 
3.229010e+00 9.603639e+01 
3.263320e+00 9.415422e+01 
3.297930e+00 9.231087e+01 
3.332830e+00 9.050871e+01 
3.368040e+00 8.873856e+01 
3.403300e+00 8.701315e+01 
3.438450e+00 8.533760e+01 
3.473060e+00 8.373155e+01 
3.508440e+00 8.213938e+01 
3.543110e+00 8.062009e+01 
3.577470e+00 7.915079e+01 
3.613040e+00 7.767073e+01 
3.648120e+00 7.625318e+01 
3.682910e+00 7.488218e+01 
3.718050e+00 7.353054e+01 
3.753320e+00 7.221035e+01 
3.787980e+00 7.094844e+01 
3.822290e+00 6.972875e+01 
3.857020e+00 6.852260e+01 
3.891920e+00 6.733908e+01 
3.926650e+00 6.618823e+01 
3.961970e+00 6.504714e+01 
3.997360e+00 6.393437e+01 
4.031670e+00 6.288167e+01 
4.066330e+00 6.184651e+01 
4.101420e+00 6.082256e+01 
4.136200e+00 5.982938e+01 
4.170810e+00 5.886336e+01 
4.206250e+00 5.789982e+01 
4.241580e+00 5.696161e+01 
4.276300e+00 5.605897e+01 
4.310970e+00 5.517672e+01 
4.346120e+00 5.430328e+01 
4.380600e+00 5.346748e+01 
4.414730e+00 5.265763e+01 
4.450350e+00 5.182955e+01 
4.485320e+00 5.103402e+01 
4.519810e+00 5.026807e+01 
4.555430e+00 4.949461e+01 
4.590870e+00 4.874095e+01 
4.625480e+00 4.801940e+01 
4.659910e+00 4.731615e+01 
4.695230e+00 4.661242e+01 
4.729960e+00 4.593492e+01 
4.764450e+00 4.527644e+01 
4.799530e+00 4.462160e+01 
4.834910e+00 4.397432e+01 
4.869700e+00 4.335278e+01 
4.904370e+00 4.274577e+01 
4.939450e+00 4.214319e+01 
4.973940e+00 4.156141e+01 
5.008430e+00 4.099061e+01 
5.043810e+00 4.041589e+01 
5.078840e+00 3.985751e+01 
5.113500e+00 3.931538e+01 
5.148890e+00 3.877744e+01 
5.184210e+00 3.825083e+01 
5.219060e+00 3.774063e+01 
5.253660e+00 3.724274e+01 
5.288570e+00 3.674946e+01 
5.323420e+00 3.626573e+01 
5.358440e+00 3.578815e+01 
5.393590e+00 3.531740e+01 
5.428310e+00 3.486375e+01 
5.462800e+00 3.442259e+01 
5.497640e+00 3.398468e+01 
5.532670e+00 3.355150e+01 
5.567280e+00 3.313072e+01 
5.602000e+00 3.271581e+01 
5.637270e+00 3.230130e+01 
5.672410e+00 3.189534e+01 
5.707020e+00 3.150227e+01 
5.742040e+00 3.111281e+01 
5.777430e+00 3.072619e+01 
5.812210e+00 3.035258e+01 
5.846820e+00 2.998808e+01 
5.881610e+00 2.962796e+01 
5.916510e+00 2.927259e+01 
5.951600e+00 2.892085e+01 
5.986560e+00 2.857599e+01 
6.021830e+00 2.823371e+01 
6.056490e+00 2.790454e+01 
6.091160e+00 2.758200e+01 
6.125830e+00 2.726451e+01 
6.161090e+00 2.694607e+01 
6.195760e+00 2.663653e+01 
6.230420e+00 2.633187e+01 
6.265690e+00 2.602671e+01 
6.300950e+00 2.572778e+01 
6.335620e+00 2.543836e+01 
6.370880e+00 2.514852e+01 
6.405550e+00 2.486876e+01 
6.440220e+00 2.459358e+01 
6.475480e+00 2.431791e+01 
6.510150e+00 2.405085e+01 
6.544810e+00 2.378766e+01 
6.580080e+00 2.352382e+01 
6.614750e+00 2.326829e+01 
6.649410e+00 2.301765e+01 
6.684080e+00 2.277078e+01 
6.719340e+00 2.252336e+01 
6.754010e+00 2.228352e+01 
6.788680e+00 2.204693e+01 
6.823940e+00 2.180977e+01 
6.859800e+00 2.157207e+01 
6.894470e+00 2.134633e+01 
6.929140e+00 2.112404e+01 
6.963800e+00 2.090491e+01 
6.999070e+00 2.068504e+01 
7.033730e+00 2.047193e+01 
7.068400e+00 2.026170e+01 
7.103660e+00 2.005084e+01 
7.138330e+00 1.984669e+01 
7.173600e+00 1.964254e+01 
7.208260e+00 1.944464e+01 
7.243530e+00 1.924600e+01 
7.277600e+00 1.905667e+01 
7.312860e+00 1.886332e+01 
7.348120e+00 1.867259e+01 
7.382790e+00 1.848755e+01 
7.417460e+00 1.830553e+01 
7.452720e+00 1.812316e+01 
7.487390e+00 1.794620e+01 
7.522650e+00 1.776859e+01 
7.557320e+00 1.759619e+01 
7.591990e+00 1.742599e+01 
7.627250e+00 1.725514e+01 
7.662510e+00 1.708651e+01 
7.697180e+00 1.692281e+01 
7.731850e+00 1.676117e+01 
7.766510e+00 1.660162e+01 
7.801180e+00 1.644403e+01 
7.836440e+00 1.628635e+01 
7.871110e+00 1.613359e+01 
7.906380e+00 1.598014e+01 
7.941040e+00 1.583122e+01 
7.976310e+00 1.568116e+01 
8.011570e+00 1.553252e+01 
8.046240e+00 1.538818e+01 
8.080900e+00 1.524565e+01 
8.115570e+00 1.510514e+01 
8.150830e+00 1.496522e+01 
8.185500e+00 1.482931e+01 
8.220770e+00 1.469272e+01 
8.255430e+00 1.456012e+01 
8.290100e+00 1.442851e+01 
8.324770e+00 1.429841e+01 
8.359430e+00 1.416989e+01 
8.394700e+00 1.404067e+01 
8.429960e+00 1.391333e+01 
8.464630e+00 1.378990e+01 
8.499890e+00 1.366586e+01 
8.534560e+00 1.354531e+01 
8.569200e+00 1.342627e+01 
