# Parameters:
# omega_b = 0.022366, omega_m = 0.146457, n_s = 0.979134, h = 67.283465, w = -1.000000, sigma_8 = 0.852598
# z = 1.000000
#
# k[1/Mpc] # P(k):
8.694000e-04 5.345972e+03 
2.077466e-03 1.161058e+04 
3.285532e-03 1.660745e+04 
4.493598e-03 2.053903e+04 
5.701664e-03 2.353365e+04 
6.909730e-03 2.572695e+04 
8.117797e-03 2.728380e+04 
9.325863e-03 2.828790e+04 
1.053393e-02 2.882537e+04 
1.174199e-02 2.897707e+04 
1.295006e-02 2.879492e+04 
1.415813e-02 2.835057e+04 
1.536619e-02 2.770511e+04 
1.657426e-02 2.689943e+04 
1.778233e-02 2.596044e+04 
1.899039e-02 2.494098e+04 
2.019846e-02 2.389332e+04 
2.140652e-02 2.285955e+04 
2.261459e-02 2.184882e+04 
2.382266e-02 2.087695e+04 
2.503072e-02 1.995829e+04 
2.623879e-02 1.909920e+04 
2.744685e-02 1.830287e+04 
2.865492e-02 1.757290e+04 
2.986299e-02 1.690814e+04 
3.100100e-02 1.634043e+04 
3.220400e-02 1.579877e+04 
3.288100e-02 1.551969e+04 
3.424300e-02 1.500874e+04 
3.555100e-02 1.457273e+04 
3.686000e-02 1.418406e+04 
3.795000e-02 1.389010e+04 
3.929100e-02 1.356041e+04 
4.039800e-02 1.330754e+04 
4.164000e-02 1.303846e+04 
4.294400e-02 1.276421e+04 
4.415000e-02 1.251600e+04 
4.542900e-02 1.224822e+04 
4.660900e-02 1.199957e+04 
4.782300e-02 1.172988e+04 
4.892900e-02 1.147876e+04 
5.031200e-02 1.115256e+04 
5.155900e-02 1.084577e+04 
5.238100e-02 1.063876e+04 
5.378200e-02 1.027940e+04 
5.513400e-02 9.925572e+03 
5.627600e-02 9.624469e+03 
5.735300e-02 9.341947e+03 
5.870100e-02 8.993269e+03 
5.988700e-02 8.694661e+03 
6.113500e-02 8.390611e+03 
6.225900e-02 8.127764e+03 
6.340100e-02 7.873443e+03 
6.480200e-02 7.579985e+03 
6.601100e-02 7.344912e+03 
6.725500e-02 7.121164e+03 
6.829100e-02 6.950335e+03 
6.958600e-02 6.753215e+03 
7.071100e-02 6.598257e+03 
7.192300e-02 6.446520e+03 
7.307400e-02 6.315968e+03 
7.412300e-02 6.207415e+03 
7.550400e-02 6.079238e+03 
7.663100e-02 5.983929e+03 
7.791200e-02 5.886345e+03 
7.912700e-02 5.801483e+03 
8.027600e-02 5.725812e+03 
8.138400e-02 5.655770e+03 
8.272200e-02 5.573573e+03 
8.406100e-02 5.492180e+03 
8.534100e-02 5.412769e+03 
8.653800e-02 5.335678e+03 
8.759800e-02 5.265558e+03 
8.900300e-02 5.168917e+03 
9.009000e-02 5.090404e+03 
9.113300e-02 5.011386e+03 
9.239600e-02 4.913573e+03 
9.358000e-02 4.818748e+03 
9.496100e-02 4.704133e+03 
9.608400e-02 4.610197e+03 
9.727500e-02 4.510742e+03 
9.852600e-02 4.404603e+03 
9.973800e-02 4.303848e+03 
1.009000e-01 4.209246e+03 
1.020900e-01 4.114710e+03 
1.034000e-01 4.014578e+03 
1.046000e-01 3.926484e+03 
1.057200e-01 3.848961e+03 
1.069100e-01 3.770012e+03 
1.082500e-01 3.687317e+03 
1.093900e-01 3.621695e+03 
1.105400e-01 3.558796e+03 
1.116900e-01 3.501580e+03 
1.129600e-01 3.441505e+03 
1.142000e-01 3.388116e+03 
1.153300e-01 3.342149e+03 
1.166400e-01 3.292474e+03 
1.177800e-01 3.252076e+03 
1.190000e-01 3.210701e+03 
1.201200e-01 3.174765e+03 
1.213400e-01 3.136749e+03 
1.227100e-01 3.095619e+03 
1.238900e-01 3.060950e+03 
1.250700e-01 3.026542e+03 
1.263200e-01 2.990479e+03 
1.275500e-01 2.954785e+03 
1.287500e-01 2.919994e+03 
1.299900e-01 2.883647e+03 
1.311300e-01 2.850036e+03 
1.323500e-01 2.813443e+03 
1.335900e-01 2.776093e+03 
1.347100e-01 2.741768e+03 
1.359800e-01 2.702904e+03 
1.372100e-01 2.664532e+03 
1.384300e-01 2.626785e+03 
1.395700e-01 2.590987e+03 
1.407700e-01 2.553989e+03 
1.420300e-01 2.514770e+03 
1.432800e-01 2.476747e+03 
1.444500e-01 2.441343e+03 
1.456300e-01 2.406389e+03 
1.468900e-01 2.370119e+03 
1.480500e-01 2.337513e+03 
1.491700e-01 2.307028e+03 
1.503800e-01 2.275227e+03 
1.516400e-01 2.243059e+03 
1.528200e-01 2.214645e+03 
1.540200e-01 2.186319e+03 
1.551900e-01 2.160462e+03 
1.564300e-01 2.133888e+03 
1.576600e-01 2.108675e+03 
1.588700e-01 2.085101e+03 
1.600900e-01 2.061835e+03 
1.612700e-01 2.040734e+03 
1.625400e-01 2.018445e+03 
1.637600e-01 1.997751e+03 
1.649500e-01 1.978114e+03 
1.662200e-01 1.957539e+03 
1.674000e-01 1.938777e+03 
1.685000e-01 1.921577e+03 
1.697500e-01 1.902151e+03 
1.710300e-01 1.882408e+03 
1.722200e-01 1.864378e+03 
1.734400e-01 1.845513e+03 
1.746400e-01 1.827247e+03 
1.758700e-01 1.808606e+03 
1.770900e-01 1.789948e+03 
1.782700e-01 1.772204e+03 
1.794600e-01 1.754241e+03 
1.807000e-01 1.735594e+03 
1.819100e-01 1.717705e+03 
1.830100e-01 1.701383e+03 
1.842200e-01 1.683659e+03 
1.855000e-01 1.665221e+03 
1.867000e-01 1.648082e+03 
1.879200e-01 1.630942e+03 
1.890900e-01 1.614782e+03 
1.902800e-01 1.598677e+03 
1.915200e-01 1.582165e+03 
1.926900e-01 1.566893e+03 
1.939000e-01 1.551540e+03 
1.951700e-01 1.535684e+03 
1.963100e-01 1.521748e+03 
1.975100e-01 1.507503e+03 
1.987800e-01 1.492662e+03 
2.000100e-01 1.478611e+03 
2.012500e-01 1.464891e+03 
2.023400e-01 1.453004e+03 
2.036100e-01 1.439403e+03 
2.048900e-01 1.426099e+03 
2.060400e-01 1.414321e+03 
2.072200e-01 1.402417e+03 
2.084200e-01 1.390631e+03 
2.096900e-01 1.378339e+03 
2.109200e-01 1.366610e+03 
2.121100e-01 1.355461e+03 
2.132700e-01 1.344743e+03 
2.145200e-01 1.333354e+03 
2.157200e-01 1.322566e+03 
2.168800e-01 1.312273e+03 
2.180700e-01 1.301855e+03 
2.193400e-01 1.290858e+03 
2.206000e-01 1.280043e+03 
2.217500e-01 1.270304e+03 
2.229500e-01 1.260276e+03 
2.241400e-01 1.250364e+03 
2.253500e-01 1.240417e+03 
2.264900e-01 1.231167e+03 
2.277100e-01 1.221338e+03 
2.289900e-01 1.211104e+03 
2.301500e-01 1.201952e+03 
2.313600e-01 1.192527e+03 
2.325600e-01 1.183204e+03 
2.337700e-01 1.173925e+03 
2.350000e-01 1.164615e+03 
2.362000e-01 1.155623e+03 
2.374100e-01 1.146640e+03 
2.386500e-01 1.137554e+03 
2.399100e-01 1.128441e+03 
2.410400e-01 1.120340e+03 
2.422500e-01 1.111767e+03 
2.435000e-01 1.103022e+03 
2.447300e-01 1.094531e+03 
2.458700e-01 1.086771e+03 
2.470600e-01 1.078766e+03 
2.483300e-01 1.070329e+03 
2.495600e-01 1.062276e+03 
2.507600e-01 1.054537e+03 
2.519600e-01 1.046889e+03 
2.532200e-01 1.038958e+03 
2.543700e-01 1.031848e+03 
2.555500e-01 1.024666e+03 
2.568000e-01 1.017147e+03 
2.580100e-01 1.009956e+03 
2.592400e-01 1.002790e+03 
2.604100e-01 9.960775e+02 
2.616100e-01 9.892705e+02 
2.628400e-01 9.823736e+02 
2.640600e-01 9.756674e+02 
2.652200e-01 9.693841e+02 
2.664300e-01 9.629024e+02 
2.676500e-01 9.564411e+02 
2.688400e-01 9.502546e+02 
2.700700e-01 9.439598e+02 
2.712400e-01 9.380379e+02 
2.724800e-01 9.318306e+02 
2.736700e-01 9.259667e+02 
2.748800e-01 9.200970e+02 
2.761000e-01 9.142433e+02 
2.773200e-01 9.084536e+02 
2.785400e-01 9.027398e+02 
2.797000e-01 8.973918e+02 
2.808900e-01 8.919624e+02 
2.821400e-01 8.863203e+02 
2.833900e-01 8.807406e+02 
2.845500e-01 8.756369e+02 
2.857800e-01 8.702811e+02 
2.870300e-01 8.648964e+02 
2.882100e-01 8.598663e+02 
2.893900e-01 8.548967e+02 
2.906300e-01 8.497334e+02 
2.918900e-01 8.445423e+02 
2.930500e-01 8.398121e+02 
2.942500e-01 8.349683e+02 
2.954200e-01 8.302958e+02 
2.966500e-01 8.254327e+02 
2.978900e-01 8.205804e+02 
2.990400e-01 8.161247e+02 
3.002700e-01 8.114063e+02 
3.015100e-01 8.066980e+02 
3.026800e-01 8.022992e+02 
3.038500e-01 7.979423e+02 
3.050300e-01 7.935901e+02 
3.062600e-01 7.890981e+02 
3.075000e-01 7.846146e+02 
3.087000e-01 7.803180e+02 
3.099100e-01 7.760273e+02 
3.111200e-01 7.717795e+02 
3.123100e-01 7.676444e+02 
3.135300e-01 7.634453e+02 
3.147300e-01 7.593543e+02 
3.159900e-01 7.551001e+02 
3.171800e-01 7.511237e+02 
3.183700e-01 7.471861e+02 
3.196300e-01 7.430564e+02 
3.208400e-01 7.391282e+02 
3.220300e-01 7.353005e+02 
3.232000e-01 7.315754e+02 
3.244300e-01 7.276968e+02 
3.256700e-01 7.238232e+02 
3.269200e-01 7.199550e+02 
3.280800e-01 7.163980e+02 
3.292500e-01 7.128504e+02 
3.304800e-01 7.091571e+02 
3.317100e-01 7.054976e+02 
3.328900e-01 7.020182e+02 
3.340700e-01 6.985691e+02 
3.353600e-01 6.948418e+02 
3.365300e-01 6.914950e+02 
3.377100e-01 6.881487e+02 
3.389200e-01 6.847471e+02 
3.401600e-01 6.812921e+02 
3.413700e-01 6.779618e+02 
3.425300e-01 6.748042e+02 
3.437700e-01 6.714578e+02 
3.449800e-01 6.682210e+02 
3.461800e-01 6.650385e+02 
3.473600e-01 6.619399e+02 
3.485800e-01 6.587744e+02 
3.498100e-01 6.556105e+02 
3.510200e-01 6.525247e+02 
3.522000e-01 6.495405e+02 
3.533900e-01 6.465559e+02 
3.546400e-01 6.434639e+02 
3.558400e-01 6.405217e+02 
3.570600e-01 6.375554e+02 
3.582700e-01 6.346380e+02 
3.595000e-01 6.316971e+02 
3.607100e-01 6.288370e+02 
3.618900e-01 6.260775e+02 
3.631200e-01 6.232245e+02 
3.643200e-01 6.204640e+02 
3.655500e-01 6.176575e+02 
3.667300e-01 6.149869e+02 
3.679500e-01 6.122657e+02 
3.691900e-01 6.095224e+02 
3.703600e-01 6.069548e+02 
3.715700e-01 6.043202e+02 
3.727700e-01 6.017281e+02 
3.739900e-01 5.991200e+02 
3.752000e-01 5.965649e+02 
3.763900e-01 5.940718e+02 
3.775800e-01 5.915979e+02 
3.788200e-01 5.890404e+02 
3.800300e-01 5.865645e+02 
3.812100e-01 5.841753e+02 
3.824200e-01 5.817488e+02 
3.836100e-01 5.793808e+02 
3.848600e-01 5.769126e+02 
3.860400e-01 5.746007e+02 
3.872400e-01 5.722673e+02 
3.884600e-01 5.699226e+02 
3.896500e-01 5.676563e+02 
3.908700e-01 5.653504e+02 
3.920600e-01 5.631183e+02 
3.933100e-01 5.607914e+02 
3.945300e-01 5.585377e+02 
3.957200e-01 5.563660e+02 
3.969300e-01 5.541770e+02 
3.981700e-01 5.519507e+02 
3.993500e-01 5.498478e+02 
4.094840e-01 5.323959e+02 
4.272360e-01 5.044414e+02 
4.454600e-01 4.785833e+02 
4.630560e-01 4.559311e+02 
4.804610e-01 4.354503e+02 
4.980690e-01 4.164320e+02 
5.159230e-01 3.986958e+02 
5.317440e-01 3.841468e+02 
5.489640e-01 3.694497e+02 
5.671990e-01 3.550759e+02 
5.838690e-01 3.428951e+02 
6.018840e-01 3.306686e+02 
6.202330e-01 3.191361e+02 
6.379250e-01 3.088027e+02 
6.545410e-01 2.997669e+02 
6.714560e-01 2.911329e+02 
6.892080e-01 2.826633e+02 
7.066010e-01 2.748847e+02 
7.240540e-01 2.675527e+02 
7.420450e-01 2.604447e+02 
7.593780e-01 2.539851e+02 
7.764720e-01 2.479520e+02 
7.942840e-01 2.419996e+02 
8.116170e-01 2.364984e+02 
8.288310e-01 2.312967e+02 
8.462240e-01 2.262783e+02 
8.631980e-01 2.215911e+02 
8.810700e-01 2.168696e+02 
8.989410e-01 2.123484e+02 
9.166330e-01 2.080497e+02 
9.345640e-01 2.038637e+02 
9.515980e-01 2.000274e+02 
9.688720e-01 1.962709e+02 
9.865640e-01 1.925492e+02 
1.031870e+00 1.835727e+02 
1.063490e+00 1.777141e+02 
1.097920e+00 1.716803e+02 
1.134370e+00 1.656370e+02 
1.167730e+00 1.603949e+02 
1.203830e+00 1.549865e+02 
1.240470e+00 1.497819e+02 
1.275790e+00 1.449872e+02 
1.309140e+00 1.406821e+02 
1.342970e+00 1.364754e+02 
1.378420e+00 1.322710e+02 
1.413200e+00 1.283130e+02 
1.448110e+00 1.245044e+02 
1.484090e+00 1.207489e+02 
1.518820e+00 1.172703e+02 
1.552880e+00 1.139853e+02 
1.588630e+00 1.106755e+02 
1.623230e+00 1.075990e+02 
1.657720e+00 1.046496e+02 
1.692450e+00 1.017949e+02 
1.726400e+00 9.909846e+01 
1.762200e+00 9.635915e+01 
1.797880e+00 9.373587e+01 
1.833270e+00 9.122752e+01 
1.869070e+00 8.878264e+01 
1.903200e+00 8.653768e+01 
1.937740e+00 8.434411e+01 
1.973190e+00 8.216846e+01 
2.007440e+00 8.014089e+01 
2.042160e+00 7.815592e+01 
2.077900e+00 7.617950e+01 
2.112390e+00 7.434039e+01 
2.146220e+00 7.258985e+01 
2.181600e+00 7.081984e+01 
2.216930e+00 6.911194e+01 
2.250760e+00 6.752888e+01 
2.286500e+00 6.590963e+01 
2.321770e+00 6.436377e+01 
2.355950e+00 6.291276e+01 
2.391280e+00 6.145738e+01 
2.426240e+00 6.006292e+01 
2.460670e+00 5.873263e+01 
2.495640e+00 5.742325e+01 
2.531080e+00 5.613269e+01 
2.566220e+00 5.489276e+01 
2.600830e+00 5.370892e+01 
2.635080e+00 5.257248e+01 
2.670340e+00 5.143511e+01 
2.705970e+00 5.031983e+01 
2.740040e+00 4.928421e+01 
2.774520e+00 4.826334e+01 
2.809730e+00 4.725128e+01 
2.844390e+00 4.628430e+01 
2.879960e+00 4.531941e+01 
2.914860e+00 4.439848e+01 
2.949410e+00 4.351250e+01 
2.984440e+00 4.263823e+01 
3.019760e+00 4.178077e+01 
3.054730e+00 4.095551e+01 
3.089030e+00 4.016636e+01 
3.124060e+00 3.938211e+01 
3.159560e+00 3.860815e+01 
3.194710e+00 3.786227e+01 
3.229010e+00 3.715420e+01 
3.263320e+00 3.646330e+01 
3.297930e+00 3.578436e+01 
3.332830e+00 3.511633e+01 
3.368040e+00 3.445977e+01 
3.403300e+00 3.381942e+01 
3.438450e+00 3.319710e+01 
3.473060e+00 3.260026e+01 
3.508440e+00 3.200440e+01 
3.543110e+00 3.143552e+01 
3.577470e+00 3.088504e+01 
3.613040e+00 3.032932e+01 
3.648120e+00 2.979406e+01 
3.682910e+00 2.927633e+01 
3.718050e+00 2.876595e+01 
3.753320e+00 2.826624e+01 
3.787980e+00 2.778692e+01 
3.822290e+00 2.732353e+01 
3.857020e+00 2.686518e+01 
3.891920e+00 2.641531e+01 
3.926650e+00 2.597777e+01 
3.961970e+00 2.554328e+01 
3.997360e+00 2.511815e+01 
4.031670e+00 2.471545e+01 
4.066330e+00 2.431753e+01 
4.101420e+00 2.392385e+01 
4.136200e+00 2.354231e+01 
4.170810e+00 2.317112e+01 
4.206250e+00 2.279924e+01 
4.241580e+00 2.243677e+01 
4.276300e+00 2.208851e+01 
4.310970e+00 2.174833e+01 
4.346120e+00 2.141102e+01 
4.380600e+00 2.108741e+01 
4.414730e+00 2.077380e+01 
4.450350e+00 2.045358e+01 
4.485320e+00 2.014589e+01 
4.519810e+00 1.984884e+01 
4.555430e+00 1.954851e+01 
4.590870e+00 1.925610e+01 
4.625480e+00 1.897667e+01 
4.659910e+00 1.870427e+01 
4.695230e+00 1.843067e+01 
4.729960e+00 1.816708e+01 
4.764450e+00 1.791061e+01 
4.799530e+00 1.765511e+01 
4.834910e+00 1.740254e+01 
4.869700e+00 1.715942e+01 
4.904370e+00 1.692187e+01 
4.939450e+00 1.668627e+01 
4.973940e+00 1.645942e+01 
5.008430e+00 1.623682e+01 
5.043810e+00 1.601300e+01 
5.078840e+00 1.579571e+01 
5.113500e+00 1.558471e+01 
5.148890e+00 1.537382e+01 
5.184210e+00 1.516728e+01 
5.219060e+00 1.496736e+01 
5.253660e+00 1.477278e+01 
5.288570e+00 1.457999e+01 
5.323420e+00 1.439123e+01 
5.358440e+00 1.420519e+01 
5.393590e+00 1.402178e+01 
5.428310e+00 1.384417e+01 
5.462800e+00 1.367098e+01 
5.497640e+00 1.349905e+01 
5.532670e+00 1.332952e+01 
5.567280e+00 1.316501e+01 
5.602000e+00 1.300276e+01 
5.637270e+00 1.284119e+01 
5.672410e+00 1.268305e+01 
5.707020e+00 1.252991e+01 
5.742040e+00 1.237791e+01 
5.777430e+00 1.222696e+01 
5.812210e+00 1.208106e+01 
5.846820e+00 1.193860e+01 
5.881610e+00 1.179781e+01 
5.916510e+00 1.165885e+01 
5.951600e+00 1.152173e+01 
5.986560e+00 1.138747e+01 
6.021830e+00 1.125419e+01 
6.056490e+00 1.112555e+01 
6.091160e+00 1.099911e+01 
6.125830e+00 1.087464e+01 
6.161090e+00 1.075016e+01 
6.195760e+00 1.062997e+01 
6.230420e+00 1.051165e+01 
6.265690e+00 1.039311e+01 
6.300950e+00 1.027683e+01 
6.335620e+00 1.016424e+01 
6.370880e+00 1.005145e+01 
6.405550e+00 9.942528e+00 
6.440220e+00 9.835336e+00 
6.475480e+00 9.727940e+00 
6.510150e+00 9.624006e+00 
6.544810e+00 9.521854e+00 
6.580080e+00 9.419424e+00 
6.614750e+00 9.320202e+00 
6.649410e+00 9.222827e+00 
6.684080e+00 9.126892e+00 
6.719340e+00 9.030721e+00 
6.754010e+00 8.937597e+00 
6.788680e+00 8.845995e+00 
6.823940e+00 8.754147e+00 
6.859800e+00 8.662070e+00 
6.894470e+00 8.574566e+00 
6.929140e+00 8.488363e+00 
6.963800e+00 8.403366e+00 
6.999070e+00 8.318082e+00 
7.033730e+00 8.235677e+00 
7.068400e+00 8.154362e+00 
7.103660e+00 8.072785e+00 
7.138330e+00 7.993772e+00 
7.173600e+00 7.914709e+00 
7.208260e+00 7.838052e+00 
7.243530e+00 7.761085e+00 
7.277600e+00 7.687877e+00 
7.312860e+00 7.613254e+00 
7.348120e+00 7.539619e+00 
7.382790e+00 7.468161e+00 
7.417460e+00 7.397789e+00 
7.452720e+00 7.327232e+00 
7.487390e+00 7.258749e+00 
7.522650e+00 7.189994e+00 
7.557320e+00 7.123425e+00 
7.591990e+00 7.057758e+00 
7.627250e+00 6.991819e+00 
7.662510e+00 6.926718e+00 
7.697180e+00 6.863697e+00 
7.731850e+00 6.801529e+00 
7.766510e+00 6.740145e+00 
7.801180e+00 6.679497e+00 
7.836440e+00 6.618745e+00 
7.871110e+00 6.559846e+00 
7.906380e+00 6.500660e+00 
7.941040e+00 6.443204e+00 
7.976310e+00 6.385524e+00 
8.011570e+00 6.328653e+00 
8.046240e+00 6.273406e+00 
8.080900e+00 6.218830e+00 
8.115570e+00 6.164927e+00 
8.150830e+00 6.110921e+00 
8.185500e+00 6.058445e+00 
8.220770e+00 6.005690e+00 
8.255430e+00 5.954455e+00 
8.290100e+00 5.903962e+00 
8.324770e+00 5.854070e+00 
8.359430e+00 5.804766e+00 
8.394700e+00 5.755172e+00 
8.429960e+00 5.706265e+00 
8.464630e+00 5.658826e+00 
8.499890e+00 5.611129e+00 
8.534560e+00 5.564763e+00 
8.569200e+00 5.518956e+00 
