# Parameters:
# omega_b = 0.021531, omega_m = 0.133780, n_s = 0.897244, h = 79.330709, w = -1.000000, sigma_8 = 0.746378
# z = 1.000000
#
# k[1/Mpc] # P(k):
8.694000e-04 7.223985e+03 
2.077466e-03 1.441913e+04 
3.285532e-03 1.968260e+04 
4.493598e-03 2.350205e+04 
5.701664e-03 2.617108e+04 
6.909730e-03 2.792067e+04 
8.117797e-03 2.897938e+04 
9.325863e-03 2.946479e+04 
1.053393e-02 2.948802e+04 
1.174199e-02 2.914711e+04 
1.295006e-02 2.850477e+04 
1.415813e-02 2.764129e+04 
1.536619e-02 2.662150e+04 
1.657426e-02 2.548372e+04 
1.778233e-02 2.422635e+04 
1.899039e-02 2.287602e+04 
2.019846e-02 2.153749e+04 
2.140652e-02 2.028988e+04 
2.261459e-02 1.912672e+04 
2.382266e-02 1.804593e+04 
2.503072e-02 1.705304e+04 
2.623879e-02 1.614909e+04 
2.744685e-02 1.533460e+04 
2.865492e-02 1.460635e+04 
2.986299e-02 1.395882e+04 
3.100100e-02 1.341954e+04 
3.220400e-02 1.291682e+04 
3.288100e-02 1.266333e+04 
3.424300e-02 1.220790e+04 
3.555100e-02 1.182803e+04 
3.686000e-02 1.149628e+04 
3.795000e-02 1.124890e+04 
3.929100e-02 1.097418e+04 
4.039800e-02 1.076343e+04 
4.164000e-02 1.053775e+04 
4.294400e-02 1.030284e+04 
4.415000e-02 1.008601e+04 
4.542900e-02 9.844881e+03 
4.660900e-02 9.616384e+03 
4.782300e-02 9.361563e+03 
4.892900e-02 9.120978e+03 
5.031200e-02 8.804447e+03 
5.155900e-02 8.504476e+03 
5.238100e-02 8.301824e+03 
5.378200e-02 7.950824e+03 
5.513400e-02 7.608048e+03 
5.627600e-02 7.319820e+03 
5.735300e-02 7.053002e+03 
5.870100e-02 6.729512e+03 
5.988700e-02 6.458205e+03 
6.113500e-02 6.188097e+03 
6.225900e-02 5.960488e+03 
6.340100e-02 5.745892e+03 
6.480200e-02 5.504719e+03 
6.601100e-02 5.318364e+03 
6.725500e-02 5.146519e+03 
6.829100e-02 5.019918e+03 
6.958600e-02 4.877622e+03 
7.071100e-02 4.769474e+03 
7.192300e-02 4.666445e+03 
7.307400e-02 4.579968e+03 
7.412300e-02 4.509360e+03 
7.550400e-02 4.427194e+03 
7.663100e-02 4.366285e+03 
7.791200e-02 4.303133e+03 
7.912700e-02 4.246380e+03 
8.027600e-02 4.193812e+03 
8.138400e-02 4.143207e+03 
8.272200e-02 4.080881e+03 
8.406100e-02 4.016067e+03 
8.534100e-02 3.949687e+03 
8.653800e-02 3.883278e+03 
8.759800e-02 3.822018e+03 
8.900300e-02 3.736676e+03 
9.009000e-02 3.667044e+03 
9.113300e-02 3.597158e+03 
9.239600e-02 3.511021e+03 
9.358000e-02 3.428149e+03 
9.496100e-02 3.329185e+03 
9.608400e-02 3.248925e+03 
9.727500e-02 3.164680e+03 
9.852600e-02 3.076380e+03 
9.973800e-02 2.993477e+03 
1.009000e-01 2.916402e+03 
1.020900e-01 2.841143e+03 
1.034000e-01 2.762425e+03 
1.046000e-01 2.694179e+03 
1.057200e-01 2.635860e+03 
1.069100e-01 2.577174e+03 
1.082500e-01 2.517662e+03 
1.093900e-01 2.471698e+03 
1.105400e-01 2.428394e+03 
1.116900e-01 2.390680e+03 
1.129600e-01 2.351632e+03 
1.142000e-01 2.318251e+03 
1.153300e-01 2.289849e+03 
1.166400e-01 2.259708e+03 
1.177800e-01 2.235241e+03 
1.190000e-01 2.210210e+03 
1.201200e-01 2.187793e+03 
1.213400e-01 2.163957e+03 
1.227100e-01 2.136406e+03 
1.238900e-01 2.112737e+03 
1.250700e-01 2.087776e+03 
1.263200e-01 2.061029e+03 
1.275500e-01 2.033275e+03 
1.287500e-01 2.005659e+03 
1.299900e-01 1.975939e+03 
1.311300e-01 1.948156e+03 
1.323500e-01 1.917470e+03 
1.335900e-01 1.886120e+03 
1.347100e-01 1.857263e+03 
1.359800e-01 1.824759e+03 
1.372100e-01 1.792957e+03 
1.384300e-01 1.761936e+03 
1.395700e-01 1.733057e+03 
1.407700e-01 1.703341e+03 
1.420300e-01 1.672754e+03 
1.432800e-01 1.643143e+03 
1.444500e-01 1.616542e+03 
1.456300e-01 1.590308e+03 
1.468900e-01 1.563790e+03 
1.480500e-01 1.540171e+03 
1.491700e-01 1.518418e+03 
1.503800e-01 1.496143e+03 
1.516400e-01 1.473731e+03 
1.528200e-01 1.454420e+03 
1.540200e-01 1.435174e+03 
1.551900e-01 1.417923e+03 
1.564300e-01 1.400275e+03 
1.576600e-01 1.383613e+03 
1.588700e-01 1.368135e+03 
1.600900e-01 1.352856e+03 
1.612700e-01 1.338954e+03 
1.625400e-01 1.324271e+03 
1.637600e-01 1.310478e+03 
1.649500e-01 1.297295e+03 
1.662200e-01 1.283421e+03 
1.674000e-01 1.270417e+03 
1.685000e-01 1.258497e+03 
1.697500e-01 1.244808e+03 
1.710300e-01 1.230673e+03 
1.722200e-01 1.217768e+03 
1.734400e-01 1.203874e+03 
1.746400e-01 1.190412e+03 
1.758700e-01 1.176597e+03 
1.770900e-01 1.162609e+03 
1.782700e-01 1.149316e+03 
1.794600e-01 1.135806e+03 
1.807000e-01 1.121752e+03 
1.819100e-01 1.108282e+03 
1.830100e-01 1.096048e+03 
1.842200e-01 1.082782e+03 
1.855000e-01 1.069000e+03 
1.867000e-01 1.056360e+03 
1.879200e-01 1.043729e+03 
1.890900e-01 1.031864e+03 
1.902800e-01 1.020236e+03 
1.915200e-01 1.008322e+03 
1.926900e-01 9.973612e+02 
1.939000e-01 9.865222e+02 
1.951700e-01 9.753336e+02 
1.963100e-01 9.655550e+02 
1.975100e-01 9.556983e+02 
1.987800e-01 9.454333e+02 
2.000100e-01 9.357522e+02 
2.012500e-01 9.263801e+02 
2.023400e-01 9.182626e+02 
2.036100e-01 9.089852e+02 
2.048900e-01 8.999420e+02 
2.060400e-01 8.919385e+02 
2.072200e-01 8.838493e+02 
2.084200e-01 8.758167e+02 
2.096900e-01 8.674420e+02 
2.109200e-01 8.594525e+02 
2.121100e-01 8.518054e+02 
2.132700e-01 8.444533e+02 
2.145200e-01 8.366435e+02 
2.157200e-01 8.292082e+02 
2.168800e-01 8.220989e+02 
2.180700e-01 8.149054e+02 
2.193400e-01 8.073090e+02 
2.206000e-01 7.998293e+02 
2.217500e-01 7.930970e+02 
2.229500e-01 7.861662e+02 
2.241400e-01 7.793406e+02 
2.253500e-01 7.724933e+02 
2.264900e-01 7.661275e+02 
2.277100e-01 7.594066e+02 
2.289900e-01 7.524549e+02 
2.301500e-01 7.462402e+02 
2.313600e-01 7.398427e+02 
2.325600e-01 7.336315e+02 
2.337700e-01 7.274508e+02 
2.350000e-01 7.212509e+02 
2.362000e-01 7.153233e+02 
2.374100e-01 7.094729e+02 
2.386500e-01 7.035554e+02 
2.399100e-01 6.976220e+02 
2.410400e-01 6.924458e+02 
2.422500e-01 6.869806e+02 
2.435000e-01 6.814068e+02 
2.447300e-01 6.760107e+02 
2.458700e-01 6.711428e+02 
2.470600e-01 6.661218e+02 
2.483300e-01 6.608301e+02 
2.495600e-01 6.557943e+02 
2.507600e-01 6.509751e+02 
2.519600e-01 6.462134e+02 
2.532200e-01 6.412747e+02 
2.543700e-01 6.368399e+02 
2.555500e-01 6.323545e+02 
2.568000e-01 6.276594e+02 
2.580100e-01 6.231688e+02 
2.592400e-01 6.186600e+02 
2.604100e-01 6.144217e+02 
2.616100e-01 6.101241e+02 
2.628400e-01 6.057700e+02 
2.640600e-01 6.014849e+02 
2.652200e-01 5.974498e+02 
2.664300e-01 5.932878e+02 
2.676500e-01 5.891391e+02 
2.688400e-01 5.851199e+02 
2.700700e-01 5.810009e+02 
2.712400e-01 5.771265e+02 
2.724800e-01 5.730659e+02 
2.736700e-01 5.691961e+02 
2.748800e-01 5.652878e+02 
2.761000e-01 5.613908e+02 
2.773200e-01 5.575371e+02 
2.785400e-01 5.537165e+02 
2.797000e-01 5.501031e+02 
2.808900e-01 5.464355e+02 
2.821400e-01 5.426249e+02 
2.833900e-01 5.388557e+02 
2.845500e-01 5.353700e+02 
2.857800e-01 5.317129e+02 
2.870300e-01 5.280371e+02 
2.882100e-01 5.246041e+02 
2.893900e-01 5.211952e+02 
2.906300e-01 5.176447e+02 
2.918900e-01 5.140760e+02 
2.930500e-01 5.108250e+02 
2.942500e-01 5.074933e+02 
2.954200e-01 5.042691e+02 
2.966500e-01 5.009144e+02 
2.978900e-01 4.975680e+02 
2.990400e-01 4.944960e+02 
3.002700e-01 4.912385e+02 
3.015100e-01 4.879864e+02 
3.026800e-01 4.849488e+02 
3.038500e-01 4.819410e+02 
3.050300e-01 4.789372e+02 
3.062600e-01 4.758365e+02 
3.075000e-01 4.727425e+02 
3.087000e-01 4.697784e+02 
3.099100e-01 4.668191e+02 
3.111200e-01 4.638913e+02 
3.123100e-01 4.610437e+02 
3.135300e-01 4.581528e+02 
3.147300e-01 4.553371e+02 
3.159900e-01 4.524099e+02 
3.171800e-01 4.496778e+02 
3.183700e-01 4.469753e+02 
3.196300e-01 4.441417e+02 
3.208400e-01 4.414471e+02 
3.220300e-01 4.388221e+02 
3.232000e-01 4.362730e+02 
3.244300e-01 4.336213e+02 
3.256700e-01 4.309738e+02 
3.269200e-01 4.283307e+02 
3.280800e-01 4.259007e+02 
3.292500e-01 4.234825e+02 
3.304800e-01 4.209669e+02 
3.317100e-01 4.184749e+02 
3.328900e-01 4.161062e+02 
3.340700e-01 4.137587e+02 
3.353600e-01 4.112281e+02 
3.365300e-01 4.089586e+02 
3.377100e-01 4.066898e+02 
3.389200e-01 4.043841e+02 
3.401600e-01 4.020427e+02 
3.413700e-01 3.997901e+02 
3.425300e-01 3.976572e+02 
3.437700e-01 3.953974e+02 
3.449800e-01 3.932120e+02 
3.461800e-01 3.910637e+02 
3.473600e-01 3.889742e+02 
3.485800e-01 3.868440e+02 
3.498100e-01 3.847153e+02 
3.510200e-01 3.826396e+02 
3.522000e-01 3.806327e+02 
3.533900e-01 3.786259e+02 
3.546400e-01 3.765520e+02 
3.558400e-01 3.745793e+02 
3.570600e-01 3.725908e+02 
3.582700e-01 3.706355e+02 
3.595000e-01 3.686648e+02 
3.607100e-01 3.667509e+02 
3.618900e-01 3.649064e+02 
3.631200e-01 3.629999e+02 
3.643200e-01 3.611554e+02 
3.655500e-01 3.592806e+02 
3.667300e-01 3.574969e+02 
3.679500e-01 3.556829e+02 
3.691900e-01 3.538545e+02 
3.703600e-01 3.521435e+02 
3.715700e-01 3.503882e+02 
3.727700e-01 3.486615e+02 
3.739900e-01 3.469252e+02 
3.752000e-01 3.452261e+02 
3.763900e-01 3.435684e+02 
3.775800e-01 3.419239e+02 
3.788200e-01 3.402239e+02 
3.800300e-01 3.385785e+02 
3.812100e-01 3.369924e+02 
3.824200e-01 3.353826e+02 
3.836100e-01 3.338118e+02 
3.848600e-01 3.321749e+02 
3.860400e-01 3.306418e+02 
3.872400e-01 3.290947e+02 
3.884600e-01 3.275419e+02 
3.896500e-01 3.260420e+02 
3.908700e-01 3.245160e+02 
3.920600e-01 3.230390e+02 
3.933100e-01 3.214996e+02 
3.945300e-01 3.200089e+02 
3.957200e-01 3.185733e+02 
3.969300e-01 3.171268e+02 
3.981700e-01 3.156559e+02 
3.993500e-01 3.142666e+02 
4.094840e-01 3.027613e+02 
4.272360e-01 2.844055e+02 
4.454600e-01 2.675308e+02 
4.630560e-01 2.528463e+02 
4.804610e-01 2.396599e+02 
4.980690e-01 2.274954e+02 
5.159230e-01 2.162234e+02 
5.317440e-01 2.070271e+02 
5.489640e-01 1.977856e+02 
5.671990e-01 1.887872e+02 
5.838690e-01 1.811913e+02 
6.018840e-01 1.736019e+02 
6.202330e-01 1.664737e+02 
6.379250e-01 1.601021e+02 
6.545410e-01 1.545550e+02 
6.714560e-01 1.492775e+02 
6.892080e-01 1.441131e+02 
7.066010e-01 1.393982e+02 
7.240540e-01 1.349664e+02 
7.420450e-01 1.307003e+02 
7.593780e-01 1.268459e+02 
7.764720e-01 1.232656e+02 
7.942840e-01 1.197520e+02 
8.116170e-01 1.165318e+02 
8.288310e-01 1.135108e+02 
8.462240e-01 1.106178e+02 
8.631980e-01 1.079390e+02 
8.810700e-01 1.052593e+02 
8.989410e-01 1.027150e+02 
9.166330e-01 1.003165e+02 
9.345640e-01 9.800025e+01 
9.515980e-01 9.589882e+01 
9.688720e-01 9.385875e+01 
9.865640e-01 9.185747e+01 
1.031870e+00 8.709479e+01 
1.063490e+00 8.404519e+01 
1.097920e+00 8.095021e+01 
1.134370e+00 7.789550e+01 
1.167730e+00 7.528386e+01 
1.203830e+00 7.262637e+01 
1.240470e+00 7.009711e+01 
1.275790e+00 6.779880e+01 
1.309140e+00 6.574909e+01 
1.342970e+00 6.376964e+01 
1.378420e+00 6.180521e+01 
1.413200e+00 5.997102e+01 
1.448110e+00 5.821761e+01 
1.484090e+00 5.649926e+01 
1.518820e+00 5.491608e+01 
1.552880e+00 5.342864e+01 
1.588630e+00 5.193526e+01 
1.623230e+00 5.055346e+01 
1.657720e+00 4.923242e+01 
1.692450e+00 4.795637e+01 
1.726400e+00 4.675541e+01 
1.762200e+00 4.553871e+01 
1.797880e+00 4.437381e+01 
1.833270e+00 4.326311e+01 
1.869070e+00 4.218199e+01 
1.903200e+00 4.118858e+01 
1.937740e+00 4.021908e+01 
1.973190e+00 3.925883e+01 
2.007440e+00 3.836361e+01 
2.042160e+00 3.748642e+01 
2.077900e+00 3.661394e+01 
2.112390e+00 3.580090e+01 
2.146220e+00 3.502795e+01 
2.181600e+00 3.424496e+01 
2.216930e+00 3.348901e+01 
2.250760e+00 3.278794e+01 
2.286500e+00 3.207040e+01 
2.321770e+00 3.138475e+01 
2.355950e+00 3.073992e+01 
2.391280e+00 3.009254e+01 
2.426240e+00 2.947101e+01 
2.460670e+00 2.887731e+01 
2.495640e+00 2.829252e+01 
2.531080e+00 2.771537e+01 
2.566220e+00 2.715975e+01 
2.600830e+00 2.662821e+01 
2.635080e+00 2.611693e+01 
2.670340e+00 2.560394e+01 
2.705970e+00 2.510031e+01 
2.740040e+00 2.463214e+01 
2.774520e+00 2.417009e+01 
2.809730e+00 2.371050e+01 
2.844390e+00 2.327040e+01 
2.879960e+00 2.283026e+01 
2.914860e+00 2.240957e+01 
2.949410e+00 2.200415e+01 
2.984440e+00 2.160266e+01 
3.019760e+00 2.120843e+01 
3.054730e+00 2.082854e+01 
3.089030e+00 2.046370e+01 
3.124060e+00 2.010073e+01 
3.159560e+00 1.974206e+01 
3.194710e+00 1.939521e+01 
3.229010e+00 1.906532e+01 
3.263320e+00 1.874209e+01 
3.297930e+00 1.842417e+01 
3.332830e+00 1.811101e+01 
3.368040e+00 1.780229e+01 
3.403300e+00 1.750043e+01 
3.438450e+00 1.720605e+01 
3.473060e+00 1.692332e+01 
3.508440e+00 1.664028e+01 
3.543110e+00 1.636970e+01 
3.577470e+00 1.610684e+01 
3.613040e+00 1.584115e+01 
3.648120e+00 1.558469e+01 
3.682910e+00 1.533615e+01 
3.718050e+00 1.509039e+01 
3.753320e+00 1.484928e+01 
3.787980e+00 1.461739e+01 
3.822290e+00 1.439273e+01 
3.857020e+00 1.416987e+01 
3.891920e+00 1.395074e+01 
3.926650e+00 1.373704e+01 
3.961970e+00 1.352446e+01 
3.997360e+00 1.331581e+01 
4.031670e+00 1.311792e+01 
4.066330e+00 1.292178e+01 
4.101420e+00 1.272758e+01 
4.136200e+00 1.253866e+01 
4.170810e+00 1.235475e+01 
4.206250e+00 1.216994e+01 
4.241580e+00 1.198961e+01 
4.276300e+00 1.181582e+01 
4.310970e+00 1.164574e+01 
4.346120e+00 1.147678e+01 
4.380600e+00 1.131426e+01 
4.414730e+00 1.115666e+01 
4.450350e+00 1.099507e+01 
4.485320e+00 1.083973e+01 
4.519810e+00 1.068934e+01 
4.555430e+00 1.053704e+01 
4.590870e+00 1.038853e+01 
4.625480e+00 1.024622e+01 
4.659910e+00 1.010742e+01 
4.695230e+00 9.967532e+00 
4.729960e+00 9.832636e+00 
4.764450e+00 9.701154e+00 
4.799530e+00 9.569828e+00 
4.834910e+00 9.439946e+00 
4.869700e+00 9.314538e+00 
4.904370e+00 9.191897e+00 
4.939450e+00 9.070103e+00 
4.973940e+00 8.952496e+00 
5.008430e+00 8.837051e+00 
5.043810e+00 8.720686e+00 
5.078840e+00 8.607531e+00 
5.113500e+00 8.497614e+00 
5.148890e+00 8.387389e+00 
5.184210e+00 8.279391e+00 
5.219060e+00 8.174728e+00 
5.253660e+00 8.072590e+00 
5.288570e+00 7.971355e+00 
5.323420e+00 7.872068e+00 
5.358440e+00 7.774040e+00 
5.393590e+00 7.677369e+00 
5.428310e+00 7.583537e+00 
5.462800e+00 7.491917e+00 
5.497640e+00 7.400942e+00 
5.532670e+00 7.311017e+00 
5.567280e+00 7.223666e+00 
5.602000e+00 7.137502e+00 
5.637270e+00 7.051494e+00 
5.672410e+00 6.967252e+00 
5.707020e+00 6.885652e+00 
5.742040e+00 6.804457e+00 
5.777430e+00 6.723761e+00 
5.812210e+00 6.645752e+00 
5.846820e+00 6.569422e+00 
5.881610e+00 6.493935e+00 
5.916510e+00 6.419419e+00 
5.951600e+00 6.345750e+00 
5.986560e+00 6.273545e+00 
6.021830e+00 6.201854e+00 
6.056490e+00 6.132566e+00 
6.091160e+00 6.064380e+00 
6.125830e+00 5.997243e+00 
6.161090e+00 5.930052e+00 
6.195760e+00 5.865075e+00 
6.230420e+00 5.801101e+00 
6.265690e+00 5.736995e+00 
6.300950e+00 5.673974e+00 
6.335620e+00 5.612941e+00 
6.370880e+00 5.551797e+00 
6.405550e+00 5.492668e+00 
6.440220e+00 5.434446e+00 
6.475480e+00 5.376107e+00 
6.510150e+00 5.319610e+00 
6.544810e+00 5.264005e+00 
6.580080e+00 5.208243e+00 
6.614750e+00 5.154221e+00 
6.649410e+00 5.101140e+00 
6.684080e+00 5.048827e+00 
6.719340e+00 4.996380e+00 
6.754010e+00 4.945572e+00 
6.788680e+00 4.895546e+00 
6.823940e+00 4.845381e+00 
6.859800e+00 4.795087e+00 
6.894470e+00 4.747248e+00 
6.929140e+00 4.700103e+00 
6.963800e+00 4.653614e+00 
6.999070e+00 4.606961e+00 
7.033730e+00 4.561827e+00 
7.068400e+00 4.517288e+00 
7.103660e+00 4.472602e+00 
7.138330e+00 4.429309e+00 
7.173600e+00 4.385970e+00 
7.208260e+00 4.343947e+00 
7.243530e+00 4.301751e+00 
7.277600e+00 4.261599e+00 
7.312860e+00 4.220656e+00 
7.348120e+00 4.180251e+00 
7.382790e+00 4.141040e+00 
7.417460e+00 4.102411e+00 
7.452720e+00 4.063672e+00 
7.487390e+00 4.026069e+00 
7.522650e+00 3.988316e+00 
7.557320e+00 3.951755e+00 
7.591990e+00 3.915687e+00 
7.627250e+00 3.879467e+00 
7.662510e+00 3.843705e+00 
7.697180e+00 3.809077e+00 
7.731850e+00 3.774912e+00 
7.766510e+00 3.741176e+00 
7.801180e+00 3.707843e+00 
7.836440e+00 3.674455e+00 
7.871110e+00 3.642086e+00 
7.906380e+00 3.609558e+00 
7.941040e+00 3.577979e+00 
7.976310e+00 3.546279e+00 
8.011570e+00 3.515029e+00 
8.046240e+00 3.484669e+00 
8.080900e+00 3.454676e+00 
8.115570e+00 3.425052e+00 
8.150830e+00 3.395378e+00 
8.185500e+00 3.366543e+00 
8.220770e+00 3.337552e+00 
8.255430e+00 3.309395e+00 
8.290100e+00 3.281659e+00 
8.324770e+00 3.254253e+00 
8.359430e+00 3.227167e+00 
8.394700e+00 3.199921e+00 
8.429960e+00 3.173061e+00 
8.464630e+00 3.147016e+00 
8.499890e+00 3.120828e+00 
8.534560e+00 3.095369e+00 
8.569200e+00 3.070215e+00 
