# Parameters:
# omega_b = 0.022665, omega_m = 0.142598, n_s = 0.987008, h = 81.456693, w = -1.000000, sigma_8 = 0.795748
# z = 1.000000
#
# k[1/Mpc] # P(k):
8.694000e-04 4.361718e+03 
2.077466e-03 9.498219e+03 
3.285532e-03 1.360630e+04 
4.493598e-03 1.683148e+04 
5.701664e-03 1.927326e+04 
6.909730e-03 2.104728e+04 
8.117797e-03 2.229391e+04 
9.325863e-03 2.308398e+04 
1.053393e-02 2.348895e+04 
1.174199e-02 2.357495e+04 
1.295006e-02 2.338626e+04 
1.415813e-02 2.298361e+04 
1.536619e-02 2.241664e+04 
1.657426e-02 2.171204e+04 
1.778233e-02 2.084618e+04 
1.899039e-02 1.983137e+04 
2.019846e-02 1.879979e+04 
2.140652e-02 1.784360e+04 
2.261459e-02 1.694699e+04 
2.382266e-02 1.610210e+04 
2.503072e-02 1.531536e+04 
2.623879e-02 1.459050e+04 
2.744685e-02 1.393020e+04 
2.865492e-02 1.333485e+04 
2.986299e-02 1.280203e+04 
3.100100e-02 1.235624e+04 
3.220400e-02 1.193982e+04 
3.288100e-02 1.172991e+04 
3.424300e-02 1.135382e+04 
3.555100e-02 1.104198e+04 
3.686000e-02 1.077235e+04 
3.795000e-02 1.057343e+04 
3.929100e-02 1.035586e+04 
4.039800e-02 1.019095e+04 
4.164000e-02 1.001557e+04 
4.294400e-02 9.833380e+03 
4.415000e-02 9.664399e+03 
4.542900e-02 9.473669e+03 
4.660900e-02 9.290300e+03 
4.782300e-02 9.080805e+03 
4.892900e-02 8.879570e+03 
5.031200e-02 8.609292e+03 
5.155900e-02 8.347583e+03 
5.238100e-02 8.168159e+03 
5.378200e-02 7.853030e+03 
5.513400e-02 7.540083e+03 
5.627600e-02 7.273441e+03 
5.735300e-02 7.024187e+03 
5.870100e-02 6.719142e+03 
5.988700e-02 6.461230e+03 
6.113500e-02 6.202729e+03 
6.225900e-02 5.983683e+03 
6.340100e-02 5.776323e+03 
6.480200e-02 5.542569e+03 
6.601100e-02 5.361523e+03 
6.725500e-02 5.194477e+03 
6.829100e-02 5.071544e+03 
6.958600e-02 4.933586e+03 
7.071100e-02 4.829139e+03 
7.192300e-02 4.730115e+03 
7.307400e-02 4.647530e+03 
7.412300e-02 4.580587e+03 
7.550400e-02 4.503514e+03 
7.663100e-02 4.446921e+03 
7.791200e-02 4.389053e+03 
7.912700e-02 4.337647e+03 
8.027600e-02 4.290374e+03 
8.138400e-02 4.245064e+03 
8.272200e-02 4.189391e+03 
8.406100e-02 4.131454e+03 
8.534100e-02 4.071887e+03 
8.653800e-02 4.011923e+03 
8.759800e-02 3.956312e+03 
8.900300e-02 3.878293e+03 
9.009000e-02 3.814092e+03 
9.113300e-02 3.749073e+03 
9.239600e-02 3.668364e+03 
9.358000e-02 3.589978e+03 
9.496100e-02 3.495213e+03 
9.608400e-02 3.417631e+03 
9.727500e-02 3.335601e+03 
9.852600e-02 3.248262e+03 
9.973800e-02 3.165614e+03 
1.009000e-01 3.088242e+03 
1.020900e-01 3.011571e+03 
1.034000e-01 2.930884e+03 
1.046000e-01 2.860436e+03 
1.057200e-01 2.799595e+03 
1.069100e-01 2.738168e+03 
1.082500e-01 2.675402e+03 
1.093900e-01 2.626752e+03 
1.105400e-01 2.580812e+03 
1.116900e-01 2.540760e+03 
1.129600e-01 2.499324e+03 
1.142000e-01 2.464093e+03 
1.153300e-01 2.434301e+03 
1.166400e-01 2.402980e+03 
1.177800e-01 2.377982e+03 
1.190000e-01 2.352619e+03 
1.201200e-01 2.330471e+03 
1.213400e-01 2.307028e+03 
1.227100e-01 2.280629e+03 
1.238900e-01 2.258049e+03 
1.250700e-01 2.234505e+03 
1.263200e-01 2.209299e+03 
1.275500e-01 2.183181e+03 
1.287500e-01 2.157107e+03 
1.299900e-01 2.128913e+03 
1.311300e-01 2.102364e+03 
1.323500e-01 2.072763e+03 
1.335900e-01 2.042248e+03 
1.347100e-01 2.013816e+03 
1.359800e-01 1.981537e+03 
1.372100e-01 1.949480e+03 
1.384300e-01 1.918000e+03 
1.395700e-01 1.888232e+03 
1.407700e-01 1.857531e+03 
1.420300e-01 1.825372e+03 
1.432800e-01 1.794227e+03 
1.444500e-01 1.765830e+03 
1.456300e-01 1.737820e+03 
1.468900e-01 1.709329e+03 
1.480500e-01 1.683897e+03 
1.491700e-01 1.660458e+03 
1.503800e-01 1.636436e+03 
1.516400e-01 1.612287e+03 
1.528200e-01 1.591585e+03 
1.540200e-01 1.570948e+03 
1.551900e-01 1.552649e+03 
1.564300e-01 1.533977e+03 
1.576600e-01 1.516480e+03 
1.588700e-01 1.500391e+03 
1.600900e-01 1.484520e+03 
1.612700e-01 1.470343e+03 
1.625400e-01 1.455367e+03 
1.637600e-01 1.441404e+03 
1.649500e-01 1.428118e+03 
1.662200e-01 1.414141e+03 
1.674000e-01 1.401083e+03 
1.685000e-01 1.389113e+03 
1.697500e-01 1.375318e+03 
1.710300e-01 1.361029e+03 
1.722200e-01 1.347979e+03 
1.734400e-01 1.333768e+03 
1.746400e-01 1.319986e+03 
1.758700e-01 1.305776e+03 
1.770900e-01 1.291258e+03 
1.782700e-01 1.277456e+03 
1.794600e-01 1.263322e+03 
1.807000e-01 1.248546e+03 
1.819100e-01 1.234379e+03 
1.830100e-01 1.221398e+03 
1.842200e-01 1.207298e+03 
1.855000e-01 1.192642e+03 
1.867000e-01 1.179108e+03 
1.879200e-01 1.165580e+03 
1.890900e-01 1.152863e+03 
1.902800e-01 1.140357e+03 
1.915200e-01 1.127540e+03 
1.926900e-01 1.115745e+03 
1.939000e-01 1.104072e+03 
1.951700e-01 1.092020e+03 
1.963100e-01 1.081490e+03 
1.975100e-01 1.070888e+03 
1.987800e-01 1.059845e+03 
2.000100e-01 1.049440e+03 
2.012500e-01 1.039395e+03 
2.023400e-01 1.030692e+03 
2.036100e-01 1.020754e+03 
2.048900e-01 1.011103e+03 
2.060400e-01 1.002561e+03 
2.072200e-01 9.939280e+02 
2.084200e-01 9.853940e+02 
2.096900e-01 9.764948e+02 
2.109200e-01 9.680033e+02 
2.121100e-01 9.599072e+02 
2.132700e-01 9.521237e+02 
2.145200e-01 9.438538e+02 
2.157200e-01 9.360001e+02 
2.168800e-01 9.284989e+02 
2.180700e-01 9.209071e+02 
2.193400e-01 9.128973e+02 
2.206000e-01 9.050254e+02 
2.217500e-01 8.979383e+02 
2.229500e-01 8.906405e+02 
2.241400e-01 8.834828e+02 
2.253500e-01 8.763012e+02 
2.264900e-01 8.696230e+02 
2.277100e-01 8.625876e+02 
2.289900e-01 8.553280e+02 
2.301500e-01 8.488361e+02 
2.313600e-01 8.421519e+02 
2.325600e-01 8.357011e+02 
2.337700e-01 8.292801e+02 
2.350000e-01 8.228374e+02 
2.362000e-01 8.166942e+02 
2.374100e-01 8.106512e+02 
2.386500e-01 8.045372e+02 
2.399100e-01 7.984050e+02 
2.410400e-01 7.930788e+02 
2.422500e-01 7.874571e+02 
2.435000e-01 7.817220e+02 
2.447300e-01 7.761709e+02 
2.458700e-01 7.711730e+02 
2.470600e-01 7.660166e+02 
2.483300e-01 7.605807e+02 
2.495600e-01 7.554025e+02 
2.507600e-01 7.504403e+02 
2.519600e-01 7.455363e+02 
2.532200e-01 7.404487e+02 
2.543700e-01 7.358629e+02 
2.555500e-01 7.312128e+02 
2.568000e-01 7.263443e+02 
2.580100e-01 7.216868e+02 
2.592400e-01 7.169788e+02 
2.604100e-01 7.125389e+02 
2.616100e-01 7.080359e+02 
2.628400e-01 7.034729e+02 
2.640600e-01 6.989465e+02 
2.652200e-01 6.946696e+02 
2.664300e-01 6.902574e+02 
2.676500e-01 6.858585e+02 
2.688400e-01 6.815686e+02 
2.700700e-01 6.771545e+02 
2.712400e-01 6.730017e+02 
2.724800e-01 6.686486e+02 
2.736700e-01 6.644815e+02 
2.748800e-01 6.602539e+02 
2.761000e-01 6.560378e+02 
2.773200e-01 6.518678e+02 
2.785400e-01 6.477251e+02 
2.797000e-01 6.437903e+02 
2.808900e-01 6.397957e+02 
2.821400e-01 6.356448e+02 
2.833900e-01 6.315376e+02 
2.845500e-01 6.277246e+02 
2.857800e-01 6.237237e+02 
2.870300e-01 6.197014e+02 
2.882100e-01 6.159443e+02 
2.893900e-01 6.122076e+02 
2.906300e-01 6.083122e+02 
2.918900e-01 6.043962e+02 
2.930500e-01 6.008281e+02 
2.942500e-01 5.971698e+02 
2.954200e-01 5.936254e+02 
2.966500e-01 5.899369e+02 
2.978900e-01 5.862570e+02 
2.990400e-01 5.828781e+02 
3.002700e-01 5.792932e+02 
3.015100e-01 5.757127e+02 
3.026800e-01 5.723680e+02 
3.038500e-01 5.690555e+02 
3.050300e-01 5.657468e+02 
3.062600e-01 5.623293e+02 
3.075000e-01 5.589187e+02 
3.087000e-01 5.556506e+02 
3.099100e-01 5.523874e+02 
3.111200e-01 5.491577e+02 
3.123100e-01 5.460149e+02 
3.135300e-01 5.428239e+02 
3.147300e-01 5.397153e+02 
3.159900e-01 5.364830e+02 
3.171800e-01 5.334642e+02 
3.183700e-01 5.304765e+02 
3.196300e-01 5.273433e+02 
3.208400e-01 5.243634e+02 
3.220300e-01 5.214599e+02 
3.232000e-01 5.186384e+02 
3.244300e-01 5.157023e+02 
3.256700e-01 5.127703e+02 
3.269200e-01 5.098428e+02 
3.280800e-01 5.071510e+02 
3.292500e-01 5.044700e+02 
3.304800e-01 5.016803e+02 
3.317100e-01 4.989163e+02 
3.328900e-01 4.962886e+02 
3.340700e-01 4.936841e+02 
3.353600e-01 4.908735e+02 
3.365300e-01 4.883516e+02 
3.377100e-01 4.858302e+02 
3.389200e-01 4.832674e+02 
3.401600e-01 4.806646e+02 
3.413700e-01 4.781586e+02 
3.425300e-01 4.757847e+02 
3.437700e-01 4.732690e+02 
3.449800e-01 4.708359e+02 
3.461800e-01 4.684438e+02 
3.473600e-01 4.661160e+02 
3.485800e-01 4.637406e+02 
3.498100e-01 4.613666e+02 
3.510200e-01 4.590513e+02 
3.522000e-01 4.568125e+02 
3.533900e-01 4.545735e+02 
3.546400e-01 4.522570e+02 
3.558400e-01 4.500529e+02 
3.570600e-01 4.478310e+02 
3.582700e-01 4.456459e+02 
3.595000e-01 4.434433e+02 
3.607100e-01 4.413025e+02 
3.618900e-01 4.392381e+02 
3.631200e-01 4.371038e+02 
3.643200e-01 4.350388e+02 
3.655500e-01 4.329396e+02 
3.667300e-01 4.309422e+02 
3.679500e-01 4.289083e+02 
3.691900e-01 4.268581e+02 
3.703600e-01 4.249392e+02 
3.715700e-01 4.229704e+02 
3.727700e-01 4.210336e+02 
3.739900e-01 4.190851e+02 
3.752000e-01 4.171768e+02 
3.763900e-01 4.153149e+02 
3.775800e-01 4.134674e+02 
3.788200e-01 4.115576e+02 
3.800300e-01 4.097089e+02 
3.812100e-01 4.079253e+02 
3.824200e-01 4.061139e+02 
3.836100e-01 4.043463e+02 
3.848600e-01 4.025041e+02 
3.860400e-01 4.007786e+02 
3.872400e-01 3.990372e+02 
3.884600e-01 3.972878e+02 
3.896500e-01 3.955971e+02 
3.908700e-01 3.938771e+02 
3.920600e-01 3.922121e+02 
3.933100e-01 3.904765e+02 
3.945300e-01 3.887956e+02 
3.957200e-01 3.871755e+02 
3.969300e-01 3.855425e+02 
3.981700e-01 3.838816e+02 
3.993500e-01 3.823130e+02 
4.094840e-01 3.693036e+02 
4.272360e-01 3.484806e+02 
4.454600e-01 3.292593e+02 
4.630560e-01 3.124670e+02 
4.804610e-01 2.973307e+02 
4.980690e-01 2.833177e+02 
5.159230e-01 2.702859e+02 
5.317440e-01 2.596207e+02 
5.489640e-01 2.488703e+02 
5.671990e-01 2.383704e+02 
5.838690e-01 2.294834e+02 
6.018840e-01 2.205784e+02 
6.202330e-01 2.121902e+02 
6.379250e-01 2.046768e+02 
6.545410e-01 1.981179e+02 
6.714560e-01 1.918632e+02 
6.892080e-01 1.857311e+02 
7.066010e-01 1.801183e+02 
7.240540e-01 1.748334e+02 
7.420450e-01 1.697323e+02 
7.593780e-01 1.651131e+02 
7.764720e-01 1.608137e+02 
7.942840e-01 1.565859e+02 
8.116170e-01 1.527010e+02 
8.288310e-01 1.490476e+02 
8.462240e-01 1.455406e+02 
8.631980e-01 1.422854e+02 
8.810700e-01 1.390222e+02 
8.989410e-01 1.359161e+02 
9.166330e-01 1.329807e+02 
9.345640e-01 1.301391e+02 
9.515980e-01 1.275539e+02 
9.688720e-01 1.250377e+02 
9.865640e-01 1.225625e+02 
1.031870e+00 1.166466e+02 
1.063490e+00 1.128368e+02 
1.097920e+00 1.089528e+02 
1.134370e+00 1.050998e+02 
1.167730e+00 1.017901e+02 
1.203830e+00 9.840505e+01 
1.240470e+00 9.517008e+01 
1.275790e+00 9.221497e+01 
1.309140e+00 8.957198e+01 
1.342970e+00 8.700629e+01 
1.378420e+00 8.445254e+01 
1.413200e+00 8.205877e+01 
1.448110e+00 7.976215e+01 
1.484090e+00 7.750471e+01 
1.518820e+00 7.541796e+01 
1.552880e+00 7.345131e+01 
1.588630e+00 7.147149e+01 
1.623230e+00 6.963457e+01 
1.657720e+00 6.787461e+01 
1.692450e+00 6.617065e+01 
1.726400e+00 6.456254e+01 
1.762200e+00 6.292963e+01 
1.797880e+00 6.136347e+01 
1.833270e+00 5.986704e+01 
1.869070e+00 5.840726e+01 
1.903200e+00 5.706426e+01 
1.937740e+00 5.575139e+01 
1.973190e+00 5.444850e+01 
2.007440e+00 5.323220e+01 
2.042160e+00 5.203888e+01 
2.077900e+00 5.084997e+01 
2.112390e+00 4.974117e+01 
2.146220e+00 4.868509e+01 
2.181600e+00 4.761442e+01 
2.216930e+00 4.657941e+01 
2.250760e+00 4.561852e+01 
2.286500e+00 4.463408e+01 
2.321770e+00 4.369246e+01 
2.355950e+00 4.280628e+01 
2.391280e+00 4.191552e+01 
2.426240e+00 4.105988e+01 
2.460670e+00 4.024198e+01 
2.495640e+00 3.943565e+01 
2.531080e+00 3.863908e+01 
2.566220e+00 3.787177e+01 
2.600830e+00 3.713739e+01 
2.635080e+00 3.643074e+01 
2.670340e+00 3.572117e+01 
2.705970e+00 3.502412e+01 
2.740040e+00 3.437579e+01 
2.774520e+00 3.373554e+01 
2.809730e+00 3.309853e+01 
2.844390e+00 3.248837e+01 
2.879960e+00 3.187792e+01 
2.914860e+00 3.129408e+01 
2.949410e+00 3.073131e+01 
2.984440e+00 3.017392e+01 
3.019760e+00 2.962634e+01 
3.054730e+00 2.909852e+01 
3.089030e+00 2.859153e+01 
3.124060e+00 2.808696e+01 
3.159560e+00 2.758817e+01 
3.194710e+00 2.710579e+01 
3.229010e+00 2.664700e+01 
3.263320e+00 2.619748e+01 
3.297930e+00 2.575518e+01 
3.332830e+00 2.531924e+01 
3.368040e+00 2.488954e+01 
3.403300e+00 2.446946e+01 
3.438450e+00 2.405977e+01 
3.473060e+00 2.366628e+01 
3.508440e+00 2.327221e+01 
3.543110e+00 2.289546e+01 
3.577470e+00 2.252951e+01 
3.613040e+00 2.215959e+01 
3.648120e+00 2.180245e+01 
3.682910e+00 2.145633e+01 
3.718050e+00 2.111410e+01 
3.753320e+00 2.077836e+01 
3.787980e+00 2.045546e+01 
3.822290e+00 2.014265e+01 
3.857020e+00 1.983238e+01 
3.891920e+00 1.952730e+01 
3.926650e+00 1.922979e+01 
3.961970e+00 1.893387e+01 
3.997360e+00 1.864347e+01 
4.031670e+00 1.836804e+01 
4.066330e+00 1.809499e+01 
4.101420e+00 1.782464e+01 
4.136200e+00 1.756172e+01 
4.170810e+00 1.730576e+01 
4.206250e+00 1.704858e+01 
4.241580e+00 1.679763e+01 
4.276300e+00 1.655580e+01 
4.310970e+00 1.631914e+01 
4.346120e+00 1.608406e+01 
4.380600e+00 1.585797e+01 
4.414730e+00 1.563872e+01 
4.450350e+00 1.541400e+01 
4.485320e+00 1.519794e+01 
4.519810e+00 1.498879e+01 
4.555430e+00 1.477700e+01 
4.590870e+00 1.457048e+01 
4.625480e+00 1.437262e+01 
4.659910e+00 1.417963e+01 
4.695230e+00 1.398517e+01 
4.729960e+00 1.379763e+01 
4.764450e+00 1.361486e+01 
4.799530e+00 1.343234e+01 
4.834910e+00 1.325181e+01 
4.869700e+00 1.307753e+01 
4.904370e+00 1.290709e+01 
4.939450e+00 1.273783e+01 
4.973940e+00 1.257442e+01 
5.008430e+00 1.241400e+01 
5.043810e+00 1.225233e+01 
5.078840e+00 1.209514e+01 
5.113500e+00 1.194243e+01 
5.148890e+00 1.178931e+01 
5.184210e+00 1.163926e+01 
5.219060e+00 1.149385e+01 
5.253660e+00 1.135198e+01 
5.288570e+00 1.121136e+01 
5.323420e+00 1.107344e+01 
5.358440e+00 1.093727e+01 
5.393590e+00 1.080297e+01 
5.428310e+00 1.067263e+01 
5.462800e+00 1.054536e+01 
5.497640e+00 1.041898e+01 
5.532670e+00 1.029406e+01 
5.567280e+00 1.017272e+01 
5.602000e+00 1.005301e+01 
5.637270e+00 9.933525e+00 
5.672410e+00 9.816484e+00 
5.707020e+00 9.703101e+00 
5.742040e+00 9.590289e+00 
5.777430e+00 9.478162e+00 
5.812210e+00 9.369759e+00 
5.846820e+00 9.263675e+00 
5.881610e+00 9.158752e+00 
5.916510e+00 9.055169e+00 
5.951600e+00 8.952760e+00 
5.986560e+00 8.852380e+00 
6.021830e+00 8.752705e+00 
6.056490e+00 8.656366e+00 
6.091160e+00 8.561553e+00 
6.125830e+00 8.468190e+00 
6.161090e+00 8.374737e+00 
6.195760e+00 8.284339e+00 
6.230420e+00 8.195327e+00 
6.265690e+00 8.106122e+00 
6.300950e+00 8.018421e+00 
6.335620e+00 7.933476e+00 
6.370880e+00 7.848370e+00 
6.405550e+00 7.766043e+00 
6.440220e+00 7.684965e+00 
6.475480e+00 7.603715e+00 
6.510150e+00 7.525019e+00 
6.544810e+00 7.447547e+00 
6.580080e+00 7.369849e+00 
6.614750e+00 7.294569e+00 
6.649410e+00 7.220571e+00 
6.684080e+00 7.147632e+00 
6.719340e+00 7.074500e+00 
6.754010e+00 7.003635e+00 
6.788680e+00 6.933826e+00 
6.823940e+00 6.863819e+00 
6.859800e+00 6.793624e+00 
6.894470e+00 6.726830e+00 
6.929140e+00 6.660990e+00 
6.963800e+00 6.596061e+00 
6.999070e+00 6.530894e+00 
7.033730e+00 6.467821e+00 
7.068400e+00 6.405572e+00 
7.103660e+00 6.343114e+00 
7.138330e+00 6.282581e+00 
7.173600e+00 6.221946e+00 
7.208260e+00 6.163148e+00 
7.243530e+00 6.104102e+00 
7.277600e+00 6.047891e+00 
7.312860e+00 5.990545e+00 
7.348120e+00 5.933950e+00 
7.382790e+00 5.879022e+00 
7.417460e+00 5.824881e+00 
7.452720e+00 5.770569e+00 
7.487390e+00 5.717846e+00 
7.522650e+00 5.664908e+00 
7.557320e+00 5.613602e+00 
7.591990e+00 5.562969e+00 
7.627250e+00 5.512119e+00 
7.662510e+00 5.461910e+00 
7.697180e+00 5.413259e+00 
7.731850e+00 5.365245e+00 
7.766510e+00 5.317832e+00 
7.801180e+00 5.270981e+00 
7.836440e+00 5.224019e+00 
7.871110e+00 5.178469e+00 
7.906380e+00 5.132691e+00 
7.941040e+00 5.088247e+00 
7.976310e+00 5.043607e+00 
8.011570e+00 4.999569e+00 
8.046240e+00 4.956782e+00 
8.080900e+00 4.914511e+00 
8.115570e+00 4.872750e+00 
8.150830e+00 4.830878e+00 
8.185500e+00 4.790188e+00 
8.220770e+00 4.749278e+00 
8.255430e+00 4.709541e+00 
8.290100e+00 4.670350e+00 
8.324770e+00 4.631617e+00 
8.359430e+00 4.593336e+00 
8.394700e+00 4.554827e+00 
8.429960e+00 4.516839e+00 
8.464630e+00 4.479977e+00 
8.499890e+00 4.442912e+00 
8.534560e+00 4.406877e+00 
8.569200e+00 4.371273e+00 
