# Parameters:
# omega_b = 0.022602, omega_m = 0.121378, n_s = 0.861024, h = 71.062992, w = -1.000000, sigma_8 = 0.824173
# z = 1.000000
#
# k[1/Mpc] # P(k):
8.694000e-04 1.598244e+04 
2.077466e-03 3.065160e+04 
3.285532e-03 4.070665e+04 
4.493598e-03 4.751087e+04 
5.701664e-03 5.185305e+04 
6.909730e-03 5.431523e+04 
8.117797e-03 5.542555e+04 
9.325863e-03 5.545185e+04 
1.053393e-02 5.463659e+04 
1.174199e-02 5.318711e+04 
1.295006e-02 5.123390e+04 
1.415813e-02 4.893937e+04 
1.536619e-02 4.643548e+04 
1.657426e-02 4.381487e+04 
1.778233e-02 4.117966e+04 
1.899039e-02 3.865727e+04 
2.019846e-02 3.624283e+04 
2.140652e-02 3.393818e+04 
2.261459e-02 3.177558e+04 
2.382266e-02 2.978887e+04 
2.503072e-02 2.798921e+04 
2.623879e-02 2.637238e+04 
2.744685e-02 2.493468e+04 
2.865492e-02 2.366290e+04 
2.986299e-02 2.254194e+04 
3.100100e-02 2.161484e+04 
3.220400e-02 2.075366e+04 
3.288100e-02 2.031934e+04 
3.424300e-02 1.953625e+04 
3.555100e-02 1.887723e+04 
3.686000e-02 1.829278e+04 
3.795000e-02 1.784956e+04 
3.929100e-02 1.734503e+04 
4.039800e-02 1.694988e+04 
4.164000e-02 1.652070e+04 
4.294400e-02 1.606911e+04 
4.415000e-02 1.565287e+04 
4.542900e-02 1.519541e+04 
4.660900e-02 1.476838e+04 
4.782300e-02 1.430536e+04 
4.892900e-02 1.387769e+04 
5.031200e-02 1.333035e+04 
5.155900e-02 1.282702e+04 
5.238100e-02 1.249415e+04 
5.378200e-02 1.192925e+04 
5.513400e-02 1.139102e+04 
5.627600e-02 1.094699e+04 
5.735300e-02 1.054149e+04 
5.870100e-02 1.005585e+04 
5.988700e-02 9.652310e+03 
6.113500e-02 9.253198e+03 
6.225900e-02 8.918220e+03 
6.340100e-02 8.602812e+03 
6.480200e-02 8.248019e+03 
6.601100e-02 7.972703e+03 
6.725500e-02 7.717312e+03 
6.829100e-02 7.527414e+03 
6.958600e-02 7.312192e+03 
7.071100e-02 7.146586e+03 
7.192300e-02 6.986903e+03 
7.307400e-02 6.851117e+03 
7.412300e-02 6.738902e+03 
7.550400e-02 6.606394e+03 
7.663100e-02 6.507094e+03 
7.791200e-02 6.402905e+03 
7.912700e-02 6.308635e+03 
8.027600e-02 6.221056e+03 
8.138400e-02 6.136664e+03 
8.272200e-02 6.032794e+03 
8.406100e-02 5.924984e+03 
8.534100e-02 5.814801e+03 
8.653800e-02 5.704863e+03 
8.759800e-02 5.603693e+03 
8.900300e-02 5.463248e+03 
9.009000e-02 5.349219e+03 
9.113300e-02 5.235513e+03 
9.239600e-02 5.096235e+03 
9.358000e-02 4.963472e+03 
9.496100e-02 4.807206e+03 
9.608400e-02 4.682054e+03 
9.727500e-02 4.551995e+03 
9.852600e-02 4.419117e+03 
9.973800e-02 4.296025e+03 
1.009000e-01 4.182940e+03 
1.020900e-01 4.075727e+03 
1.034000e-01 3.964939e+03 
1.046000e-01 3.870293e+03 
1.057200e-01 3.791363e+03 
1.069100e-01 3.712496e+03 
1.082500e-01 3.634000e+03 
1.093900e-01 3.573893e+03 
1.105400e-01 3.517579e+03 
1.116900e-01 3.468647e+03 
1.129600e-01 3.417854e+03 
1.142000e-01 3.373754e+03 
1.153300e-01 3.335602e+03 
1.166400e-01 3.294097e+03 
1.177800e-01 3.258935e+03 
1.190000e-01 3.222239e+03 
1.201200e-01 3.187384e+03 
1.213400e-01 3.149959e+03 
1.227100e-01 3.104279e+03 
1.238900e-01 3.064720e+03 
1.250700e-01 3.022095e+03 
1.263200e-01 2.976383e+03 
1.275500e-01 2.928865e+03 
1.287500e-01 2.881943e+03 
1.299900e-01 2.831983e+03 
1.311300e-01 2.785990e+03 
1.323500e-01 2.736200e+03 
1.335900e-01 2.686303e+03 
1.347100e-01 2.641584e+03 
1.359800e-01 2.592087e+03 
1.372100e-01 2.545324e+03 
1.384300e-01 2.500383e+03 
1.395700e-01 2.460103e+03 
1.407700e-01 2.418829e+03 
1.420300e-01 2.378184e+03 
1.432800e-01 2.338810e+03 
1.444500e-01 2.304724e+03 
1.456300e-01 2.271076e+03 
1.468900e-01 2.237465e+03 
1.480500e-01 2.207632e+03 
1.491700e-01 2.180064e+03 
1.503800e-01 2.151725e+03 
1.516400e-01 2.123037e+03 
1.528200e-01 2.097642e+03 
1.540200e-01 2.072318e+03 
1.551900e-01 2.048643e+03 
1.564300e-01 2.024166e+03 
1.576600e-01 2.000455e+03 
1.588700e-01 1.977687e+03 
1.600900e-01 1.955156e+03 
1.612700e-01 1.933564e+03 
1.625400e-01 1.910764e+03 
1.637600e-01 1.888965e+03 
1.649500e-01 1.867909e+03 
1.662200e-01 1.845750e+03 
1.674000e-01 1.824957e+03 
1.685000e-01 1.805905e+03 
1.697500e-01 1.784282e+03 
1.710300e-01 1.762206e+03 
1.722200e-01 1.742058e+03 
1.734400e-01 1.721133e+03 
1.746400e-01 1.700893e+03 
1.758700e-01 1.680394e+03 
1.770900e-01 1.660173e+03 
1.782700e-01 1.640958e+03 
1.794600e-01 1.621830e+03 
1.807000e-01 1.602192e+03 
1.819100e-01 1.583366e+03 
1.830100e-01 1.566631e+03 
1.842200e-01 1.548539e+03 
1.855000e-01 1.529750e+03 
1.867000e-01 1.512741e+03 
1.879200e-01 1.495737e+03 
1.890900e-01 1.479765e+03 
1.902800e-01 1.464136e+03 
1.915200e-01 1.448117e+03 
1.926900e-01 1.433351e+03 
1.939000e-01 1.418667e+03 
1.951700e-01 1.403505e+03 
1.963100e-01 1.390200e+03 
1.975100e-01 1.376650e+03 
1.987800e-01 1.362536e+03 
2.000100e-01 1.349160e+03 
2.012500e-01 1.336062e+03 
2.023400e-01 1.324716e+03 
2.036100e-01 1.311707e+03 
2.048900e-01 1.298873e+03 
2.060400e-01 1.287514e+03 
2.072200e-01 1.276022e+03 
2.084200e-01 1.264485e+03 
2.096900e-01 1.252458e+03 
2.109200e-01 1.240983e+03 
2.121100e-01 1.229914e+03 
2.132700e-01 1.219268e+03 
2.145200e-01 1.207959e+03 
2.157200e-01 1.197148e+03 
2.168800e-01 1.186791e+03 
2.180700e-01 1.176311e+03 
2.193400e-01 1.165216e+03 
2.206000e-01 1.154239e+03 
2.217500e-01 1.144359e+03 
2.229500e-01 1.134188e+03 
2.241400e-01 1.124068e+03 
2.253500e-01 1.113913e+03 
2.264900e-01 1.104474e+03 
2.277100e-01 1.094428e+03 
2.289900e-01 1.083949e+03 
2.301500e-01 1.074583e+03 
2.313600e-01 1.064942e+03 
2.325600e-01 1.055385e+03 
2.337700e-01 1.045877e+03 
2.350000e-01 1.036343e+03 
2.362000e-01 1.027134e+03 
2.374100e-01 1.017935e+03 
2.386500e-01 1.008634e+03 
2.399100e-01 9.993115e+02 
2.410400e-01 9.910356e+02 
2.422500e-01 9.822827e+02 
2.435000e-01 9.733598e+02 
2.447300e-01 9.647048e+02 
2.458700e-01 9.568192e+02 
2.470600e-01 9.486890e+02 
2.483300e-01 9.401246e+02 
2.495600e-01 9.319765e+02 
2.507600e-01 9.241796e+02 
2.519600e-01 9.164793e+02 
2.532200e-01 9.084964e+02 
2.543700e-01 9.013814e+02 
2.555500e-01 8.942222e+02 
2.568000e-01 8.867313e+02 
2.580100e-01 8.795696e+02 
2.592400e-01 8.724896e+02 
2.604100e-01 8.658839e+02 
2.616100e-01 8.591877e+02 
2.628400e-01 8.524058e+02 
2.640600e-01 8.458655e+02 
2.652200e-01 8.397602e+02 
2.664300e-01 8.334642e+02 
2.676500e-01 8.271898e+02 
2.688400e-01 8.212215e+02 
2.700700e-01 8.151738e+02 
2.712400e-01 8.094858e+02 
2.724800e-01 8.035254e+02 
2.736700e-01 7.979182e+02 
2.748800e-01 7.923296e+02 
2.761000e-01 7.867576e+02 
2.773200e-01 7.812477e+02 
2.785400e-01 7.758197e+02 
2.797000e-01 7.707579e+02 
2.808900e-01 7.656200e+02 
2.821400e-01 7.602819e+02 
2.833900e-01 7.550048e+02 
2.845500e-01 7.501920e+02 
2.857800e-01 7.451426e+02 
2.870300e-01 7.400669e+02 
2.882100e-01 7.353264e+02 
2.893900e-01 7.306487e+02 
2.906300e-01 7.257921e+02 
2.918900e-01 7.209104e+02 
2.930500e-01 7.164629e+02 
2.942500e-01 7.119109e+02 
2.954200e-01 7.075251e+02 
2.966500e-01 7.029613e+02 
2.978900e-01 6.984084e+02 
2.990400e-01 6.942285e+02 
3.002700e-01 6.898064e+02 
3.015100e-01 6.853963e+02 
3.026800e-01 6.812768e+02 
3.038500e-01 6.771972e+02 
3.050300e-01 6.731229e+02 
3.062600e-01 6.689250e+02 
3.075000e-01 6.647357e+02 
3.087000e-01 6.607220e+02 
3.099100e-01 6.567143e+02 
3.111200e-01 6.527504e+02 
3.123100e-01 6.488974e+02 
3.135300e-01 6.449854e+02 
3.147300e-01 6.411747e+02 
3.159900e-01 6.372127e+02 
3.171800e-01 6.335168e+02 
3.183700e-01 6.298618e+02 
3.196300e-01 6.260291e+02 
3.208400e-01 6.223842e+02 
3.220300e-01 6.188330e+02 
3.232000e-01 6.153838e+02 
3.244300e-01 6.117954e+02 
3.256700e-01 6.082122e+02 
3.269200e-01 6.046347e+02 
3.280800e-01 6.013455e+02 
3.292500e-01 5.980718e+02 
3.304800e-01 5.946663e+02 
3.317100e-01 5.912924e+02 
3.328900e-01 5.880850e+02 
3.340700e-01 5.849061e+02 
3.353600e-01 5.814781e+02 
3.365300e-01 5.784032e+02 
3.377100e-01 5.753291e+02 
3.389200e-01 5.722046e+02 
3.401600e-01 5.690316e+02 
3.413700e-01 5.659768e+02 
3.425300e-01 5.630831e+02 
3.437700e-01 5.600168e+02 
3.449800e-01 5.570513e+02 
3.461800e-01 5.541359e+02 
3.473600e-01 5.512994e+02 
3.485800e-01 5.484058e+02 
3.498100e-01 5.455141e+02 
3.510200e-01 5.426940e+02 
3.522000e-01 5.399672e+02 
3.533900e-01 5.372403e+02 
3.546400e-01 5.344192e+02 
3.558400e-01 5.317353e+02 
3.570600e-01 5.290297e+02 
3.582700e-01 5.263690e+02 
3.595000e-01 5.236872e+02 
3.607100e-01 5.210811e+02 
3.618900e-01 5.185681e+02 
3.631200e-01 5.159703e+02 
3.643200e-01 5.134569e+02 
3.655500e-01 5.109020e+02 
3.667300e-01 5.084711e+02 
3.679500e-01 5.059959e+02 
3.691900e-01 5.035010e+02 
3.703600e-01 5.011660e+02 
3.715700e-01 4.987704e+02 
3.727700e-01 4.964137e+02 
3.739900e-01 4.940429e+02 
3.752000e-01 4.917209e+02 
3.763900e-01 4.894554e+02 
3.775800e-01 4.872076e+02 
3.788200e-01 4.848841e+02 
3.800300e-01 4.826349e+02 
3.812100e-01 4.804653e+02 
3.824200e-01 4.782624e+02 
3.836100e-01 4.761127e+02 
3.848600e-01 4.738724e+02 
3.860400e-01 4.717741e+02 
3.872400e-01 4.696565e+02 
3.884600e-01 4.675291e+02 
3.896500e-01 4.654732e+02 
3.908700e-01 4.633815e+02 
3.920600e-01 4.613569e+02 
3.933100e-01 4.592466e+02 
3.945300e-01 4.572028e+02 
3.957200e-01 4.552338e+02 
3.969300e-01 4.532494e+02 
3.981700e-01 4.512313e+02 
3.993500e-01 4.493252e+02 
4.094840e-01 4.335261e+02 
4.272360e-01 4.082782e+02 
4.454600e-01 3.850316e+02 
4.630560e-01 3.647734e+02 
4.804610e-01 3.465626e+02 
4.980690e-01 3.297501e+02 
5.159230e-01 3.141640e+02 
5.317440e-01 3.014415e+02 
5.489640e-01 2.886472e+02 
5.671990e-01 2.761883e+02 
5.838690e-01 2.656639e+02 
6.018840e-01 2.551328e+02 
6.202330e-01 2.452270e+02 
6.379250e-01 2.363679e+02 
6.545410e-01 2.286362e+02 
6.714560e-01 2.212629e+02 
6.892080e-01 2.140388e+02 
7.066010e-01 2.074156e+02 
7.240540e-01 2.011817e+02 
7.420450e-01 1.951506e+02 
7.593780e-01 1.896804e+02 
7.764720e-01 1.845810e+02 
7.942840e-01 1.795600e+02 
8.116170e-01 1.749325e+02 
8.288310e-01 1.705684e+02 
8.462240e-01 1.663707e+02 
8.631980e-01 1.624613e+02 
8.810700e-01 1.585350e+02 
8.989410e-01 1.547885e+02 
9.166330e-01 1.512387e+02 
9.345640e-01 1.477941e+02 
9.515980e-01 1.446497e+02 
9.688720e-01 1.415828e+02 
9.865640e-01 1.385574e+02 
1.031870e+00 1.313101e+02 
1.063490e+00 1.266232e+02 
1.097920e+00 1.218316e+02 
1.134370e+00 1.170719e+02 
1.167730e+00 1.129740e+02 
1.203830e+00 1.087822e+02 
1.240470e+00 1.047751e+02 
1.275790e+00 1.011146e+02 
1.309140e+00 9.784424e+01 
1.342970e+00 9.467542e+01 
1.378420e+00 9.152271e+01 
1.413200e+00 8.857378e+01 
1.448110e+00 8.575322e+01 
1.484090e+00 8.298466e+01 
1.518820e+00 8.043434e+01 
1.552880e+00 7.803823e+01 
1.588630e+00 7.563487e+01 
1.623230e+00 7.340995e+01 
1.657720e+00 7.128466e+01 
1.692450e+00 6.923608e+01 
1.726400e+00 6.730904e+01 
1.762200e+00 6.535801e+01 
1.797880e+00 6.349619e+01 
1.833270e+00 6.172102e+01 
1.869070e+00 5.999684e+01 
1.903200e+00 5.841767e+01 
1.937740e+00 5.687862e+01 
1.973190e+00 5.535647e+01 
2.007440e+00 5.394135e+01 
2.042160e+00 5.255940e+01 
2.077900e+00 5.118651e+01 
2.112390e+00 4.991140e+01 
2.146220e+00 4.870055e+01 
2.181600e+00 4.747846e+01 
2.216930e+00 4.630181e+01 
2.250760e+00 4.521294e+01 
2.286500e+00 4.410088e+01 
2.321770e+00 4.304098e+01 
2.355950e+00 4.204768e+01 
2.391280e+00 4.105321e+01 
2.426240e+00 4.010150e+01 
2.460670e+00 3.919468e+01 
2.495640e+00 3.830326e+01 
2.531080e+00 3.742586e+01 
2.566220e+00 3.658398e+01 
2.600830e+00 3.578098e+01 
2.635080e+00 3.501080e+01 
2.670340e+00 3.424121e+01 
2.705970e+00 3.348722e+01 
2.740040e+00 3.278759e+01 
2.774520e+00 3.209842e+01 
2.809730e+00 3.141597e+01 
2.844390e+00 3.076439e+01 
2.879960e+00 3.011479e+01 
2.914860e+00 2.949520e+01 
2.949410e+00 2.889940e+01 
2.984440e+00 2.831198e+01 
3.019760e+00 2.773616e+01 
3.054730e+00 2.718217e+01 
3.089030e+00 2.665295e+01 
3.124060e+00 2.612720e+01 
3.159560e+00 2.560859e+01 
3.194710e+00 2.510905e+01 
3.229010e+00 2.463496e+01 
3.263320e+00 2.417262e+01 
3.297930e+00 2.371847e+01 
3.332830e+00 2.327194e+01 
3.368040e+00 2.283307e+01 
3.403300e+00 2.240505e+01 
3.438450e+00 2.198928e+01 
3.473060e+00 2.159060e+01 
3.508440e+00 2.119283e+01 
3.543110e+00 2.081311e+01 
3.577470e+00 2.044576e+01 
3.613040e+00 2.007495e+01 
3.648120e+00 1.971789e+01 
3.682910e+00 1.937255e+01 
3.718050e+00 1.903219e+01 
3.753320e+00 1.869899e+01 
3.787980e+00 1.837945e+01 
3.822290e+00 1.807053e+01 
3.857020e+00 1.776497e+01 
3.891920e+00 1.746510e+01 
3.926650e+00 1.717351e+01 
3.961970e+00 1.688393e+01 
3.997360e+00 1.660052e+01 
4.031670e+00 1.633211e+01 
4.066330e+00 1.606703e+01 
4.101420e+00 1.580478e+01 
4.136200e+00 1.555053e+01 
4.170810e+00 1.530320e+01 
4.206250e+00 1.505534e+01 
4.241580e+00 1.481377e+01 
4.276300e+00 1.458171e+01 
4.310970e+00 1.435507e+01 
4.346120e+00 1.413033e+01 
4.380600e+00 1.391468e+01 
4.414730e+00 1.370571e+01 
4.450350e+00 1.349226e+01 
4.485320e+00 1.328719e+01 
4.519810e+00 1.308923e+01 
4.555430e+00 1.288909e+01 
4.590870e+00 1.269421e+01 
4.625480e+00 1.250796e+01 
4.659910e+00 1.232641e+01 
4.695230e+00 1.214403e+01 
4.729960e+00 1.196832e+01 
4.764450e+00 1.179736e+01 
4.799530e+00 1.162702e+01 
4.834910e+00 1.145865e+01 
4.869700e+00 1.129655e+01 
4.904370e+00 1.113817e+01 
4.939450e+00 1.098110e+01 
4.973940e+00 1.082983e+01 
5.008430e+00 1.068142e+01 
5.043810e+00 1.053215e+01 
5.078840e+00 1.038722e+01 
5.113500e+00 1.024651e+01 
5.148890e+00 1.010587e+01 
5.184210e+00 9.968161e+00 
5.219060e+00 9.834851e+00 
5.253660e+00 9.705068e+00 
5.288570e+00 9.576490e+00 
5.323420e+00 9.450592e+00 
5.358440e+00 9.326511e+00 
5.393590e+00 9.204201e+00 
5.428310e+00 9.085748e+00 
5.462800e+00 8.970247e+00 
5.497640e+00 8.855603e+00 
5.532670e+00 8.742548e+00 
5.567280e+00 8.632841e+00 
5.602000e+00 8.524666e+00 
5.637270e+00 8.416928e+00 
5.672410e+00 8.311488e+00 
5.707020e+00 8.209392e+00 
5.742040e+00 8.108054e+00 
5.777430e+00 8.007419e+00 
5.812210e+00 7.910169e+00 
5.846820e+00 7.815224e+00 
5.881610e+00 7.721404e+00 
5.916510e+00 7.628821e+00 
5.951600e+00 7.537461e+00 
5.986560e+00 7.448008e+00 
6.021830e+00 7.359219e+00 
6.056490e+00 7.273526e+00 
6.091160e+00 7.189300e+00 
6.125830e+00 7.106394e+00 
6.161090e+00 7.023507e+00 
6.195760e+00 6.943501e+00 
6.230420e+00 6.864752e+00 
6.265690e+00 6.785867e+00 
6.300950e+00 6.708485e+00 
6.335620e+00 6.633563e+00 
6.370880e+00 6.558525e+00 
6.405550e+00 6.486081e+00 
6.440220e+00 6.414807e+00 
6.475480e+00 6.343407e+00 
6.510150e+00 6.274321e+00 
6.544810e+00 6.206433e+00 
6.580080e+00 6.138369e+00 
6.614750e+00 6.072445e+00 
6.649410e+00 6.007777e+00 
6.684080e+00 5.944077e+00 
6.719340e+00 5.880229e+00 
6.754010e+00 5.818425e+00 
6.788680e+00 5.757666e+00 
6.823940e+00 5.696753e+00 
6.859800e+00 5.635695e+00 
6.894470e+00 5.577694e+00 
6.929140e+00 5.520567e+00 
6.963800e+00 5.464247e+00 
6.999070e+00 5.407744e+00 
7.033730e+00 5.353175e+00 
7.068400e+00 5.299335e+00 
7.103660e+00 5.245328e+00 
7.138330e+00 5.193040e+00 
7.173600e+00 5.140760e+00 
7.208260e+00 5.090077e+00 
7.243530e+00 5.039194e+00 
7.277600e+00 4.990827e+00 
7.312860e+00 4.941552e+00 
7.348120e+00 4.892934e+00 
7.382790e+00 4.845759e+00 
7.417460e+00 4.799327e+00 
7.452720e+00 4.752787e+00 
7.487390e+00 4.707621e+00 
7.522650e+00 4.662280e+00 
7.557320e+00 4.618424e+00 
7.591990e+00 4.575182e+00 
7.627250e+00 4.531765e+00 
7.662510e+00 4.488904e+00 
7.697180e+00 4.447445e+00 
7.731850e+00 4.406560e+00 
7.766510e+00 4.366196e+00 
7.801180e+00 4.326318e+00 
7.836440e+00 4.286406e+00 
7.871110e+00 4.247733e+00 
7.906380e+00 4.208874e+00 
7.941040e+00 4.171156e+00 
7.976310e+00 4.133318e+00 
8.011570e+00 4.096045e+00 
8.046240e+00 4.059839e+00 
8.080900e+00 4.024076e+00 
8.115570e+00 3.988764e+00 
8.150830e+00 3.953422e+00 
8.185500e+00 3.919084e+00 
8.220770e+00 3.884565e+00 
8.255430e+00 3.851043e+00 
8.290100e+00 3.818061e+00 
8.324770e+00 3.785480e+00 
8.359430e+00 3.753284e+00 
8.394700e+00 3.720901e+00 
8.429960e+00 3.688991e+00 
8.464630e+00 3.658064e+00 
8.499890e+00 3.626971e+00 
8.534560e+00 3.596746e+00 
8.569200e+00 3.566887e+00 
