# Parameters:
# omega_b = 0.022933, omega_m = 0.138189, n_s = 1.031102, h = 59.488189, w = -1.000000, sigma_8 = 0.879528
# z = 0.300000
#
# k[1/Mpc] # P(k):
8.694000e-04 1.221227e+04 
2.077466e-03 2.755923e+04 
3.285532e-03 4.012665e+04 
4.493598e-03 5.014705e+04 
5.701664e-03 5.782975e+04 
6.909730e-03 6.347764e+04 
8.117797e-03 6.749192e+04 
9.325863e-03 7.007343e+04 
1.053393e-02 7.143436e+04 
1.174199e-02 7.177845e+04 
1.295006e-02 7.123847e+04 
1.415813e-02 7.000401e+04 
1.536619e-02 6.824103e+04 
1.657426e-02 6.604270e+04 
1.778233e-02 6.346414e+04 
1.899039e-02 6.079530e+04 
2.019846e-02 5.824384e+04 
2.140652e-02 5.578404e+04 
2.261459e-02 5.337437e+04 
2.382266e-02 5.105246e+04 
2.503072e-02 4.885852e+04 
2.623879e-02 4.680732e+04 
2.744685e-02 4.490515e+04 
2.865492e-02 4.316113e+04 
2.986299e-02 4.157127e+04 
3.100100e-02 4.021025e+04 
3.220400e-02 3.890637e+04 
3.288100e-02 3.823117e+04 
3.424300e-02 3.698596e+04 
3.555100e-02 3.591207e+04 
3.686000e-02 3.494109e+04 
3.795000e-02 3.419708e+04 
3.929100e-02 3.334872e+04 
4.039800e-02 3.268894e+04 
4.164000e-02 3.198159e+04 
4.294400e-02 3.125592e+04 
4.415000e-02 3.060028e+04 
4.542900e-02 2.989870e+04 
4.660900e-02 2.925668e+04 
4.782300e-02 2.857430e+04 
4.892900e-02 2.794714e+04 
5.031200e-02 2.715046e+04 
5.155900e-02 2.641809e+04 
5.238100e-02 2.592998e+04 
5.378200e-02 2.509715e+04 
5.513400e-02 2.428927e+04 
5.627600e-02 2.360795e+04 
5.735300e-02 2.297387e+04 
5.870100e-02 2.219724e+04 
5.988700e-02 2.153193e+04 
6.113500e-02 2.085410e+04 
6.225900e-02 2.026376e+04 
6.340100e-02 1.969217e+04 
6.480200e-02 1.902758e+04 
6.601100e-02 1.848820e+04 
6.725500e-02 1.796774e+04 
6.829100e-02 1.756455e+04 
6.958600e-02 1.709522e+04 
7.071100e-02 1.672042e+04 
7.192300e-02 1.634701e+04 
7.307400e-02 1.602005e+04 
7.412300e-02 1.574462e+04 
7.550400e-02 1.541509e+04 
7.663100e-02 1.516667e+04 
7.791200e-02 1.490893e+04 
7.912700e-02 1.468121e+04 
8.027600e-02 1.447904e+04 
8.138400e-02 1.429220e+04 
8.272200e-02 1.407328e+04 
8.406100e-02 1.385858e+04 
8.534100e-02 1.365129e+04 
8.653800e-02 1.345475e+04 
8.759800e-02 1.327780e+04 
8.900300e-02 1.303617e+04 
9.009000e-02 1.284177e+04 
9.113300e-02 1.264983e+04 
9.239600e-02 1.241502e+04 
9.358000e-02 1.219030e+04 
9.496100e-02 1.192231e+04 
9.608400e-02 1.170519e+04 
9.727500e-02 1.147732e+04 
9.852600e-02 1.123888e+04 
9.973800e-02 1.101416e+04 
1.009000e-01 1.080445e+04 
1.020900e-01 1.059841e+04 
1.034000e-01 1.038080e+04 
1.046000e-01 1.018999e+04 
1.057200e-01 1.002186e+04 
1.069100e-01 9.850494e+03 
1.082500e-01 9.671349e+03 
1.093900e-01 9.527473e+03 
1.105400e-01 9.388510e+03 
1.116900e-01 9.259647e+03 
1.129600e-01 9.123114e+03 
1.142000e-01 8.998096e+03 
1.153300e-01 8.888775e+03 
1.166400e-01 8.767981e+03 
1.177800e-01 8.666939e+03 
1.190000e-01 8.562085e+03 
1.201200e-01 8.467977e+03 
1.213400e-01 8.367858e+03 
1.227100e-01 8.257246e+03 
1.238900e-01 8.163794e+03 
1.250700e-01 8.070471e+03 
1.263200e-01 7.972842e+03 
1.275500e-01 7.876622e+03 
1.287500e-01 7.784002e+03 
1.299900e-01 7.689045e+03 
1.311300e-01 7.602382e+03 
1.323500e-01 7.509702e+03 
1.335900e-01 7.416837e+03 
1.347100e-01 7.333717e+03 
1.359800e-01 7.241042e+03 
1.372100e-01 7.152379e+03 
1.384300e-01 7.066082e+03 
1.395700e-01 6.986483e+03 
1.407700e-01 6.904391e+03 
1.420300e-01 6.819860e+03 
1.432800e-01 6.737807e+03 
1.444500e-01 6.662630e+03 
1.456300e-01 6.588315e+03 
1.468900e-01 6.511350e+03 
1.480500e-01 6.442144e+03 
1.491700e-01 6.376860e+03 
1.503800e-01 6.308030e+03 
1.516400e-01 6.238004e+03 
1.528200e-01 6.174648e+03 
1.540200e-01 6.111438e+03 
1.551900e-01 6.051452e+03 
1.564300e-01 5.989196e+03 
1.576600e-01 5.929118e+03 
1.588700e-01 5.871720e+03 
1.600900e-01 5.814925e+03 
1.612700e-01 5.761051e+03 
1.625400e-01 5.704136e+03 
1.637600e-01 5.650687e+03 
1.649500e-01 5.599606e+03 
1.662200e-01 5.546033e+03 
1.674000e-01 5.496898e+03 
1.685000e-01 5.451853e+03 
1.697500e-01 5.401311e+03 
1.710300e-01 5.350272e+03 
1.722200e-01 5.303653e+03 
1.734400e-01 5.256213e+03 
1.746400e-01 5.210324e+03 
1.758700e-01 5.164050e+03 
1.770900e-01 5.118865e+03 
1.782700e-01 5.075882e+03 
1.794600e-01 5.032999e+03 
1.807000e-01 4.988891e+03 
1.819100e-01 4.946559e+03 
1.830100e-01 4.908500e+03 
1.842200e-01 4.867249e+03 
1.855000e-01 4.824348e+03 
1.867000e-01 4.785242e+03 
1.879200e-01 4.746111e+03 
1.890900e-01 4.709212e+03 
1.902800e-01 4.672496e+03 
1.915200e-01 4.634831e+03 
1.926900e-01 4.599925e+03 
1.939000e-01 4.564658e+03 
1.951700e-01 4.528216e+03 
1.963100e-01 4.496071e+03 
1.975100e-01 4.462922e+03 
1.987800e-01 4.428372e+03 
2.000100e-01 4.395494e+03 
2.012500e-01 4.363014e+03 
2.023400e-01 4.334865e+03 
2.036100e-01 4.302520e+03 
2.048900e-01 4.270371e+03 
2.060400e-01 4.241903e+03 
2.072200e-01 4.213089e+03 
2.084200e-01 4.184123e+03 
2.096900e-01 4.153910e+03 
2.109200e-01 4.125073e+03 
2.121100e-01 4.097246e+03 
2.132700e-01 4.070470e+03 
2.145200e-01 4.042014e+03 
2.157200e-01 4.014823e+03 
2.168800e-01 3.988771e+03 
2.180700e-01 3.962398e+03 
2.193400e-01 3.934457e+03 
2.206000e-01 3.906788e+03 
2.217500e-01 3.881869e+03 
2.229500e-01 3.856203e+03 
2.241400e-01 3.830556e+03 
2.253500e-01 3.804803e+03 
2.264900e-01 3.780849e+03 
2.277100e-01 3.755293e+03 
2.289900e-01 3.728566e+03 
2.301500e-01 3.704659e+03 
2.313600e-01 3.680029e+03 
2.325600e-01 3.655258e+03 
2.337700e-01 3.630596e+03 
2.350000e-01 3.605846e+03 
2.362000e-01 3.581811e+03 
2.374100e-01 3.557649e+03 
2.386500e-01 3.533200e+03 
2.399100e-01 3.508675e+03 
2.410400e-01 3.486595e+03 
2.422500e-01 3.463187e+03 
2.435000e-01 3.439306e+03 
2.447300e-01 3.416120e+03 
2.458700e-01 3.394969e+03 
2.470600e-01 3.373145e+03 
2.483300e-01 3.350138e+03 
2.495600e-01 3.328224e+03 
2.507600e-01 3.307226e+03 
2.519600e-01 3.286475e+03 
2.532200e-01 3.264945e+03 
2.543700e-01 3.245752e+03 
2.555500e-01 3.226435e+03 
2.568000e-01 3.206208e+03 
2.580100e-01 3.186858e+03 
2.592400e-01 3.167794e+03 
2.604100e-01 3.150032e+03 
2.616100e-01 3.132016e+03 
2.628400e-01 3.113758e+03 
2.640600e-01 3.096169e+03 
2.652200e-01 3.079752e+03 
2.664300e-01 3.062813e+03 
2.676500e-01 3.045925e+03 
2.688400e-01 3.029894e+03 
2.700700e-01 3.013670e+03 
2.712400e-01 2.998405e+03 
2.724800e-01 2.982401e+03 
2.736700e-01 2.967418e+03 
2.748800e-01 2.952562e+03 
2.761000e-01 2.937744e+03 
2.773200e-01 2.923086e+03 
2.785400e-01 2.908621e+03 
2.797000e-01 2.895086e+03 
2.808900e-01 2.881344e+03 
2.821400e-01 2.867062e+03 
2.833900e-01 2.852945e+03 
2.845500e-01 2.840204e+03 
2.857800e-01 2.826833e+03 
2.870300e-01 2.813388e+03 
2.882100e-01 2.800829e+03 
2.893900e-01 2.788368e+03 
2.906300e-01 2.775392e+03 
2.918900e-01 2.762345e+03 
2.930500e-01 2.750457e+03 
2.942500e-01 2.738304e+03 
2.954200e-01 2.726646e+03 
2.966500e-01 2.714514e+03 
2.978900e-01 2.702408e+03 
2.990400e-01 2.691291e+03 
3.002700e-01 2.679505e+03 
3.015100e-01 2.667738e+03 
3.026800e-01 2.656745e+03 
3.038500e-01 2.645856e+03 
3.050300e-01 2.634976e+03 
3.062600e-01 2.623618e+03 
3.075000e-01 2.612282e+03 
3.087000e-01 2.601418e+03 
3.099100e-01 2.590569e+03 
3.111200e-01 2.579875e+03 
3.123100e-01 2.569543e+03 
3.135300e-01 2.559051e+03 
3.147300e-01 2.548829e+03 
3.159900e-01 2.538200e+03 
3.171800e-01 2.528229e+03 
3.183700e-01 2.518332e+03 
3.196300e-01 2.507951e+03 
3.208400e-01 2.498078e+03 
3.220300e-01 2.488458e+03 
3.232000e-01 2.479049e+03 
3.244300e-01 2.469234e+03 
3.256700e-01 2.459432e+03 
3.269200e-01 2.449645e+03 
3.280800e-01 2.440645e+03 
3.292500e-01 2.431732e+03 
3.304800e-01 2.422473e+03 
3.317100e-01 2.413300e+03 
3.328900e-01 2.404579e+03 
3.340700e-01 2.395935e+03 
3.353600e-01 2.386529e+03 
3.365300e-01 2.378059e+03 
3.377100e-01 2.369592e+03 
3.389200e-01 2.360985e+03 
3.401600e-01 2.352244e+03 
3.413700e-01 2.343802e+03 
3.425300e-01 2.335788e+03 
3.437700e-01 2.327295e+03 
3.449800e-01 2.319081e+03 
3.461800e-01 2.311005e+03 
3.473600e-01 2.303149e+03 
3.485800e-01 2.295137e+03 
3.498100e-01 2.287131e+03 
3.510200e-01 2.279322e+03 
3.522000e-01 2.271773e+03 
3.533900e-01 2.264223e+03 
3.546400e-01 2.256308e+03 
3.558400e-01 2.248772e+03 
3.570600e-01 2.241175e+03 
3.582700e-01 2.233705e+03 
3.595000e-01 2.226175e+03 
3.607100e-01 2.218834e+03 
3.618900e-01 2.211737e+03 
3.631200e-01 2.204401e+03 
3.643200e-01 2.197303e+03 
3.655500e-01 2.190088e+03 
3.667300e-01 2.183224e+03 
3.679500e-01 2.176224e+03 
3.691900e-01 2.169169e+03 
3.703600e-01 2.162567e+03 
3.715700e-01 2.155794e+03 
3.727700e-01 2.149131e+03 
3.739900e-01 2.142397e+03 
3.752000e-01 2.135742e+03 
3.763900e-01 2.129249e+03 
3.775800e-01 2.122808e+03 
3.788200e-01 2.116151e+03 
3.800300e-01 2.109707e+03 
3.812100e-01 2.103439e+03 
3.824200e-01 2.097040e+03 
3.836100e-01 2.090796e+03 
3.848600e-01 2.084289e+03 
3.860400e-01 2.078196e+03 
3.872400e-01 2.072048e+03 
3.884600e-01 2.065805e+03 
3.896500e-01 2.059749e+03 
3.908700e-01 2.053588e+03 
3.920600e-01 2.047626e+03 
3.933100e-01 2.041411e+03 
3.945300e-01 2.035394e+03 
3.957200e-01 2.029561e+03 
3.969300e-01 2.023673e+03 
3.981700e-01 2.017686e+03 
3.993500e-01 2.012032e+03 
4.094840e-01 1.964905e+03 
4.272360e-01 1.887696e+03 
4.454600e-01 1.814863e+03 
4.630560e-01 1.749623e+03 
4.804610e-01 1.689597e+03 
4.980690e-01 1.633099e+03 
5.159230e-01 1.579519e+03 
5.317440e-01 1.535199e+03 
5.489640e-01 1.489577e+03 
5.671990e-01 1.444404e+03 
5.838690e-01 1.405415e+03 
6.018840e-01 1.365703e+03 
6.202330e-01 1.327406e+03 
6.379250e-01 1.292331e+03 
6.545410e-01 1.261002e+03 
6.714560e-01 1.230491e+03 
6.892080e-01 1.199741e+03 
7.066010e-01 1.170806e+03 
7.240540e-01 1.143000e+03 
7.420450e-01 1.115234e+03 
7.593780e-01 1.089456e+03 
7.764720e-01 1.064949e+03 
7.942840e-01 1.040237e+03 
8.116170e-01 1.016794e+03 
8.288310e-01 9.941472e+02 
8.462240e-01 9.719858e+02 
8.631980e-01 9.510286e+02 
8.810700e-01 9.295884e+02 
8.989410e-01 9.087041e+02 
9.166330e-01 8.886138e+02 
9.345640e-01 8.687703e+02 
9.515980e-01 8.504801e+02 
9.688720e-01 8.324267e+02 
9.865640e-01 8.143673e+02 
1.031870e+00 7.703085e+02 
1.063490e+00 7.412274e+02 
1.097920e+00 7.111801e+02 
1.134370e+00 6.810821e+02 
1.167730e+00 6.549185e+02 
1.203830e+00 6.280001e+02 
1.240470e+00 6.022500e+02 
1.275790e+00 5.785859e+02 
1.309140e+00 5.574358e+02 
1.342970e+00 5.369786e+02 
1.378420e+00 5.166577e+02 
1.413200e+00 4.976743e+02 
1.448110e+00 4.795530e+02 
1.484090e+00 4.618213e+02 
1.518820e+00 4.455998e+02 
1.552880e+00 4.303401e+02 
1.588630e+00 4.151485e+02 
1.623230e+00 4.011240e+02 
1.657720e+00 3.878043e+02 
1.692450e+00 3.750444e+02 
1.726400e+00 3.630304e+02 
1.762200e+00 3.509878e+02 
1.797880e+00 3.395362e+02 
1.833270e+00 3.286955e+02 
1.869070e+00 3.182247e+02 
1.903200e+00 3.086478e+02 
1.937740e+00 2.993672e+02 
1.973190e+00 2.902738e+02 
2.007440e+00 2.818458e+02 
2.042160e+00 2.736424e+02 
2.077900e+00 2.655381e+02 
2.112390e+00 2.580430e+02 
2.146220e+00 2.509922e+02 
2.181600e+00 2.438817e+02 
2.216930e+00 2.370783e+02 
2.250760e+00 2.308155e+02 
2.286500e+00 2.244452e+02 
2.321770e+00 2.183954e+02 
2.355950e+00 2.127436e+02 
2.391280e+00 2.071379e+02 
2.426240e+00 2.017997e+02 
2.460670e+00 1.967266e+02 
2.495640e+00 1.917479e+02 
2.531080e+00 1.868865e+02 
2.566220e+00 1.822318e+02 
2.600830e+00 1.778033e+02 
2.635080e+00 1.735672e+02 
2.670340e+00 1.693695e+02 
2.705970e+00 1.652751e+02 
2.740040e+00 1.614892e+02 
2.774520e+00 1.577712e+02 
2.809730e+00 1.541134e+02 
2.844390e+00 1.506338e+02 
2.879960e+00 1.471737e+02 
2.914860e+00 1.438855e+02 
2.949410e+00 1.407317e+02 
2.984440e+00 1.376340e+02 
3.019760e+00 1.346015e+02 
3.054730e+00 1.316887e+02 
3.089030e+00 1.289331e+02 
3.124060e+00 1.262012e+02 
3.159560e+00 1.235138e+02 
3.194710e+00 1.209420e+02 
3.229010e+00 1.185066e+02 
3.263320e+00 1.161226e+02 
3.297930e+00 1.137897e+02 
3.332830e+00 1.115121e+02 
3.368040e+00 1.092836e+02 
3.403300e+00 1.071177e+02 
3.438450e+00 1.050165e+02 
3.473060e+00 1.030034e+02 
3.508440e+00 1.010030e+02 
3.543110e+00 9.909515e+01 
3.577470e+00 9.725319e+01 
3.613040e+00 9.539881e+01 
3.648120e+00 9.362497e+01 
3.682910e+00 9.190954e+01 
3.718050e+00 9.021833e+01 
3.753320e+00 8.856895e+01 
3.787980e+00 8.699582e+01 
3.822290e+00 8.547538e+01 
3.857020e+00 8.397172e+01 
3.891920e+00 8.250025e+01 
3.926650e+00 8.107631e+01 
3.961970e+00 7.966278e+01 
3.997360e+00 7.828007e+01 
4.031670e+00 7.697250e+01 
4.066330e+00 7.568817e+01 
4.101420e+00 7.441797e+01 
4.136200e+00 7.318699e+01 
4.170810e+00 7.198982e+01 
4.206250e+00 7.079319e+01 
4.241580e+00 6.962771e+01 
4.276300e+00 6.851384e+01 
4.310970e+00 6.742924e+01 
4.346120e+00 6.635237e+01 
4.380600e+00 6.531671e+01 
4.414730e+00 6.431360e+01 
4.450350e+00 6.329754e+01 
4.485320e+00 6.232148e+01 
4.519810e+00 6.137683e+01 
4.555430e+00 6.042081e+01 
4.590870e+00 5.949258e+01 
4.625480e+00 5.861060e+01 
4.659910e+00 5.775100e+01 
4.695230e+00 5.688677e+01 
4.729960e+00 5.605418e+01 
4.764450e+00 5.524485e+01 
4.799530e+00 5.443976e+01 
4.834910e+00 5.364402e+01 
4.869700e+00 5.287865e+01 
4.904370e+00 5.213102e+01 
4.939450e+00 5.138995e+01 
4.973940e+00 5.067722e+01 
5.008430e+00 4.997798e+01 
5.043810e+00 4.927574e+01 
5.078840e+00 4.859449e+01 
5.113500e+00 4.793307e+01 
5.148890e+00 4.727184e+01 
5.184210e+00 4.662437e+01 
5.219060e+00 4.599761e+01 
5.253660e+00 4.538746e+01 
5.288570e+00 4.478299e+01 
5.323420e+00 4.419224e+01 
5.358440e+00 4.361125e+01 
5.393590e+00 4.303856e+01 
5.428310e+00 4.248252e+01 
5.462800e+00 4.193960e+01 
5.497640e+00 4.140073e+01 
5.532670e+00 4.087089e+01 
5.567280e+00 4.035724e+01 
5.602000e+00 3.985077e+01 
5.637270e+00 3.934556e+01 
5.672410e+00 3.885095e+01 
5.707020e+00 3.837204e+01 
5.742040e+00 3.789640e+01 
5.777430e+00 3.742402e+01 
5.812210e+00 3.696754e+01 
5.846820e+00 3.652165e+01 
5.881610e+00 3.608100e+01 
5.916510e+00 3.564618e+01 
5.951600e+00 3.521749e+01 
5.986560e+00 3.479794e+01 
6.021830e+00 3.438151e+01 
6.056490e+00 3.397882e+01 
6.091160e+00 3.358237e+01 
6.125830e+00 3.319216e+01 
6.161090e+00 3.280185e+01 
6.195760e+00 3.242471e+01 
6.230420e+00 3.205352e+01 
6.265690e+00 3.168172e+01 
6.300950e+00 3.131744e+01 
6.335620e+00 3.096476e+01 
6.370880e+00 3.061157e+01 
6.405550e+00 3.026943e+01 
6.440220e+00 2.993238e+01 
6.475480e+00 2.959476e+01 
6.510150e+00 2.926820e+01 
6.544810e+00 2.894752e+01 
6.580080e+00 2.862605e+01 
6.614750e+00 2.831471e+01 
6.649410e+00 2.800867e+01 
6.684080e+00 2.770712e+01 
6.719340e+00 2.740489e+01 
6.754010e+00 2.711197e+01 
6.788680e+00 2.682311e+01 
6.823940e+00 2.653356e+01 
6.859800e+00 2.624336e+01 
6.894470e+00 2.596769e+01 
6.929140e+00 2.569620e+01 
6.963800e+00 2.542858e+01 
6.999070e+00 2.516004e+01 
7.033730e+00 2.489929e+01 
7.068400e+00 2.464206e+01 
7.103660e+00 2.438408e+01 
7.138330e+00 2.413438e+01 
7.173600e+00 2.388483e+01 
7.208260e+00 2.364295e+01 
7.243530e+00 2.340015e+01 
7.277600e+00 2.316834e+01 
7.312860e+00 2.293125e+01 
7.348120e+00 2.269737e+01 
7.382790e+00 2.247050e+01 
7.417460e+00 2.224742e+01 
7.452720e+00 2.202398e+01 
7.487390e+00 2.180718e+01 
7.522650e+00 2.158960e+01 
7.557320e+00 2.137883e+01 
7.591990e+00 2.117093e+01 
7.627250e+00 2.096223e+01 
7.662510e+00 2.075626e+01 
7.697180e+00 2.055571e+01 
7.731850e+00 2.035747e+01 
7.766510e+00 2.016180e+01 
7.801180e+00 1.996856e+01 
7.836440e+00 1.977532e+01 
7.871110e+00 1.958820e+01 
7.906380e+00 1.940024e+01 
7.941040e+00 1.921785e+01 
7.976310e+00 1.903455e+01 
8.011570e+00 1.885360e+01 
8.046240e+00 1.867788e+01 
8.080900e+00 1.850436e+01 
8.115570e+00 1.833289e+01 
8.150830e+00 1.816054e+01 
8.185500e+00 1.799315e+01 
8.220770e+00 1.782494e+01 
8.255430e+00 1.766164e+01 
8.290100e+00 1.750074e+01 
8.324770e+00 1.734182e+01 
8.359430e+00 1.718484e+01 
8.394700e+00 1.702700e+01 
8.429960e+00 1.687108e+01 
8.464630e+00 1.671957e+01 
8.499890e+00 1.656731e+01 
8.534560e+00 1.641936e+01 
8.569200e+00 1.627326e+01 
