# Parameters:
# omega_b = 0.023311, omega_m = 0.127165, n_s = 0.853150, h = 67.047244, w = -1.000000, sigma_8 = 0.718898
# z = 0.300000
#
# k[1/Mpc] # P(k):
8.694000e-04 2.201872e+04 
2.077466e-03 4.221447e+04 
3.285532e-03 5.616333e+04 
4.493598e-03 6.574604e+04 
5.701664e-03 7.197672e+04 
6.909730e-03 7.563905e+04 
8.117797e-03 7.744423e+04 
9.325863e-03 7.775199e+04 
1.053393e-02 7.688466e+04 
1.174199e-02 7.511531e+04 
1.295006e-02 7.262172e+04 
1.415813e-02 6.962479e+04 
1.536619e-02 6.630312e+04 
1.657426e-02 6.275828e+04 
1.778233e-02 5.904566e+04 
1.899039e-02 5.540838e+04 
2.019846e-02 5.202428e+04 
2.140652e-02 4.888237e+04 
2.261459e-02 4.594268e+04 
2.382266e-02 4.322139e+04 
2.503072e-02 4.073580e+04 
2.623879e-02 3.848275e+04 
2.744685e-02 3.645720e+04 
2.865492e-02 3.464773e+04 
2.986299e-02 3.303668e+04 
3.100100e-02 3.168957e+04 
3.220400e-02 3.042494e+04 
3.288100e-02 2.978132e+04 
3.424300e-02 2.861115e+04 
3.555100e-02 2.761866e+04 
3.686000e-02 2.673346e+04 
3.795000e-02 2.606099e+04 
3.929100e-02 2.529855e+04 
4.039800e-02 2.470585e+04 
4.164000e-02 2.406928e+04 
4.294400e-02 2.341075e+04 
4.415000e-02 2.281192e+04 
4.542900e-02 2.216455e+04 
4.660900e-02 2.156801e+04 
4.782300e-02 2.092898e+04 
4.892900e-02 2.034062e+04 
5.031200e-02 1.959234e+04 
5.155900e-02 1.890613e+04 
5.238100e-02 1.845117e+04 
5.378200e-02 1.767991e+04 
5.513400e-02 1.694152e+04 
5.627600e-02 1.632829e+04 
5.735300e-02 1.576596e+04 
5.870100e-02 1.508963e+04 
5.988700e-02 1.452265e+04 
6.113500e-02 1.395776e+04 
6.225900e-02 1.347803e+04 
6.340100e-02 1.302432e+04 
6.480200e-02 1.250949e+04 
6.601100e-02 1.210484e+04 
6.725500e-02 1.172487e+04 
6.829100e-02 1.143875e+04 
6.958600e-02 1.111227e+04 
7.071100e-02 1.085780e+04 
7.192300e-02 1.060881e+04 
7.307400e-02 1.039394e+04 
7.412300e-02 1.021456e+04 
7.550400e-02 1.000091e+04 
7.663100e-02 9.839352e+03 
7.791200e-02 9.669248e+03 
7.912700e-02 9.514854e+03 
8.027600e-02 9.373851e+03 
8.138400e-02 9.239836e+03 
8.272200e-02 9.077519e+03 
8.406100e-02 8.913042e+03 
8.534100e-02 8.749112e+03 
8.653800e-02 8.590543e+03 
8.759800e-02 8.446727e+03 
8.900300e-02 8.249692e+03 
9.009000e-02 8.091569e+03 
9.113300e-02 7.936315e+03 
9.239600e-02 7.747631e+03 
9.358000e-02 7.569017e+03 
9.496100e-02 7.359331e+03 
9.608400e-02 7.191559e+03 
9.727500e-02 7.017238e+03 
9.852600e-02 6.838561e+03 
9.973800e-02 6.672110e+03 
1.009000e-01 6.518384e+03 
1.020900e-01 6.370731e+03 
1.034000e-01 6.216564e+03 
1.046000e-01 6.083190e+03 
1.057200e-01 5.968608e+03 
1.069100e-01 5.852917e+03 
1.082500e-01 5.734767e+03 
1.093900e-01 5.641665e+03 
1.105400e-01 5.552807e+03 
1.116900e-01 5.472482e+03 
1.129600e-01 5.388021e+03 
1.142000e-01 5.312064e+03 
1.153300e-01 5.245870e+03 
1.166400e-01 5.173083e+03 
1.177800e-01 5.111835e+03 
1.190000e-01 5.048103e+03 
1.201200e-01 4.989624e+03 
1.213400e-01 4.927181e+03 
1.227100e-01 4.855481e+03 
1.238900e-01 4.794299e+03 
1.250700e-01 4.731243e+03 
1.263200e-01 4.664550e+03 
1.275500e-01 4.597217e+03 
1.287500e-01 4.531684e+03 
1.299900e-01 4.463365e+03 
1.311300e-01 4.400693e+03 
1.323500e-01 4.333185e+03 
1.335900e-01 4.265515e+03 
1.347100e-01 4.204879e+03 
1.359800e-01 4.137484e+03 
1.372100e-01 4.073349e+03 
1.384300e-01 4.011274e+03 
1.395700e-01 3.954732e+03 
1.407700e-01 3.896596e+03 
1.420300e-01 3.837949e+03 
1.432800e-01 3.781080e+03 
1.444500e-01 3.730281e+03 
1.456300e-01 3.680106e+03 
1.468900e-01 3.629082e+03 
1.480500e-01 3.583502e+03 
1.491700e-01 3.540934e+03 
1.503800e-01 3.496596e+03 
1.516400e-01 3.451647e+03 
1.528200e-01 3.411596e+03 
1.540200e-01 3.371652e+03 
1.551900e-01 3.334104e+03 
1.564300e-01 3.295231e+03 
1.576600e-01 3.257800e+03 
1.588700e-01 3.222133e+03 
1.600900e-01 3.186847e+03 
1.612700e-01 3.153328e+03 
1.625400e-01 3.117925e+03 
1.637600e-01 3.084534e+03 
1.649500e-01 3.052540e+03 
1.662200e-01 3.018937e+03 
1.674000e-01 2.987808e+03 
1.685000e-01 2.959278e+03 
1.697500e-01 2.927078e+03 
1.710300e-01 2.894377e+03 
1.722200e-01 2.864519e+03 
1.734400e-01 2.833800e+03 
1.746400e-01 2.804082e+03 
1.758700e-01 2.774037e+03 
1.770900e-01 2.744527e+03 
1.782700e-01 2.716467e+03 
1.794600e-01 2.688423e+03 
1.807000e-01 2.659549e+03 
1.819100e-01 2.631851e+03 
1.830100e-01 2.606998e+03 
1.842200e-01 2.580079e+03 
1.855000e-01 2.552100e+03 
1.867000e-01 2.526682e+03 
1.879200e-01 2.501258e+03 
1.890900e-01 2.477321e+03 
1.902800e-01 2.453656e+03 
1.915200e-01 2.429388e+03 
1.926900e-01 2.406954e+03 
1.939000e-01 2.384452e+03 
1.951700e-01 2.361208e+03 
1.963100e-01 2.340764e+03 
1.975100e-01 2.319830e+03 
1.987800e-01 2.298017e+03 
2.000100e-01 2.277306e+03 
2.012500e-01 2.256943e+03 
2.023400e-01 2.239300e+03 
2.036100e-01 2.219058e+03 
2.048900e-01 2.199045e+03 
2.060400e-01 2.181327e+03 
2.072200e-01 2.163403e+03 
2.084200e-01 2.145454e+03 
2.096900e-01 2.126736e+03 
2.109200e-01 2.108874e+03 
2.121100e-01 2.091724e+03 
2.132700e-01 2.075230e+03 
2.145200e-01 2.057703e+03 
2.157200e-01 2.041017e+03 
2.168800e-01 2.025061e+03 
2.180700e-01 2.008911e+03 
2.193400e-01 1.991860e+03 
2.206000e-01 1.975080e+03 
2.217500e-01 1.959972e+03 
2.229500e-01 1.944414e+03 
2.241400e-01 1.929043e+03 
2.253500e-01 1.913617e+03 
2.264900e-01 1.899273e+03 
2.277100e-01 1.884088e+03 
2.289900e-01 1.868339e+03 
2.301500e-01 1.854256e+03 
2.313600e-01 1.839752e+03 
2.325600e-01 1.825418e+03 
2.337700e-01 1.811150e+03 
2.350000e-01 1.796836e+03 
2.362000e-01 1.783044e+03 
2.374100e-01 1.769307e+03 
2.386500e-01 1.755411e+03 
2.399100e-01 1.741474e+03 
2.410400e-01 1.729089e+03 
2.422500e-01 1.715983e+03 
2.435000e-01 1.702614e+03 
2.447300e-01 1.689656e+03 
2.458700e-01 1.677912e+03 
2.470600e-01 1.665796e+03 
2.483300e-01 1.653026e+03 
2.495600e-01 1.640871e+03 
2.507600e-01 1.629235e+03 
2.519600e-01 1.617737e+03 
2.532200e-01 1.605810e+03 
2.543700e-01 1.595149e+03 
2.555500e-01 1.584400e+03 
2.568000e-01 1.573146e+03 
2.580100e-01 1.562382e+03 
2.592400e-01 1.551696e+03 
2.604100e-01 1.541704e+03 
2.616100e-01 1.531570e+03 
2.628400e-01 1.521302e+03 
2.640600e-01 1.511315e+03 
2.652200e-01 1.501956e+03 
2.664300e-01 1.492301e+03 
2.676500e-01 1.482676e+03 
2.688400e-01 1.473448e+03 
2.700700e-01 1.464050e+03 
2.712400e-01 1.455209e+03 
2.724800e-01 1.445941e+03 
2.736700e-01 1.437200e+03 
2.748800e-01 1.428466e+03 
2.761000e-01 1.419756e+03 
2.773200e-01 1.411140e+03 
2.785400e-01 1.402609e+03 
2.797000e-01 1.394565e+03 
2.808900e-01 1.386398e+03 
2.821400e-01 1.377911e+03 
2.833900e-01 1.369519e+03 
2.845500e-01 1.361868e+03 
2.857800e-01 1.353838e+03 
2.870300e-01 1.345764e+03 
2.882100e-01 1.338222e+03 
2.893900e-01 1.330717e+03 
2.906300e-01 1.322890e+03 
2.918900e-01 1.315021e+03 
2.930500e-01 1.307851e+03 
2.942500e-01 1.300514e+03 
2.954200e-01 1.293459e+03 
2.966500e-01 1.286115e+03 
2.978900e-01 1.278787e+03 
2.990400e-01 1.272058e+03 
3.002700e-01 1.264921e+03 
3.015100e-01 1.257794e+03 
3.026800e-01 1.251136e+03 
3.038500e-01 1.244540e+03 
3.050300e-01 1.237950e+03 
3.062600e-01 1.231094e+03 
3.075000e-01 1.224251e+03 
3.087000e-01 1.217692e+03 
3.099100e-01 1.211143e+03 
3.111200e-01 1.204685e+03 
3.123100e-01 1.198445e+03 
3.135300e-01 1.192107e+03 
3.147300e-01 1.185933e+03 
3.159900e-01 1.179511e+03 
3.171800e-01 1.173504e+03 
3.183700e-01 1.167551e+03 
3.196300e-01 1.161307e+03 
3.208400e-01 1.155368e+03 
3.220300e-01 1.149580e+03 
3.232000e-01 1.143945e+03 
3.244300e-01 1.138077e+03 
3.256700e-01 1.132216e+03 
3.269200e-01 1.126362e+03 
3.280800e-01 1.120980e+03 
3.292500e-01 1.115658e+03 
3.304800e-01 1.110132e+03 
3.317100e-01 1.104656e+03 
3.328900e-01 1.099449e+03 
3.340700e-01 1.094288e+03 
3.353600e-01 1.088702e+03 
3.365300e-01 1.083682e+03 
3.377100e-01 1.078664e+03 
3.389200e-01 1.073562e+03 
3.401600e-01 1.068380e+03 
3.413700e-01 1.063390e+03 
3.425300e-01 1.058664e+03 
3.437700e-01 1.053655e+03 
3.449800e-01 1.048809e+03 
3.461800e-01 1.044045e+03 
3.473600e-01 1.039420e+03 
3.485800e-01 1.034730e+03 
3.498100e-01 1.030042e+03 
3.510200e-01 1.025470e+03 
3.522000e-01 1.021048e+03 
3.533900e-01 1.016625e+03 
3.546400e-01 1.012025e+03 
3.558400e-01 1.007646e+03 
3.570600e-01 1.003231e+03 
3.582700e-01 9.988884e+02 
3.595000e-01 9.945109e+02 
3.607100e-01 9.902580e+02 
3.618900e-01 9.861579e+02 
3.631200e-01 9.819187e+02 
3.643200e-01 9.778168e+02 
3.655500e-01 9.736465e+02 
3.667300e-01 9.696780e+02 
3.679500e-01 9.656701e+02 
3.691900e-01 9.616296e+02 
3.703600e-01 9.578477e+02 
3.715700e-01 9.539671e+02 
3.727700e-01 9.501490e+02 
3.739900e-01 9.462964e+02 
3.752000e-01 9.425024e+02 
3.763900e-01 9.388004e+02 
3.775800e-01 9.351268e+02 
3.788200e-01 9.313290e+02 
3.800300e-01 9.276523e+02 
3.812100e-01 9.241026e+02 
3.824200e-01 9.204962e+02 
3.836100e-01 9.169765e+02 
3.848600e-01 9.133080e+02 
3.860400e-01 9.098716e+02 
3.872400e-01 9.064033e+02 
3.884600e-01 9.029080e+02 
3.896500e-01 8.995259e+02 
3.908700e-01 8.960847e+02 
3.920600e-01 8.927533e+02 
3.933100e-01 8.892806e+02 
3.945300e-01 8.859172e+02 
3.957200e-01 8.826698e+02 
3.969300e-01 8.793948e+02 
3.981700e-01 8.760639e+02 
3.993500e-01 8.729176e+02 
4.094840e-01 8.468591e+02 
4.272360e-01 8.047352e+02 
4.454600e-01 7.655796e+02 
4.630560e-01 7.309510e+02 
4.804610e-01 6.994765e+02 
4.980690e-01 6.701289e+02 
5.159230e-01 6.426047e+02 
5.317440e-01 6.200352e+02 
5.489640e-01 5.970779e+02 
5.671990e-01 5.746070e+02 
5.838690e-01 5.554588e+02 
6.018840e-01 5.361947e+02 
6.202330e-01 5.179440e+02 
6.379250e-01 5.014414e+02 
6.545410e-01 4.869686e+02 
6.714560e-01 4.730666e+02 
6.892080e-01 4.593016e+02 
7.066010e-01 4.465801e+02 
7.240540e-01 4.345167e+02 
7.420450e-01 4.227155e+02 
7.593780e-01 4.119177e+02 
7.764720e-01 4.017947e+02 
7.942840e-01 3.917330e+02 
8.116170e-01 3.823434e+02 
8.288310e-01 3.733901e+02 
8.462240e-01 3.647188e+02 
8.631980e-01 3.566220e+02 
8.810700e-01 3.484271e+02 
8.989410e-01 3.405170e+02 
9.166330e-01 3.329754e+02 
9.345640e-01 3.255838e+02 
9.515980e-01 3.188232e+02 
9.688720e-01 3.121943e+02 
9.865640e-01 3.056055e+02 
1.031870e+00 2.896581e+02 
1.063490e+00 2.792265e+02 
1.097920e+00 2.685191e+02 
1.134370e+00 2.578197e+02 
1.167730e+00 2.485443e+02 
1.203830e+00 2.390215e+02 
1.240470e+00 2.299102e+02 
1.275790e+00 2.215423e+02 
1.309140e+00 2.140470e+02 
1.342970e+00 2.067906e+02 
1.378420e+00 1.995669e+02 
1.413200e+00 1.928037e+02 
1.448110e+00 1.863322e+02 
1.484090e+00 1.799768e+02 
1.518820e+00 1.741522e+02 
1.552880e+00 1.686512e+02 
1.588630e+00 1.631559e+02 
1.623230e+00 1.580685e+02 
1.657720e+00 1.532231e+02 
1.692450e+00 1.485642e+02 
1.726400e+00 1.441607e+02 
1.762200e+00 1.397314e+02 
1.797880e+00 1.355032e+02 
1.833270e+00 1.314919e+02 
1.869070e+00 1.276021e+02 
1.903200e+00 1.240309e+02 
1.937740e+00 1.205608e+02 
1.973190e+00 1.171483e+02 
2.007440e+00 1.139757e+02 
2.042160e+00 1.108778e+02 
2.077900e+00 1.078088e+02 
2.112390e+00 1.049610e+02 
2.146220e+00 1.022738e+02 
2.181600e+00 9.955447e+01 
2.216930e+00 9.694584e+01 
2.250760e+00 9.453802e+01 
2.286500e+00 9.208178e+01 
2.321770e+00 8.974230e+01 
2.355950e+00 8.755051e+01 
2.391280e+00 8.537046e+01 
2.426240e+00 8.328923e+01 
2.460670e+00 8.130644e+01 
2.495640e+00 7.935574e+01 
2.531080e+00 7.744498e+01 
2.566220e+00 7.561095e+01 
2.600830e+00 7.386223e+01 
2.635080e+00 7.218615e+01 
2.670340e+00 7.052008e+01 
2.705970e+00 6.889173e+01 
2.740040e+00 6.738320e+01 
2.774520e+00 6.589779e+01 
2.809730e+00 6.443328e+01 
2.844390e+00 6.303776e+01 
2.879960e+00 6.164680e+01 
2.914860e+00 6.032185e+01 
2.949410e+00 5.904905e+01 
2.984440e+00 5.779580e+01 
3.019760e+00 5.656670e+01 
3.054730e+00 5.538453e+01 
3.089030e+00 5.426301e+01 
3.124060e+00 5.314971e+01 
3.159560e+00 5.205258e+01 
3.194710e+00 5.100049e+01 
3.229010e+00 5.000315e+01 
3.263320e+00 4.902439e+01 
3.297930e+00 4.806560e+01 
3.332830e+00 4.712778e+01 
3.368040e+00 4.620893e+01 
3.403300e+00 4.531493e+01 
3.438450e+00 4.444576e+01 
3.473060e+00 4.361238e+01 
3.508440e+00 4.278226e+01 
3.543110e+00 4.199005e+01 
3.577470e+00 4.122364e+01 
3.613040e+00 4.045153e+01 
3.648120e+00 3.971175e+01 
3.682910e+00 3.899574e+01 
3.718050e+00 3.828883e+01 
3.753320e+00 3.759873e+01 
3.787980e+00 3.693961e+01 
3.822290e+00 3.630203e+01 
3.857020e+00 3.567071e+01 
3.891920e+00 3.505243e+01 
3.926650e+00 3.445335e+01 
3.961970e+00 3.385829e+01 
3.997360e+00 3.327540e+01 
4.031670e+00 3.272397e+01 
4.066330e+00 3.218158e+01 
4.101420e+00 3.164509e+01 
4.136200e+00 3.112418e+01 
4.170810e+00 3.061756e+01 
4.206250e+00 3.011060e+01 
4.241580e+00 2.961671e+01 
4.276300e+00 2.914419e+01 
4.310970e+00 2.868382e+01 
4.346120e+00 2.822651e+01 
4.380600e+00 2.778638e+01 
4.414730e+00 2.736007e+01 
4.450350e+00 2.692761e+01 
4.485320e+00 2.651218e+01 
4.519810e+00 2.610981e+01 
4.555430e+00 2.570245e+01 
4.590870e+00 2.530684e+01 
4.625480e+00 2.493073e+01 
4.659910e+00 2.456416e+01 
4.695230e+00 2.419525e+01 
4.729960e+00 2.383980e+01 
4.764450e+00 2.349422e+01 
4.799530e+00 2.315034e+01 
4.834910e+00 2.281047e+01 
4.869700e+00 2.248338e+01 
4.904370e+00 2.216385e+01 
4.939450e+00 2.184706e+01 
4.973940e+00 2.154219e+01 
5.008430e+00 2.124311e+01 
5.043810e+00 2.094277e+01 
5.078840e+00 2.065142e+01 
5.113500e+00 2.036857e+01 
5.148890e+00 2.008566e+01 
5.184210e+00 1.980864e+01 
5.219060e+00 1.954047e+01 
5.253660e+00 1.927934e+01 
5.288570e+00 1.902066e+01 
5.323420e+00 1.876790e+01 
5.358440e+00 1.851935e+01 
5.393590e+00 1.827438e+01 
5.428310e+00 1.803654e+01 
5.462800e+00 1.780433e+01 
5.497640e+00 1.757387e+01 
5.532670e+00 1.734732e+01 
5.567280e+00 1.712771e+01 
5.602000e+00 1.691119e+01 
5.637270e+00 1.669528e+01 
5.672410e+00 1.648393e+01 
5.707020e+00 1.627930e+01 
5.742040e+00 1.607615e+01 
5.777430e+00 1.587442e+01 
5.812210e+00 1.567948e+01 
5.846820e+00 1.548921e+01 
5.881610e+00 1.530120e+01 
5.916510e+00 1.511569e+01 
5.951600e+00 1.493290e+01 
5.986560e+00 1.475405e+01 
6.021830e+00 1.457654e+01 
6.056490e+00 1.440497e+01 
6.091160e+00 1.423612e+01 
6.125830e+00 1.406993e+01 
6.161090e+00 1.390377e+01 
6.195760e+00 1.374335e+01 
6.230420e+00 1.358547e+01 
6.265690e+00 1.342734e+01 
6.300950e+00 1.327261e+01 
6.335620e+00 1.312281e+01 
6.370880e+00 1.297279e+01 
6.405550e+00 1.282760e+01 
6.440220e+00 1.268462e+01 
6.475480e+00 1.254140e+01 
6.510150e+00 1.240293e+01 
6.544810e+00 1.226711e+01 
6.580080e+00 1.213095e+01 
6.614750e+00 1.199908e+01 
6.649410e+00 1.186959e+01 
6.684080e+00 1.174203e+01 
6.719340e+00 1.161419e+01 
6.754010e+00 1.149035e+01 
6.788680e+00 1.136840e+01 
6.823940e+00 1.124616e+01 
6.859800e+00 1.112364e+01 
6.894470e+00 1.100738e+01 
6.929140e+00 1.089294e+01 
6.963800e+00 1.078013e+01 
6.999070e+00 1.066693e+01 
7.033730e+00 1.055722e+01 
7.068400e+00 1.044899e+01 
7.103660e+00 1.034044e+01 
7.138330e+00 1.023544e+01 
7.173600e+00 1.013065e+01 
7.208260e+00 1.002907e+01 
7.243530e+00 9.927108e+00 
7.277600e+00 9.829841e+00 
7.312860e+00 9.730439e+00 
7.348120e+00 9.632378e+00 
7.382790e+00 9.537242e+00 
7.417460e+00 9.443842e+00 
7.452720e+00 9.350356e+00 
7.487390e+00 9.259640e+00 
7.522650e+00 9.168586e+00 
7.557320e+00 9.080519e+00 
7.591990e+00 8.993694e+00 
7.627250e+00 8.906528e+00 
7.662510e+00 8.820489e+00 
7.697180e+00 8.736847e+00 
7.731850e+00 8.654212e+00 
7.766510e+00 8.572641e+00 
7.801180e+00 8.492070e+00 
7.836440e+00 8.411606e+00 
7.871110e+00 8.333757e+00 
7.906380e+00 8.255547e+00 
7.941040e+00 8.179642e+00 
7.976310e+00 8.103431e+00 
8.011570e+00 8.028279e+00 
8.046240e+00 7.955289e+00 
8.080900e+00 7.883202e+00 
8.115570e+00 7.811992e+00 
8.150830e+00 7.740551e+00 
8.185500e+00 7.671152e+00 
8.220770e+00 7.601401e+00 
8.255430e+00 7.533676e+00 
8.290100e+00 7.467091e+00 
8.324770e+00 7.401331e+00 
8.359430e+00 7.336359e+00 
8.394700e+00 7.271022e+00 
8.429960e+00 7.206535e+00 
8.464630e+00 7.143930e+00 
8.499890e+00 7.080999e+00 
8.534560e+00 7.019839e+00 
8.569200e+00 6.959431e+00 
