# Parameters:
# omega_b = 0.023075, omega_m = 0.143425, n_s = 0.998031, h = 78.858268, w = -1.000000, sigma_8 = 0.722047
# z = 0.300000
#
# k[1/Mpc] # P(k):
8.694000e-04 6.415368e+03 
2.077466e-03 1.411916e+04 
3.285532e-03 2.034338e+04 
4.493598e-03 2.526934e+04 
5.701664e-03 2.902664e+04 
6.909730e-03 3.178188e+04 
8.117797e-03 3.374138e+04 
9.325863e-03 3.500893e+04 
1.053393e-02 3.568934e+04 
1.174199e-02 3.588003e+04 
1.295006e-02 3.564729e+04 
1.415813e-02 3.508254e+04 
1.536619e-02 3.426204e+04 
1.657426e-02 3.325098e+04 
1.778233e-02 3.210894e+04 
1.899039e-02 3.083864e+04 
2.019846e-02 2.945192e+04 
2.140652e-02 2.805349e+04 
2.261459e-02 2.669529e+04 
2.382266e-02 2.540308e+04 
2.503072e-02 2.419472e+04 
2.623879e-02 2.307714e+04 
2.744685e-02 2.205381e+04 
2.865492e-02 2.112762e+04 
2.986299e-02 2.029561e+04 
3.100100e-02 1.959652e+04 
3.220400e-02 1.894063e+04 
3.288100e-02 1.860899e+04 
3.424300e-02 1.801219e+04 
3.555100e-02 1.751560e+04 
3.686000e-02 1.708435e+04 
3.795000e-02 1.676557e+04 
3.929100e-02 1.641661e+04 
4.039800e-02 1.615209e+04 
4.164000e-02 1.587195e+04 
4.294400e-02 1.558260e+04 
4.415000e-02 1.531581e+04 
4.542900e-02 1.501657e+04 
4.660900e-02 1.473150e+04 
4.782300e-02 1.440752e+04 
4.892900e-02 1.409617e+04 
5.031200e-02 1.367991e+04 
5.155900e-02 1.327767e+04 
5.238100e-02 1.300126e+04 
5.378200e-02 1.251719e+04 
5.513400e-02 1.203550e+04 
5.627600e-02 1.162359e+04 
5.735300e-02 1.123830e+04 
5.870100e-02 1.076662e+04 
5.988700e-02 1.036606e+04 
6.113500e-02 9.963462e+03 
6.225900e-02 9.619833e+03 
6.340100e-02 9.294540e+03 
6.480200e-02 8.926327e+03 
6.601100e-02 8.639039e+03 
6.725500e-02 8.372152e+03 
6.829100e-02 8.174361e+03 
6.958600e-02 7.951787e+03 
7.071100e-02 7.782074e+03 
7.192300e-02 7.619512e+03 
7.307400e-02 7.482447e+03 
7.412300e-02 7.370583e+03 
7.550400e-02 7.241153e+03 
7.663100e-02 7.145315e+03 
7.791200e-02 7.046865e+03 
7.912700e-02 6.958688e+03 
8.027600e-02 6.878697e+03 
8.138400e-02 6.802634e+03 
8.272200e-02 6.709880e+03 
8.406100e-02 6.614868e+03 
8.534100e-02 6.518458e+03 
8.653800e-02 6.423686e+03 
8.759800e-02 6.336559e+03 
8.900300e-02 6.215148e+03 
9.009000e-02 6.115839e+03 
9.113300e-02 6.016545e+03 
9.239600e-02 5.894107e+03 
9.358000e-02 5.775857e+03 
9.496100e-02 5.633232e+03 
9.608400e-02 5.516764e+03 
9.727500e-02 5.393844e+03 
9.852600e-02 5.263050e+03 
9.973800e-02 5.139076e+03 
1.009000e-01 5.022828e+03 
1.020900e-01 4.907220e+03 
1.034000e-01 4.785024e+03 
1.046000e-01 4.677776e+03 
1.057200e-01 4.583837e+03 
1.069100e-01 4.488590e+03 
1.082500e-01 4.390491e+03 
1.093900e-01 4.313369e+03 
1.105400e-01 4.239877e+03 
1.116900e-01 4.174565e+03 
1.129600e-01 4.106492e+03 
1.142000e-01 4.047223e+03 
1.153300e-01 3.996637e+03 
1.166400e-01 3.942691e+03 
1.177800e-01 3.899110e+03 
1.190000e-01 3.854621e+03 
1.201200e-01 3.815647e+03 
1.213400e-01 3.774361e+03 
1.227100e-01 3.728733e+03 
1.238900e-01 3.689961e+03 
1.250700e-01 3.650411e+03 
1.263200e-01 3.608460e+03 
1.275500e-01 3.565844e+03 
1.287500e-01 3.523947e+03 
1.299900e-01 3.479622e+03 
1.311300e-01 3.438241e+03 
1.323500e-01 3.392611e+03 
1.335900e-01 3.345979e+03 
1.347100e-01 3.303044e+03 
1.359800e-01 3.254543e+03 
1.372100e-01 3.206867e+03 
1.384300e-01 3.160100e+03 
1.395700e-01 3.116047e+03 
1.407700e-01 3.070582e+03 
1.420300e-01 3.023014e+03 
1.432800e-01 2.976898e+03 
1.444500e-01 2.934520e+03 
1.456300e-01 2.892679e+03 
1.468900e-01 2.849786e+03 
1.480500e-01 2.811375e+03 
1.491700e-01 2.775607e+03 
1.503800e-01 2.738482e+03 
1.516400e-01 2.701003e+03 
1.528200e-01 2.668256e+03 
1.540200e-01 2.635602e+03 
1.551900e-01 2.605860e+03 
1.564300e-01 2.575304e+03 
1.576600e-01 2.546420e+03 
1.588700e-01 2.519550e+03 
1.600900e-01 2.493018e+03 
1.612700e-01 2.468799e+03 
1.625400e-01 2.443216e+03 
1.637600e-01 2.419469e+03 
1.649500e-01 2.396937e+03 
1.662200e-01 2.373290e+03 
1.674000e-01 2.351507e+03 
1.685000e-01 2.331538e+03 
1.697500e-01 2.308857e+03 
1.710300e-01 2.285678e+03 
1.722200e-01 2.264508e+03 
1.734400e-01 2.242185e+03 
1.746400e-01 2.220562e+03 
1.758700e-01 2.198482e+03 
1.770900e-01 2.176358e+03 
1.782700e-01 2.155317e+03 
1.794600e-01 2.133904e+03 
1.807000e-01 2.111601e+03 
1.819100e-01 2.090205e+03 
1.830100e-01 2.070594e+03 
1.842200e-01 2.049282e+03 
1.855000e-01 2.027117e+03 
1.867000e-01 2.006653e+03 
1.879200e-01 1.986186e+03 
1.890900e-01 1.966893e+03 
1.902800e-01 1.947689e+03 
1.915200e-01 1.927999e+03 
1.926900e-01 1.909793e+03 
1.939000e-01 1.891518e+03 
1.951700e-01 1.872642e+03 
1.963100e-01 1.856066e+03 
1.975100e-01 1.839158e+03 
1.987800e-01 1.821541e+03 
2.000100e-01 1.804864e+03 
2.012500e-01 1.788584e+03 
2.023400e-01 1.774478e+03 
2.036100e-01 1.758334e+03 
2.048900e-01 1.742530e+03 
2.060400e-01 1.728538e+03 
2.072200e-01 1.714397e+03 
2.084200e-01 1.700418e+03 
2.096900e-01 1.685839e+03 
2.109200e-01 1.671926e+03 
2.121100e-01 1.658737e+03 
2.132700e-01 1.646060e+03 
2.145200e-01 1.632589e+03 
2.157200e-01 1.619902e+03 
2.168800e-01 1.607831e+03 
2.180700e-01 1.595613e+03 
2.193400e-01 1.582793e+03 
2.206000e-01 1.570328e+03 
2.217500e-01 1.559103e+03 
2.229500e-01 1.547543e+03 
2.241400e-01 1.536369e+03 
2.253500e-01 1.525160e+03 
2.264900e-01 1.514735e+03 
2.277100e-01 1.503839e+03 
2.289900e-01 1.492693e+03 
2.301500e-01 1.482724e+03 
2.313600e-01 1.472457e+03 
2.325600e-01 1.462601e+03 
2.337700e-01 1.452789e+03 
2.350000e-01 1.442942e+03 
2.362000e-01 1.433566e+03 
2.374100e-01 1.424361e+03 
2.386500e-01 1.415046e+03 
2.399100e-01 1.405702e+03 
2.410400e-01 1.397522e+03 
2.422500e-01 1.388879e+03 
2.435000e-01 1.380061e+03 
2.447300e-01 1.371524e+03 
2.458700e-01 1.363832e+03 
2.470600e-01 1.355896e+03 
2.483300e-01 1.347529e+03 
2.495600e-01 1.339532e+03 
2.507600e-01 1.331832e+03 
2.519600e-01 1.324223e+03 
2.532200e-01 1.316327e+03 
2.543700e-01 1.309169e+03 
2.555500e-01 1.301881e+03 
2.568000e-01 1.294250e+03 
2.580100e-01 1.286950e+03 
2.592400e-01 1.279538e+03 
2.604100e-01 1.272534e+03 
2.616100e-01 1.265430e+03 
2.628400e-01 1.258231e+03 
2.640600e-01 1.251042e+03 
2.652200e-01 1.244231e+03 
2.664300e-01 1.237204e+03 
2.676500e-01 1.230198e+03 
2.688400e-01 1.223339e+03 
2.700700e-01 1.216264e+03 
2.712400e-01 1.209607e+03 
2.724800e-01 1.202629e+03 
2.736700e-01 1.195957e+03 
2.748800e-01 1.189198e+03 
2.761000e-01 1.182456e+03 
2.773200e-01 1.175786e+03 
2.785400e-01 1.169142e+03 
2.797000e-01 1.162793e+03 
2.808900e-01 1.156347e+03 
2.821400e-01 1.149648e+03 
2.833900e-01 1.143020e+03 
2.845500e-01 1.136908e+03 
2.857800e-01 1.130493e+03 
2.870300e-01 1.124044e+03 
2.882100e-01 1.118019e+03 
2.893900e-01 1.111997e+03 
2.906300e-01 1.105703e+03 
2.918900e-01 1.099375e+03 
2.930500e-01 1.093608e+03 
2.942500e-01 1.087703e+03 
2.954200e-01 1.082009e+03 
2.966500e-01 1.076083e+03 
2.978900e-01 1.070169e+03 
2.990400e-01 1.064738e+03 
3.002700e-01 1.058971e+03 
3.015100e-01 1.053209e+03 
3.026800e-01 1.047825e+03 
3.038500e-01 1.042493e+03 
3.050300e-01 1.037164e+03 
3.062600e-01 1.031613e+03 
3.075000e-01 1.026071e+03 
3.087000e-01 1.020760e+03 
3.099100e-01 1.015457e+03 
3.111200e-01 1.010224e+03 
3.123100e-01 1.005163e+03 
3.135300e-01 1.000023e+03 
3.147300e-01 9.950146e+02 
3.159900e-01 9.898062e+02 
3.171800e-01 9.849270e+02 
3.183700e-01 9.800881e+02 
3.196300e-01 9.750127e+02 
3.208400e-01 9.701848e+02 
3.220300e-01 9.654801e+02 
3.232000e-01 9.608901e+02 
3.244300e-01 9.561062e+02 
3.256700e-01 9.513283e+02 
3.269200e-01 9.465569e+02 
3.280800e-01 9.421689e+02 
3.292500e-01 9.378218e+02 
3.304800e-01 9.333052e+02 
3.317100e-01 9.288295e+02 
3.328900e-01 9.245740e+02 
3.340700e-01 9.203552e+02 
3.353600e-01 9.157792e+02 
3.365300e-01 9.116638e+02 
3.377100e-01 9.075486e+02 
3.389200e-01 9.033653e+02 
3.401600e-01 8.991161e+02 
3.413700e-01 8.950187e+02 
3.425300e-01 8.911326e+02 
3.437700e-01 8.870140e+02 
3.449800e-01 8.830300e+02 
3.461800e-01 8.791126e+02 
3.473600e-01 8.753083e+02 
3.485800e-01 8.714460e+02 
3.498100e-01 8.675854e+02 
3.510200e-01 8.638199e+02 
3.522000e-01 8.601783e+02 
3.533900e-01 8.565360e+02 
3.546400e-01 8.527348e+02 
3.558400e-01 8.491159e+02 
3.570600e-01 8.454673e+02 
3.582700e-01 8.418787e+02 
3.595000e-01 8.382610e+02 
3.607100e-01 8.347444e+02 
3.618900e-01 8.313527e+02 
3.631200e-01 8.278460e+02 
3.643200e-01 8.244528e+02 
3.655500e-01 8.210031e+02 
3.667300e-01 8.177202e+02 
3.679500e-01 8.144044e+02 
3.691900e-01 8.110618e+02 
3.703600e-01 8.079330e+02 
3.715700e-01 8.047226e+02 
3.727700e-01 8.015639e+02 
3.739900e-01 7.983747e+02 
3.752000e-01 7.952309e+02 
3.763900e-01 7.921632e+02 
3.775800e-01 7.891191e+02 
3.788200e-01 7.859720e+02 
3.800300e-01 7.829253e+02 
3.812100e-01 7.799848e+02 
3.824200e-01 7.769978e+02 
3.836100e-01 7.740828e+02 
3.848600e-01 7.710445e+02 
3.860400e-01 7.681985e+02 
3.872400e-01 7.653259e+02 
3.884600e-01 7.624351e+02 
3.896500e-01 7.596394e+02 
3.908700e-01 7.567948e+02 
3.920600e-01 7.540411e+02 
3.933100e-01 7.511705e+02 
3.945300e-01 7.483903e+02 
3.957200e-01 7.457055e+02 
3.969300e-01 7.429976e+02 
3.981700e-01 7.402435e+02 
3.993500e-01 7.376422e+02 
4.094840e-01 7.161310e+02 
4.272360e-01 6.814849e+02 
4.454600e-01 6.494100e+02 
4.630560e-01 6.211452e+02 
4.804610e-01 5.955267e+02 
4.980690e-01 5.716753e+02 
5.159230e-01 5.493192e+02 
5.317440e-01 5.309927e+02 
5.489640e-01 5.123520e+02 
5.671990e-01 4.941037e+02 
5.838690e-01 4.785531e+02 
6.018840e-01 4.629107e+02 
6.202330e-01 4.481032e+02 
6.379250e-01 4.347174e+02 
6.545410e-01 4.230020e+02 
6.714560e-01 4.117596e+02 
6.892080e-01 4.006523e+02 
7.066010e-01 3.904131e+02 
7.240540e-01 3.807174e+02 
7.420450e-01 3.712662e+02 
7.593780e-01 3.626351e+02 
7.764720e-01 3.545609e+02 
7.942840e-01 3.465542e+02 
8.116170e-01 3.391014e+02 
8.288310e-01 3.320034e+02 
8.462240e-01 3.251395e+02 
8.631980e-01 3.187454e+02 
8.810700e-01 3.122836e+02 
8.989410e-01 3.060458e+02 
9.166330e-01 3.001032e+02 
9.345640e-01 2.942771e+02 
9.515980e-01 2.889495e+02 
9.688720e-01 2.837273e+02 
9.865640e-01 2.785327e+02 
1.031870e+00 2.659300e+02 
1.063490e+00 2.576564e+02 
1.097920e+00 2.491480e+02 
1.134370e+00 2.405994e+02 
1.167730e+00 2.331547e+02 
1.203830e+00 2.254679e+02 
1.240470e+00 2.180748e+02 
1.275790e+00 2.112389e+02 
1.309140e+00 2.050845e+02 
1.342970e+00 1.990853e+02 
1.378420e+00 1.930818e+02 
1.413200e+00 1.874239e+02 
1.448110e+00 1.819760e+02 
1.484090e+00 1.765935e+02 
1.518820e+00 1.716331e+02 
1.552880e+00 1.669128e+02 
1.588630e+00 1.621733e+02 
1.623230e+00 1.577607e+02 
1.657720e+00 1.535363e+02 
1.692450e+00 1.494519e+02 
1.726400e+00 1.455647e+02 
1.762200e+00 1.416358e+02 
1.797880e+00 1.378641e+02 
1.833270e+00 1.342702e+02 
1.869070e+00 1.307663e+02 
1.903200e+00 1.275318e+02 
1.937740e+00 1.243750e+02 
1.973190e+00 1.212559e+02 
2.007440e+00 1.183421e+02 
2.042160e+00 1.154844e+02 
2.077900e+00 1.126398e+02 
2.112390e+00 1.099895e+02 
2.146220e+00 1.074772e+02 
2.181600e+00 1.049243e+02 
2.216930e+00 1.024651e+02 
2.250760e+00 1.001865e+02 
2.286500e+00 9.785321e+01 
2.321770e+00 9.562212e+01 
2.355950e+00 9.352421e+01 
2.391280e+00 9.142890e+01 
2.426240e+00 8.942171e+01 
2.460670e+00 8.750299e+01 
2.495640e+00 8.560893e+01 
2.531080e+00 8.374646e+01 
2.566220e+00 8.195272e+01 
2.600830e+00 8.023701e+01 
2.635080e+00 7.858752e+01 
2.670340e+00 7.694187e+01 
2.705970e+00 7.532884e+01 
2.740040e+00 7.383048e+01 
2.774520e+00 7.234998e+01 
2.809730e+00 7.088637e+01 
2.844390e+00 6.948845e+01 
2.879960e+00 6.809067e+01 
2.914860e+00 6.675483e+01 
2.949410e+00 6.546871e+01 
2.984440e+00 6.419878e+01 
3.019760e+00 6.294971e+01 
3.054730e+00 6.174571e+01 
3.089030e+00 6.059996e+01 
3.124060e+00 5.946035e+01 
3.159560e+00 5.833448e+01 
3.194710e+00 5.725238e+01 
3.229010e+00 5.622501e+01 
3.263320e+00 5.521271e+01 
3.297930e+00 5.421961e+01 
3.332830e+00 5.324618e+01 
3.368040e+00 5.229036e+01 
3.403300e+00 5.135867e+01 
3.438450e+00 5.045038e+01 
3.473060e+00 4.957838e+01 
3.508440e+00 4.870731e+01 
3.543110e+00 4.787502e+01 
3.577470e+00 4.706742e+01 
3.613040e+00 4.625282e+01 
3.648120e+00 4.547072e+01 
3.682910e+00 4.471256e+01 
3.718050e+00 4.396228e+01 
3.753320e+00 4.322885e+01 
3.787980e+00 4.252719e+01 
3.822290e+00 4.184731e+01 
3.857020e+00 4.117267e+01 
3.891920e+00 4.051110e+01 
3.926650e+00 3.986894e+01 
3.961970e+00 3.923025e+01 
3.997360e+00 3.860328e+01 
4.031670e+00 3.800957e+01 
4.066330e+00 3.742448e+01 
4.101420e+00 3.684529e+01 
4.136200e+00 3.628164e+01 
4.170810e+00 3.573307e+01 
4.206250e+00 3.518275e+01 
4.241580e+00 3.464607e+01 
4.276300e+00 3.413202e+01 
4.310970e+00 3.363072e+01 
4.346120e+00 3.313203e+01 
4.380600e+00 3.265108e+01 
4.414730e+00 3.218491e+01 
4.450350e+00 3.171128e+01 
4.485320e+00 3.125599e+01 
4.519810e+00 3.081419e+01 
4.555430e+00 3.036640e+01 
4.590870e+00 2.993109e+01 
4.625480e+00 2.951669e+01 
4.659910e+00 2.911257e+01 
4.695230e+00 2.870512e+01 
4.729960e+00 2.831221e+01 
4.764450e+00 2.792977e+01 
4.799530e+00 2.754866e+01 
4.834910e+00 2.717176e+01 
4.869700e+00 2.680838e+01 
4.904370e+00 2.645312e+01 
4.939450e+00 2.610062e+01 
4.973940e+00 2.576098e+01 
5.008430e+00 2.542760e+01 
5.043810e+00 2.509230e+01 
5.078840e+00 2.476666e+01 
5.113500e+00 2.445035e+01 
5.148890e+00 2.413347e+01 
5.184210e+00 2.382301e+01 
5.219060e+00 2.352221e+01 
5.253660e+00 2.322890e+01 
5.288570e+00 2.293819e+01 
5.323420e+00 2.265383e+01 
5.358440e+00 2.237391e+01 
5.393590e+00 2.209786e+01 
5.428310e+00 2.182944e+01 
5.462800e+00 2.156710e+01 
5.497640e+00 2.130659e+01 
5.532670e+00 2.105018e+01 
5.567280e+00 2.080145e+01 
5.602000e+00 2.055608e+01 
5.637270e+00 2.031105e+01 
5.672410e+00 2.007101e+01 
5.707020e+00 1.983849e+01 
5.742040e+00 1.960730e+01 
5.777430e+00 1.937756e+01 
5.812210e+00 1.915544e+01 
5.846820e+00 1.893832e+01 
5.881610e+00 1.872362e+01 
5.916510e+00 1.851167e+01 
5.951600e+00 1.830256e+01 
5.986560e+00 1.809778e+01 
6.021830e+00 1.789444e+01 
6.056490e+00 1.769767e+01 
6.091160e+00 1.750381e+01 
6.125830e+00 1.731291e+01 
6.161090e+00 1.712188e+01 
6.195760e+00 1.693718e+01 
6.230420e+00 1.675532e+01 
6.265690e+00 1.657308e+01 
6.300950e+00 1.639443e+01 
6.335620e+00 1.622139e+01 
6.370880e+00 1.604801e+01 
6.405550e+00 1.587998e+01 
6.440220e+00 1.571436e+01 
6.475480e+00 1.554839e+01 
6.510150e+00 1.538779e+01 
6.544810e+00 1.523002e+01 
6.580080e+00 1.507179e+01 
6.614750e+00 1.491849e+01 
6.649410e+00 1.476771e+01 
6.684080e+00 1.461908e+01 
6.719340e+00 1.447005e+01 
6.754010e+00 1.432556e+01 
6.788680e+00 1.418302e+01 
6.823940e+00 1.404007e+01 
6.859800e+00 1.389674e+01 
6.894470e+00 1.376052e+01 
6.929140e+00 1.362632e+01 
6.963800e+00 1.349397e+01 
6.999070e+00 1.336111e+01 
7.033730e+00 1.323205e+01 
7.068400e+00 1.310468e+01 
7.103660e+00 1.297688e+01 
7.138330e+00 1.285315e+01 
7.173600e+00 1.272947e+01 
7.208260e+00 1.260953e+01 
7.243530e+00 1.248908e+01 
7.277600e+00 1.237401e+01 
7.312860e+00 1.225624e+01 
7.348120e+00 1.214001e+01 
7.382790e+00 1.202721e+01 
7.417460e+00 1.191630e+01 
7.452720e+00 1.180518e+01 
7.487390e+00 1.169732e+01 
7.522650e+00 1.158901e+01 
7.557320e+00 1.148406e+01 
7.591990e+00 1.138050e+01 
7.627250e+00 1.127649e+01 
7.662510e+00 1.117379e+01 
7.697180e+00 1.107373e+01 
7.731850e+00 1.097477e+01 
7.766510e+00 1.087705e+01 
7.801180e+00 1.078049e+01 
7.836440e+00 1.068392e+01 
7.871110e+00 1.059039e+01 
7.906380e+00 1.049639e+01 
7.941040e+00 1.040513e+01 
7.976310e+00 1.031338e+01 
8.011570e+00 1.022275e+01 
8.046240e+00 1.013471e+01 
8.080900e+00 1.004772e+01 
8.115570e+00 9.961720e+00 
8.150830e+00 9.875213e+00 
8.185500e+00 9.791155e+00 
8.220770e+00 9.706644e+00 
8.255430e+00 9.624564e+00 
8.290100e+00 9.543679e+00 
8.324770e+00 9.463754e+00 
8.359430e+00 9.384765e+00 
8.394700e+00 9.305310e+00 
8.429960e+00 9.226765e+00 
8.464630e+00 9.150386e+00 
8.499890e+00 9.073590e+00 
8.534560e+00 8.998935e+00 
8.569200e+00 8.925177e+00 
