# Parameters:
# omega_b = 0.023012, omega_m = 0.120551, n_s = 0.898819, h = 76.968504, w = -1.000000, sigma_8 = 0.898425
# z = 0.300000
#
# k[1/Mpc] # P(k):
8.694000e-04 2.856503e+04 
2.077466e-03 5.649412e+04 
3.285532e-03 7.634322e+04 
4.493598e-03 9.019387e+04 
5.701664e-03 9.930975e+04 
6.909730e-03 1.047507e+05 
8.117797e-03 1.075126e+05 
9.325863e-03 1.080997e+05 
1.053393e-02 1.069677e+05 
1.174199e-02 1.045068e+05 
1.295006e-02 1.009772e+05 
1.415813e-02 9.670742e+04 
1.536619e-02 9.196227e+04 
1.657426e-02 8.692378e+04 
1.778233e-02 8.173252e+04 
1.899039e-02 7.659877e+04 
2.019846e-02 7.166348e+04 
2.140652e-02 6.702758e+04 
2.261459e-02 6.272264e+04 
2.382266e-02 5.878264e+04 
2.503072e-02 5.522690e+04 
2.623879e-02 5.204485e+04 
2.744685e-02 4.922920e+04 
2.865492e-02 4.675162e+04 
2.986299e-02 4.458111e+04 
3.100100e-02 4.279905e+04 
3.220400e-02 4.115602e+04 
3.288100e-02 4.033369e+04 
3.424300e-02 3.886059e+04 
3.555100e-02 3.763093e+04 
3.686000e-02 3.654748e+04 
3.795000e-02 3.572851e+04 
3.929100e-02 3.479709e+04 
4.039800e-02 3.406406e+04 
4.164000e-02 3.326361e+04 
4.294400e-02 3.240916e+04 
4.415000e-02 3.161404e+04 
4.542900e-02 3.072704e+04 
4.660900e-02 2.989372e+04 
4.782300e-02 2.897977e+04 
4.892900e-02 2.812899e+04 
5.031200e-02 2.703636e+04 
5.155900e-02 2.602891e+04 
5.238100e-02 2.536075e+04 
5.378200e-02 2.422958e+04 
5.513400e-02 2.315292e+04 
5.627600e-02 2.226578e+04 
5.735300e-02 2.145924e+04 
5.870100e-02 2.049943e+04 
5.988700e-02 1.970437e+04 
6.113500e-02 1.892206e+04 
6.225900e-02 1.826692e+04 
6.340100e-02 1.765565e+04 
6.480200e-02 1.697117e+04 
6.601100e-02 1.644259e+04 
6.725500e-02 1.595374e+04 
6.829100e-02 1.559189e+04 
6.958600e-02 1.518383e+04 
7.071100e-02 1.487058e+04 
7.192300e-02 1.456766e+04 
7.307400e-02 1.430883e+04 
7.412300e-02 1.409427e+04 
7.550400e-02 1.384001e+04 
7.663100e-02 1.364761e+04 
7.791200e-02 1.344318e+04 
7.912700e-02 1.325428e+04 
8.027600e-02 1.307845e+04 
8.138400e-02 1.290799e+04 
8.272200e-02 1.269639e+04 
8.406100e-02 1.247636e+04 
8.534100e-02 1.225091e+04 
8.653800e-02 1.202834e+04 
8.759800e-02 1.182411e+04 
8.900300e-02 1.154113e+04 
9.009000e-02 1.131201e+04 
9.113300e-02 1.108601e+04 
9.239600e-02 1.081085e+04 
9.358000e-02 1.055026e+04 
9.496100e-02 1.024546e+04 
9.608400e-02 1.000272e+04 
9.727500e-02 9.751514e+03 
9.852600e-02 9.497379e+03 
9.973800e-02 9.262570e+03 
1.009000e-01 9.047316e+03 
1.020900e-01 8.844929e+03 
1.034000e-01 8.635762e+03 
1.046000e-01 8.457094e+03 
1.057200e-01 8.307361e+03 
1.069100e-01 8.157503e+03 
1.082500e-01 8.008404e+03 
1.093900e-01 7.892934e+03 
1.105400e-01 7.783948e+03 
1.116900e-01 7.687698e+03 
1.129600e-01 7.587078e+03 
1.142000e-01 7.497600e+03 
1.153300e-01 7.419446e+03 
1.166400e-01 7.333236e+03 
1.177800e-01 7.259311e+03 
1.190000e-01 7.181750e+03 
1.201200e-01 7.107680e+03 
1.213400e-01 7.028085e+03 
1.227100e-01 6.932039e+03 
1.238900e-01 6.849148e+03 
1.250700e-01 6.760764e+03 
1.263200e-01 6.666359e+03 
1.275500e-01 6.569050e+03 
1.287500e-01 6.473725e+03 
1.299900e-01 6.373393e+03 
1.311300e-01 6.281311e+03 
1.323500e-01 6.182058e+03 
1.335900e-01 6.083025e+03 
1.347100e-01 5.994877e+03 
1.359800e-01 5.897591e+03 
1.372100e-01 5.806366e+03 
1.384300e-01 5.718757e+03 
1.395700e-01 5.640586e+03 
1.407700e-01 5.560421e+03 
1.420300e-01 5.481862e+03 
1.432800e-01 5.405653e+03 
1.444500e-01 5.339628e+03 
1.456300e-01 5.274381e+03 
1.468900e-01 5.209066e+03 
1.480500e-01 5.151017e+03 
1.491700e-01 5.097029e+03 
1.503800e-01 5.041095e+03 
1.516400e-01 4.984322e+03 
1.528200e-01 4.933543e+03 
1.540200e-01 4.882881e+03 
1.551900e-01 4.834610e+03 
1.564300e-01 4.784465e+03 
1.576600e-01 4.735685e+03 
1.588700e-01 4.688606e+03 
1.600900e-01 4.641962e+03 
1.612700e-01 4.596565e+03 
1.625400e-01 4.548609e+03 
1.637600e-01 4.502817e+03 
1.649500e-01 4.458612e+03 
1.662200e-01 4.412096e+03 
1.674000e-01 4.368560e+03 
1.685000e-01 4.328653e+03 
1.697500e-01 4.283529e+03 
1.710300e-01 4.237619e+03 
1.722200e-01 4.195695e+03 
1.734400e-01 4.152708e+03 
1.746400e-01 4.111122e+03 
1.758700e-01 4.069192e+03 
1.770900e-01 4.028246e+03 
1.782700e-01 3.989305e+03 
1.794600e-01 3.950623e+03 
1.807000e-01 3.910953e+03 
1.819100e-01 3.872891e+03 
1.830100e-01 3.839041e+03 
1.842200e-01 3.802421e+03 
1.855000e-01 3.764365e+03 
1.867000e-01 3.730115e+03 
1.879200e-01 3.695848e+03 
1.890900e-01 3.663610e+03 
1.902800e-01 3.631901e+03 
1.915200e-01 3.599376e+03 
1.926900e-01 3.569320e+03 
1.939000e-01 3.539224e+03 
1.951700e-01 3.508130e+03 
1.963100e-01 3.480764e+03 
1.975100e-01 3.452712e+03 
1.987800e-01 3.423476e+03 
2.000100e-01 3.395676e+03 
2.012500e-01 3.368257e+03 
2.023400e-01 3.344495e+03 
2.036100e-01 3.317193e+03 
2.048900e-01 3.290054e+03 
2.060400e-01 3.266025e+03 
2.072200e-01 3.241698e+03 
2.084200e-01 3.217184e+03 
2.096900e-01 3.191614e+03 
2.109200e-01 3.167210e+03 
2.121100e-01 3.143630e+03 
2.132700e-01 3.120940e+03 
2.145200e-01 3.096827e+03 
2.157200e-01 3.073814e+03 
2.168800e-01 3.051780e+03 
2.180700e-01 3.029475e+03 
2.193400e-01 3.005908e+03 
2.206000e-01 2.982688e+03 
2.217500e-01 2.961778e+03 
2.229500e-01 2.940241e+03 
2.241400e-01 2.918986e+03 
2.253500e-01 2.897651e+03 
2.264900e-01 2.877808e+03 
2.277100e-01 2.856828e+03 
2.289900e-01 2.835094e+03 
2.301500e-01 2.815656e+03 
2.313600e-01 2.795634e+03 
2.325600e-01 2.775919e+03 
2.337700e-01 2.756292e+03 
2.350000e-01 2.736596e+03 
2.362000e-01 2.717652e+03 
2.374100e-01 2.698824e+03 
2.386500e-01 2.679774e+03 
2.399100e-01 2.660663e+03 
2.410400e-01 2.643708e+03 
2.422500e-01 2.625766e+03 
2.435000e-01 2.607460e+03 
2.447300e-01 2.589724e+03 
2.458700e-01 2.573688e+03 
2.470600e-01 2.557143e+03 
2.483300e-01 2.539700e+03 
2.495600e-01 2.523102e+03 
2.507600e-01 2.507220e+03 
2.519600e-01 2.491524e+03 
2.532200e-01 2.475240e+03 
2.543700e-01 2.460677e+03 
2.555500e-01 2.445986e+03 
2.568000e-01 2.430604e+03 
2.580100e-01 2.415889e+03 
2.592400e-01 2.401268e+03 
2.604100e-01 2.387591e+03 
2.616100e-01 2.373718e+03 
2.628400e-01 2.359660e+03 
2.640600e-01 2.345959e+03 
2.652200e-01 2.333109e+03 
2.664300e-01 2.319850e+03 
2.676500e-01 2.306631e+03 
2.688400e-01 2.293938e+03 
2.700700e-01 2.281001e+03 
2.712400e-01 2.268827e+03 
2.724800e-01 2.256065e+03 
2.736700e-01 2.244016e+03 
2.748800e-01 2.231963e+03 
2.761000e-01 2.219941e+03 
2.773200e-01 2.208048e+03 
2.785400e-01 2.196262e+03 
2.797000e-01 2.185132e+03 
2.808900e-01 2.173830e+03 
2.821400e-01 2.162084e+03 
2.833900e-01 2.150468e+03 
2.845500e-01 2.139874e+03 
2.857800e-01 2.128754e+03 
2.870300e-01 2.117574e+03 
2.882100e-01 2.107128e+03 
2.893900e-01 2.096727e+03 
2.906300e-01 2.085875e+03 
2.918900e-01 2.074964e+03 
2.930500e-01 2.065021e+03 
2.942500e-01 2.054848e+03 
2.954200e-01 2.045065e+03 
2.966500e-01 2.034882e+03 
2.978900e-01 2.024720e+03 
2.990400e-01 2.015388e+03 
3.002700e-01 2.005487e+03 
3.015100e-01 1.995598e+03 
3.026800e-01 1.986358e+03 
3.038500e-01 1.977206e+03 
3.050300e-01 1.968060e+03 
3.062600e-01 1.958536e+03 
3.075000e-01 1.949029e+03 
3.087000e-01 1.939917e+03 
3.099100e-01 1.930817e+03 
3.111200e-01 1.921846e+03 
3.123100e-01 1.913182e+03 
3.135300e-01 1.904382e+03 
3.147300e-01 1.895808e+03 
3.159900e-01 1.886891e+03 
3.171800e-01 1.878539e+03 
3.183700e-01 1.870256e+03 
3.196300e-01 1.861569e+03 
3.208400e-01 1.853305e+03 
3.220300e-01 1.845252e+03 
3.232000e-01 1.837398e+03 
3.244300e-01 1.829215e+03 
3.256700e-01 1.821041e+03 
3.269200e-01 1.812879e+03 
3.280800e-01 1.805372e+03 
3.292500e-01 1.797943e+03 
3.304800e-01 1.790226e+03 
3.317100e-01 1.782579e+03 
3.328900e-01 1.775309e+03 
3.340700e-01 1.768101e+03 
3.353600e-01 1.760281e+03 
3.365300e-01 1.753247e+03 
3.377100e-01 1.746213e+03 
3.389200e-01 1.739063e+03 
3.401600e-01 1.731801e+03 
3.413700e-01 1.724798e+03 
3.425300e-01 1.718157e+03 
3.437700e-01 1.711119e+03 
3.449800e-01 1.704311e+03 
3.461800e-01 1.697617e+03 
3.473600e-01 1.691107e+03 
3.485800e-01 1.684477e+03 
3.498100e-01 1.677851e+03 
3.510200e-01 1.671387e+03 
3.522000e-01 1.665137e+03 
3.533900e-01 1.658885e+03 
3.546400e-01 1.652353e+03 
3.558400e-01 1.646134e+03 
3.570600e-01 1.639863e+03 
3.582700e-01 1.633696e+03 
3.595000e-01 1.627479e+03 
3.607100e-01 1.621425e+03 
3.618900e-01 1.615576e+03 
3.631200e-01 1.609529e+03 
3.643200e-01 1.603677e+03 
3.655500e-01 1.597729e+03 
3.667300e-01 1.592069e+03 
3.679500e-01 1.586312e+03 
3.691900e-01 1.580508e+03 
3.703600e-01 1.575077e+03 
3.715700e-01 1.569503e+03 
3.727700e-01 1.564020e+03 
3.739900e-01 1.558482e+03 
3.752000e-01 1.553016e+03 
3.763900e-01 1.547684e+03 
3.775800e-01 1.542393e+03 
3.788200e-01 1.536923e+03 
3.800300e-01 1.531627e+03 
3.812100e-01 1.526489e+03 
3.824200e-01 1.521251e+03 
3.836100e-01 1.516140e+03 
3.848600e-01 1.510812e+03 
3.860400e-01 1.505822e+03 
3.872400e-01 1.500786e+03 
3.884600e-01 1.495684e+03 
3.896500e-01 1.490738e+03 
3.908700e-01 1.485705e+03 
3.920600e-01 1.480834e+03 
3.933100e-01 1.475756e+03 
3.945300e-01 1.470838e+03 
3.957200e-01 1.466080e+03 
3.969300e-01 1.461280e+03 
3.981700e-01 1.456398e+03 
3.993500e-01 1.451786e+03 
4.094840e-01 1.413415e+03 
4.272360e-01 1.350903e+03 
4.454600e-01 1.292318e+03 
4.630560e-01 1.240195e+03 
4.804610e-01 1.192549e+03 
4.980690e-01 1.147958e+03 
5.159230e-01 1.105906e+03 
5.317440e-01 1.071268e+03 
5.489640e-01 1.035792e+03 
5.671990e-01 1.000836e+03 
5.838690e-01 9.708138e+02 
6.018840e-01 9.403711e+02 
6.202330e-01 9.112085e+02 
6.379250e-01 8.846378e+02 
6.545410e-01 8.610675e+02 
6.714560e-01 8.382437e+02 
6.892080e-01 8.154063e+02 
7.066010e-01 7.940799e+02 
7.240540e-01 7.737113e+02 
7.420450e-01 7.535539e+02 
7.593780e-01 7.349681e+02 
7.764720e-01 7.174197e+02 
7.942840e-01 6.998428e+02 
8.116170e-01 6.833013e+02 
8.288310e-01 6.674379e+02 
8.462240e-01 6.520040e+02 
8.631980e-01 6.374960e+02 
8.810700e-01 6.227411e+02 
8.989410e-01 6.084459e+02 
9.166330e-01 5.947661e+02 
9.345640e-01 5.813228e+02 
9.515980e-01 5.689862e+02 
9.688720e-01 5.568597e+02 
9.865640e-01 5.447841e+02 
1.031870e+00 5.154745e+02 
1.063490e+00 4.962543e+02 
1.097920e+00 4.764913e+02 
1.134370e+00 4.567585e+02 
1.167730e+00 4.396558e+02 
1.203830e+00 4.221059e+02 
1.240470e+00 4.053395e+02 
1.275790e+00 3.899555e+02 
1.309140e+00 3.762089e+02 
1.342970e+00 3.629233e+02 
1.378420e+00 3.497236e+02 
1.413200e+00 3.373905e+02 
1.448110e+00 3.256101e+02 
1.484090e+00 3.140736e+02 
1.518820e+00 3.035139e+02 
1.552880e+00 2.935693e+02 
1.588630e+00 2.836569e+02 
1.623230e+00 2.744940e+02 
1.657720e+00 2.657826e+02 
1.692450e+00 2.574271e+02 
1.726400e+00 2.495456e+02 
1.762200e+00 2.416342e+02 
1.797880e+00 2.340998e+02 
1.833270e+00 2.269579e+02 
1.869070e+00 2.200471e+02 
1.903200e+00 2.137154e+02 
1.937740e+00 2.075714e+02 
1.973190e+00 2.015420e+02 
2.007440e+00 1.959446e+02 
2.042160e+00 1.904868e+02 
2.077900e+00 1.850872e+02 
2.112390e+00 1.800858e+02 
2.146220e+00 1.753734e+02 
2.181600e+00 1.706117e+02 
2.216930e+00 1.660496e+02 
2.250760e+00 1.618438e+02 
2.286500e+00 1.575591e+02 
2.321770e+00 1.534833e+02 
2.355950e+00 1.496694e+02 
2.391280e+00 1.458811e+02 
2.426240e+00 1.422686e+02 
2.460670e+00 1.388304e+02 
2.495640e+00 1.354512e+02 
2.531080e+00 1.321456e+02 
2.566220e+00 1.289757e+02 
2.600830e+00 1.259560e+02 
2.635080e+00 1.230642e+02 
2.670340e+00 1.201936e+02 
2.705970e+00 1.173902e+02 
2.740040e+00 1.147948e+02 
2.774520e+00 1.122419e+02 
2.809730e+00 1.097271e+02 
2.844390e+00 1.073323e+02 
2.879960e+00 1.049474e+02 
2.914860e+00 1.026776e+02 
2.949410e+00 1.004984e+02 
2.984440e+00 9.835456e+01 
3.019760e+00 9.625334e+01 
3.054730e+00 9.423323e+01 
3.089030e+00 9.231899e+01 
3.124060e+00 9.041950e+01 
3.159560e+00 8.854865e+01 
3.194710e+00 8.675585e+01 
3.229010e+00 8.505683e+01 
3.263320e+00 8.339091e+01 
3.297930e+00 8.175950e+01 
3.332830e+00 8.016484e+01 
3.368040e+00 7.860308e+01 
3.403300e+00 7.708403e+01 
3.438450e+00 7.560824e+01 
3.473060e+00 7.419345e+01 
3.508440e+00 7.278515e+01 
3.543110e+00 7.144130e+01 
3.577470e+00 7.014208e+01 
3.613040e+00 6.883341e+01 
3.648120e+00 6.758020e+01 
3.682910e+00 6.636740e+01 
3.718050e+00 6.517034e+01 
3.753320e+00 6.400208e+01 
3.787980e+00 6.288681e+01 
3.822290e+00 6.180810e+01 
3.857020e+00 6.074020e+01 
3.891920e+00 5.969457e+01 
3.926650e+00 5.868181e+01 
3.961970e+00 5.767589e+01 
3.997360e+00 5.669078e+01 
4.031670e+00 5.575886e+01 
4.066330e+00 5.484252e+01 
4.101420e+00 5.393607e+01 
4.136200e+00 5.305631e+01 
4.170810e+00 5.220059e+01 
4.206250e+00 5.134450e+01 
4.241580e+00 5.051046e+01 
4.276300e+00 4.971261e+01 
4.310970e+00 4.893528e+01 
4.346120e+00 4.816313e+01 
4.380600e+00 4.742001e+01 
4.414730e+00 4.670014e+01 
4.450350e+00 4.597012e+01 
4.485320e+00 4.526877e+01 
4.519810e+00 4.458940e+01 
4.555430e+00 4.390154e+01 
4.590870e+00 4.323349e+01 
4.625480e+00 4.259842e+01 
4.659910e+00 4.197939e+01 
4.695230e+00 4.135637e+01 
4.729960e+00 4.075600e+01 
4.764450e+00 4.017224e+01 
4.799530e+00 3.959126e+01 
4.834910e+00 3.901700e+01 
4.869700e+00 3.846429e+01 
4.904370e+00 3.792430e+01 
4.939450e+00 3.738887e+01 
4.973940e+00 3.687350e+01 
5.008430e+00 3.636786e+01 
5.043810e+00 3.585994e+01 
5.078840e+00 3.536713e+01 
5.113500e+00 3.488864e+01 
5.148890e+00 3.440990e+01 
5.184210e+00 3.394108e+01 
5.219060e+00 3.348716e+01 
5.253660e+00 3.304502e+01 
5.288570e+00 3.260699e+01 
5.323420e+00 3.217883e+01 
5.358440e+00 3.175768e+01 
5.393590e+00 3.134252e+01 
5.428310e+00 3.093931e+01 
5.462800e+00 3.054555e+01 
5.497640e+00 3.015472e+01 
5.532670e+00 2.977036e+01 
5.567280e+00 2.939772e+01 
5.602000e+00 2.903027e+01 
5.637270e+00 2.866362e+01 
5.672410e+00 2.830463e+01 
5.707020e+00 2.795702e+01 
5.742040e+00 2.761171e+01 
5.777430e+00 2.726874e+01 
5.812210e+00 2.693731e+01 
5.846820e+00 2.661355e+01 
5.881610e+00 2.629360e+01 
5.916510e+00 2.597787e+01 
5.951600e+00 2.566658e+01 
5.986560e+00 2.536191e+01 
6.021830e+00 2.505950e+01 
6.056490e+00 2.476704e+01 
6.091160e+00 2.447909e+01 
6.125830e+00 2.419566e+01 
6.161090e+00 2.391217e+01 
6.195760e+00 2.363829e+01 
6.230420e+00 2.336873e+01 
6.265690e+00 2.309872e+01 
6.300950e+00 2.283423e+01 
6.335620e+00 2.257815e+01 
6.370880e+00 2.232169e+01 
6.405550e+00 2.207327e+01 
6.440220e+00 2.182855e+01 
6.475480e+00 2.158340e+01 
6.510150e+00 2.134630e+01 
6.544810e+00 2.111353e+01 
6.580080e+00 2.088016e+01 
6.614750e+00 2.065415e+01 
6.649410e+00 2.043201e+01 
6.684080e+00 2.021313e+01 
6.719340e+00 1.999375e+01 
6.754010e+00 1.978116e+01 
6.788680e+00 1.957159e+01 
6.823940e+00 1.936151e+01 
6.859800e+00 1.915095e+01 
6.894470e+00 1.895099e+01 
6.929140e+00 1.875408e+01 
6.963800e+00 1.855996e+01 
6.999070e+00 1.836518e+01 
7.033730e+00 1.817611e+01 
7.068400e+00 1.798960e+01 
7.103660e+00 1.780253e+01 
7.138330e+00 1.762151e+01 
7.173600e+00 1.744067e+01 
7.208260e+00 1.726537e+01 
7.243530e+00 1.708940e+01 
7.277600e+00 1.692143e+01 
7.312860e+00 1.674966e+01 
7.348120e+00 1.658022e+01 
7.382790e+00 1.641584e+01 
7.417460e+00 1.625427e+01 
7.452720e+00 1.609248e+01 
7.487390e+00 1.593548e+01 
7.522650e+00 1.577790e+01 
7.557320e+00 1.562533e+01 
7.591990e+00 1.547485e+01 
7.627250e+00 1.532378e+01 
7.662510e+00 1.517468e+01 
7.697180e+00 1.502957e+01 
7.731850e+00 1.488614e+01 
7.766510e+00 1.474457e+01 
7.801180e+00 1.460475e+01 
7.836440e+00 1.446497e+01 
7.871110e+00 1.432966e+01 
7.906380e+00 1.419372e+01 
7.941040e+00 1.406180e+01 
7.976310e+00 1.392926e+01 
8.011570e+00 1.379845e+01 
8.046240e+00 1.367142e+01 
8.080900e+00 1.354597e+01 
8.115570e+00 1.342201e+01 
8.150830e+00 1.329750e+01 
8.185500e+00 1.317657e+01 
8.220770e+00 1.305503e+01 
8.255430e+00 1.293703e+01 
8.290100e+00 1.282084e+01 
8.324770e+00 1.270606e+01 
8.359430e+00 1.259268e+01 
8.394700e+00 1.247867e+01 
8.429960e+00 1.236607e+01 
8.464630e+00 1.225668e+01 
8.499890e+00 1.214674e+01 
8.534560e+00 1.203990e+01 
8.569200e+00 1.193439e+01 
