# Parameters:
# omega_b = 0.022492, omega_m = 0.129921, n_s = 0.936614, h = 81.220472, w = -1.000000, sigma_8 = 0.759843
# z = 0.300000
#
# k[1/Mpc] # P(k):
8.694000e-04 1.253063e+04 
2.077466e-03 2.584735e+04 
3.285532e-03 3.581596e+04 
4.493598e-03 4.314288e+04 
5.701664e-03 4.830213e+04 
6.909730e-03 5.171124e+04 
8.117797e-03 5.379589e+04 
9.325863e-03 5.477553e+04 
1.053393e-02 5.485781e+04 
1.174199e-02 5.422661e+04 
1.295006e-02 5.300427e+04 
1.415813e-02 5.134809e+04 
1.536619e-02 4.938689e+04 
1.657426e-02 4.722635e+04 
1.778233e-02 4.497170e+04 
1.899039e-02 4.265070e+04 
2.019846e-02 4.025938e+04 
2.140652e-02 3.791886e+04 
2.261459e-02 3.570353e+04 
2.382266e-02 3.364826e+04 
2.503072e-02 3.177046e+04 
2.623879e-02 3.007094e+04 
2.744685e-02 2.854961e+04 
2.865492e-02 2.719848e+04 
2.986299e-02 2.600548e+04 
3.100100e-02 2.501963e+04 
3.220400e-02 2.410715e+04 
3.288100e-02 2.365027e+04 
3.424300e-02 2.283347e+04 
3.555100e-02 2.215640e+04 
3.686000e-02 2.156715e+04 
3.795000e-02 2.112817e+04 
3.929100e-02 2.063929e+04 
4.039800e-02 2.026114e+04 
4.164000e-02 1.985315e+04 
4.294400e-02 1.942135e+04 
4.415000e-02 1.901887e+04 
4.542900e-02 1.856486e+04 
4.660900e-02 1.813302e+04 
4.782300e-02 1.764802e+04 
4.892900e-02 1.718797e+04 
5.031200e-02 1.658351e+04 
5.155900e-02 1.601190e+04 
5.238100e-02 1.562582e+04 
5.378200e-02 1.496091e+04 
5.513400e-02 1.431428e+04 
5.627600e-02 1.377224e+04 
5.735300e-02 1.327323e+04 
5.870100e-02 1.267232e+04 
5.988700e-02 1.216994e+04 
6.113500e-02 1.167213e+04 
6.225900e-02 1.125311e+04 
6.340100e-02 1.086112e+04 
6.480200e-02 1.042211e+04 
6.601100e-02 1.008394e+04 
6.725500e-02 9.772841e+03 
6.829100e-02 9.544513e+03 
6.958600e-02 9.289157e+03 
7.071100e-02 9.095785e+03 
7.192300e-02 8.911350e+03 
7.307400e-02 8.756180e+03 
7.412300e-02 8.629481e+03 
7.550400e-02 8.482187e+03 
7.663100e-02 8.372241e+03 
7.791200e-02 8.257231e+03 
7.912700e-02 8.151690e+03 
8.027600e-02 8.053709e+03 
8.138400e-02 7.958579e+03 
8.272200e-02 7.839929e+03 
8.406100e-02 7.715797e+03 
8.534100e-02 7.587500e+03 
8.653800e-02 7.459978e+03 
8.759800e-02 7.342351e+03 
8.900300e-02 7.178346e+03 
9.009000e-02 7.044649e+03 
9.113300e-02 6.911833e+03 
9.239600e-02 6.749181e+03 
9.358000e-02 6.593833e+03 
9.496100e-02 6.409786e+03 
9.608400e-02 6.261683e+03 
9.727500e-02 6.107171e+03 
9.852600e-02 5.947384e+03 
9.973800e-02 5.798132e+03 
1.009000e-01 5.659975e+03 
1.020900e-01 5.526750e+03 
1.034000e-01 5.387728e+03 
1.046000e-01 5.267554e+03 
1.057200e-01 5.164929e+03 
1.069100e-01 5.061696e+03 
1.082500e-01 4.957572e+03 
1.093900e-01 4.876656e+03 
1.105400e-01 4.800113e+03 
1.116900e-01 4.732843e+03 
1.129600e-01 4.662830e+03 
1.142000e-01 4.601798e+03 
1.153300e-01 4.549316e+03 
1.166400e-01 4.492727e+03 
1.177800e-01 4.445806e+03 
1.190000e-01 4.397319e+03 
1.201200e-01 4.352851e+03 
1.213400e-01 4.305379e+03 
1.227100e-01 4.249969e+03 
1.238900e-01 4.202360e+03 
1.250700e-01 4.152187e+03 
1.263200e-01 4.098579e+03 
1.275500e-01 4.043285e+03 
1.287500e-01 3.988825e+03 
1.299900e-01 3.931059e+03 
1.311300e-01 3.877485e+03 
1.323500e-01 3.818928e+03 
1.335900e-01 3.759754e+03 
1.347100e-01 3.706117e+03 
1.359800e-01 3.646231e+03 
1.372100e-01 3.588705e+03 
1.384300e-01 3.532894e+03 
1.395700e-01 3.481726e+03 
1.407700e-01 3.429107e+03 
1.420300e-01 3.375840e+03 
1.432800e-01 3.324201e+03 
1.444500e-01 3.278177e+03 
1.456300e-01 3.232727e+03 
1.468900e-01 3.186791e+03 
1.480500e-01 3.145845e+03 
1.491700e-01 3.107835e+03 
1.503800e-01 3.068537e+03 
1.516400e-01 3.028815e+03 
1.528200e-01 2.993932e+03 
1.540200e-01 2.959140e+03 
1.551900e-01 2.926964e+03 
1.564300e-01 2.893780e+03 
1.576600e-01 2.862058e+03 
1.588700e-01 2.832114e+03 
1.600900e-01 2.802503e+03 
1.612700e-01 2.774700e+03 
1.625400e-01 2.745330e+03 
1.637600e-01 2.717683e+03 
1.649500e-01 2.691222e+03 
1.662200e-01 2.663403e+03 
1.674000e-01 2.637503e+03 
1.685000e-01 2.613762e+03 
1.697500e-01 2.586796e+03 
1.710300e-01 2.559240e+03 
1.722200e-01 2.534076e+03 
1.734400e-01 2.507776e+03 
1.746400e-01 2.482314e+03 
1.758700e-01 2.456438e+03 
1.770900e-01 2.430755e+03 
1.782700e-01 2.406331e+03 
1.794600e-01 2.381716e+03 
1.807000e-01 2.356236e+03 
1.819100e-01 2.331793e+03 
1.830100e-01 2.309674e+03 
1.842200e-01 2.285684e+03 
1.855000e-01 2.260747e+03 
1.867000e-01 2.237978e+03 
1.879200e-01 2.215206e+03 
1.890900e-01 2.193764e+03 
1.902800e-01 2.172556e+03 
1.915200e-01 2.150808e+03 
1.926900e-01 2.130716e+03 
1.939000e-01 2.110603e+03 
1.951700e-01 2.089828e+03 
1.963100e-01 2.071580e+03 
1.975100e-01 2.052963e+03 
1.987800e-01 2.033565e+03 
2.000100e-01 2.015180e+03 
2.012500e-01 1.997183e+03 
2.023400e-01 1.981589e+03 
2.036100e-01 1.963721e+03 
2.048900e-01 1.946145e+03 
2.060400e-01 1.930584e+03 
2.072200e-01 1.914850e+03 
2.084200e-01 1.899191e+03 
2.096900e-01 1.882859e+03 
2.109200e-01 1.867274e+03 
2.121100e-01 1.852400e+03 
2.132700e-01 1.838098e+03 
2.145200e-01 1.822901e+03 
2.157200e-01 1.808520e+03 
2.168800e-01 1.794808e+03 
2.180700e-01 1.780928e+03 
2.193400e-01 1.766333e+03 
2.206000e-01 1.752080e+03 
2.217500e-01 1.739246e+03 
2.229500e-01 1.726029e+03 
2.241400e-01 1.713170e+03 
2.253500e-01 1.700269e+03 
2.264900e-01 1.688270e+03 
2.277100e-01 1.675690e+03 
2.289900e-01 1.662775e+03 
2.301500e-01 1.651223e+03 
2.313600e-01 1.639327e+03 
2.325600e-01 1.627829e+03 
2.337700e-01 1.616382e+03 
2.350000e-01 1.604895e+03 
2.362000e-01 1.593931e+03 
2.374100e-01 1.583134e+03 
2.386500e-01 1.572208e+03 
2.399100e-01 1.561249e+03 
2.410400e-01 1.551630e+03 
2.422500e-01 1.541464e+03 
2.435000e-01 1.531092e+03 
2.447300e-01 1.521051e+03 
2.458700e-01 1.512007e+03 
2.470600e-01 1.502676e+03 
2.483300e-01 1.492839e+03 
2.495600e-01 1.483456e+03 
2.507600e-01 1.474449e+03 
2.519600e-01 1.465547e+03 
2.532200e-01 1.456311e+03 
2.543700e-01 1.447979e+03 
2.555500e-01 1.439527e+03 
2.568000e-01 1.430677e+03 
2.580100e-01 1.422210e+03 
2.592400e-01 1.413675e+03 
2.604100e-01 1.405636e+03 
2.616100e-01 1.397483e+03 
2.628400e-01 1.389220e+03 
2.640600e-01 1.381032e+03 
2.652200e-01 1.373299e+03 
2.664300e-01 1.365321e+03 
2.676500e-01 1.357366e+03 
2.688400e-01 1.349621e+03 
2.700700e-01 1.341660e+03 
2.712400e-01 1.334170e+03 
2.724800e-01 1.326317e+03 
2.736700e-01 1.318835e+03 
2.748800e-01 1.311279e+03 
2.761000e-01 1.303744e+03 
2.773200e-01 1.296289e+03 
2.785400e-01 1.288873e+03 
2.797000e-01 1.281808e+03 
2.808900e-01 1.274635e+03 
2.821400e-01 1.267181e+03 
2.833900e-01 1.259806e+03 
2.845500e-01 1.253022e+03 
2.857800e-01 1.245901e+03 
2.870300e-01 1.238742e+03 
2.882100e-01 1.232054e+03 
2.893900e-01 1.225376e+03 
2.906300e-01 1.218399e+03 
2.918900e-01 1.211384e+03 
2.930500e-01 1.204992e+03 
2.942500e-01 1.198448e+03 
2.954200e-01 1.192141e+03 
2.966500e-01 1.185577e+03 
2.978900e-01 1.179027e+03 
2.990400e-01 1.173012e+03 
3.002700e-01 1.166627e+03 
3.015100e-01 1.160248e+03 
3.026800e-01 1.154287e+03 
3.038500e-01 1.148383e+03 
3.050300e-01 1.142484e+03 
3.062600e-01 1.136343e+03 
3.075000e-01 1.130213e+03 
3.087000e-01 1.124339e+03 
3.099100e-01 1.118472e+03 
3.111200e-01 1.112685e+03 
3.123100e-01 1.107091e+03 
3.135300e-01 1.101409e+03 
3.147300e-01 1.095874e+03 
3.159900e-01 1.090117e+03 
3.171800e-01 1.084726e+03 
3.183700e-01 1.079382e+03 
3.196300e-01 1.073777e+03 
3.208400e-01 1.068444e+03 
3.220300e-01 1.063248e+03 
3.232000e-01 1.058183e+03 
3.244300e-01 1.052906e+03 
3.256700e-01 1.047636e+03 
3.269200e-01 1.042372e+03 
3.280800e-01 1.037532e+03 
3.292500e-01 1.032739e+03 
3.304800e-01 1.027761e+03 
3.317100e-01 1.022827e+03 
3.328900e-01 1.018136e+03 
3.340700e-01 1.013486e+03 
3.353600e-01 1.008445e+03 
3.365300e-01 1.003913e+03 
3.377100e-01 9.993815e+02 
3.389200e-01 9.947747e+02 
3.401600e-01 9.900955e+02 
3.413700e-01 9.855854e+02 
3.425300e-01 9.813095e+02 
3.437700e-01 9.767778e+02 
3.449800e-01 9.723942e+02 
3.461800e-01 9.680839e+02 
3.473600e-01 9.638973e+02 
3.485800e-01 9.596452e+02 
3.498100e-01 9.553949e+02 
3.510200e-01 9.512494e+02 
3.522000e-01 9.472402e+02 
3.533900e-01 9.432303e+02 
3.546400e-01 9.390481e+02 
3.558400e-01 9.350667e+02 
3.570600e-01 9.310525e+02 
3.582700e-01 9.271043e+02 
3.595000e-01 9.231242e+02 
3.607100e-01 9.192545e+02 
3.618900e-01 9.155217e+02 
3.631200e-01 9.116623e+02 
3.643200e-01 9.079278e+02 
3.655500e-01 9.041310e+02 
3.667300e-01 9.005179e+02 
3.679500e-01 8.968646e+02 
3.691900e-01 8.931817e+02 
3.703600e-01 8.897344e+02 
3.715700e-01 8.861971e+02 
3.727700e-01 8.827169e+02 
3.739900e-01 8.792034e+02 
3.752000e-01 8.757403e+02 
3.763900e-01 8.723611e+02 
3.775800e-01 8.690080e+02 
3.788200e-01 8.655414e+02 
3.800300e-01 8.621854e+02 
3.812100e-01 8.589436e+02 
3.824200e-01 8.556489e+02 
3.836100e-01 8.524335e+02 
3.848600e-01 8.490821e+02 
3.860400e-01 8.459428e+02 
3.872400e-01 8.427743e+02 
3.884600e-01 8.395815e+02 
3.896500e-01 8.364923e+02 
3.908700e-01 8.333491e+02 
3.920600e-01 8.303063e+02 
3.933100e-01 8.271343e+02 
3.945300e-01 8.240622e+02 
3.957200e-01 8.210955e+02 
3.969300e-01 8.181033e+02 
3.981700e-01 8.150601e+02 
3.993500e-01 8.121856e+02 
4.094840e-01 7.883865e+02 
4.272360e-01 7.499877e+02 
4.454600e-01 7.143754e+02 
4.630560e-01 6.829605e+02 
4.804610e-01 6.544637e+02 
4.980690e-01 6.279312e+02 
5.159230e-01 6.030561e+02 
5.317440e-01 5.826613e+02 
5.489640e-01 5.619057e+02 
5.671990e-01 5.415780e+02 
5.838690e-01 5.242419e+02 
6.018840e-01 5.067867e+02 
6.202330e-01 4.902380e+02 
6.379250e-01 4.752664e+02 
6.545410e-01 4.621364e+02 
6.714560e-01 4.495232e+02 
6.892080e-01 4.370390e+02 
7.066010e-01 4.255099e+02 
7.240540e-01 4.145826e+02 
7.420450e-01 4.039076e+02 
7.593780e-01 3.941487e+02 
7.764720e-01 3.850099e+02 
7.942840e-01 3.759361e+02 
8.116170e-01 3.674797e+02 
8.288310e-01 3.594242e+02 
8.462240e-01 3.516315e+02 
8.631980e-01 3.443637e+02 
8.810700e-01 3.370160e+02 
8.989410e-01 3.299253e+02 
9.166330e-01 3.231703e+02 
9.345640e-01 3.165519e+02 
9.515980e-01 3.105004e+02 
9.688720e-01 3.045701e+02 
9.865640e-01 2.986764e+02 
1.031870e+00 2.843965e+02 
1.063490e+00 2.750425e+02 
1.097920e+00 2.654363e+02 
1.134370e+00 2.558126e+02 
1.167730e+00 2.474513e+02 
1.203830e+00 2.388419e+02 
1.240470e+00 2.305818e+02 
1.275790e+00 2.229670e+02 
1.309140e+00 2.161277e+02 
1.342970e+00 2.094808e+02 
1.378420e+00 2.028438e+02 
1.413200e+00 1.966059e+02 
1.448110e+00 1.906138e+02 
1.484090e+00 1.847087e+02 
1.518820e+00 1.792778e+02 
1.552880e+00 1.741253e+02 
1.588630e+00 1.689617e+02 
1.623230e+00 1.641636e+02 
1.657720e+00 1.595789e+02 
1.692450e+00 1.551558e+02 
1.726400e+00 1.509560e+02 
1.762200e+00 1.467187e+02 
1.797880e+00 1.426595e+02 
1.833270e+00 1.387966e+02 
1.869070e+00 1.350374e+02 
1.903200e+00 1.315739e+02 
1.937740e+00 1.281985e+02 
1.973190e+00 1.248689e+02 
2.007440e+00 1.217634e+02 
2.042160e+00 1.187217e+02 
2.077900e+00 1.156987e+02 
2.112390e+00 1.128861e+02 
2.146220e+00 1.102239e+02 
2.181600e+00 1.075219e+02 
2.216930e+00 1.049226e+02 
2.250760e+00 1.025171e+02 
2.286500e+00 1.000567e+02 
2.321770e+00 9.770685e+01 
2.355950e+00 9.549965e+01 
2.391280e+00 9.329815e+01 
2.426240e+00 9.119145e+01 
2.460670e+00 8.917958e+01 
2.495640e+00 8.719547e+01 
2.531080e+00 8.524665e+01 
2.566220e+00 8.337155e+01 
2.600830e+00 8.157970e+01 
2.635080e+00 7.985859e+01 
2.670340e+00 7.814335e+01 
2.705970e+00 7.646347e+01 
2.740040e+00 7.490418e+01 
2.774520e+00 7.336499e+01 
2.809730e+00 7.184452e+01 
2.844390e+00 7.039322e+01 
2.879960e+00 6.894334e+01 
2.914860e+00 6.755898e+01 
2.949410e+00 6.622694e+01 
2.984440e+00 6.491264e+01 
3.019760e+00 6.362095e+01 
3.054730e+00 6.237660e+01 
3.089030e+00 6.119349e+01 
3.124060e+00 6.001730e+01 
3.159560e+00 5.885605e+01 
3.194710e+00 5.774056e+01 
3.229010e+00 5.668190e+01 
3.263320e+00 5.563992e+01 
3.297930e+00 5.461807e+01 
3.332830e+00 5.361701e+01 
3.368040e+00 5.263461e+01 
3.403300e+00 5.167748e+01 
3.438450e+00 5.074504e+01 
3.473060e+00 4.985013e+01 
3.508440e+00 4.895674e+01 
3.543110e+00 4.810338e+01 
3.577470e+00 4.727598e+01 
3.613040e+00 4.644167e+01 
3.648120e+00 4.564106e+01 
3.682910e+00 4.486523e+01 
3.718050e+00 4.409787e+01 
3.753320e+00 4.334801e+01 
3.787980e+00 4.263091e+01 
3.822290e+00 4.193636e+01 
3.857020e+00 4.124749e+01 
3.891920e+00 4.057219e+01 
3.926650e+00 3.991699e+01 
3.961970e+00 3.926552e+01 
3.997360e+00 3.862631e+01 
4.031670e+00 3.802115e+01 
4.066330e+00 3.742502e+01 
4.101420e+00 3.683502e+01 
4.136200e+00 3.626111e+01 
4.170810e+00 3.570265e+01 
4.206250e+00 3.514277e+01 
4.241580e+00 3.459691e+01 
4.276300e+00 3.407415e+01 
4.310970e+00 3.356443e+01 
4.346120e+00 3.305756e+01 
4.380600e+00 3.256896e+01 
4.414730e+00 3.209545e+01 
4.450350e+00 3.161450e+01 
4.485320e+00 3.115225e+01 
4.519810e+00 3.070386e+01 
4.555430e+00 3.024949e+01 
4.590870e+00 2.980790e+01 
4.625480e+00 2.938765e+01 
4.659910e+00 2.897789e+01 
4.695230e+00 2.856487e+01 
4.729960e+00 2.816666e+01 
4.764450e+00 2.777917e+01 
4.799530e+00 2.739315e+01 
4.834910e+00 2.701145e+01 
4.869700e+00 2.664359e+01 
4.904370e+00 2.628402e+01 
4.939450e+00 2.592730e+01 
4.973940e+00 2.558364e+01 
5.008430e+00 2.524635e+01 
5.043810e+00 2.490725e+01 
5.078840e+00 2.457802e+01 
5.113500e+00 2.425827e+01 
5.148890e+00 2.393801e+01 
5.184210e+00 2.362428e+01 
5.219060e+00 2.332037e+01 
5.253660e+00 2.302410e+01 
5.288570e+00 2.273049e+01 
5.323420e+00 2.244335e+01 
5.358440e+00 2.216078e+01 
5.393590e+00 2.188213e+01 
5.428310e+00 2.161129e+01 
5.462800e+00 2.134664e+01 
5.497640e+00 2.108388e+01 
5.532670e+00 2.082532e+01 
5.567280e+00 2.057454e+01 
5.602000e+00 2.032719e+01 
5.637270e+00 2.008023e+01 
5.672410e+00 1.983836e+01 
5.707020e+00 1.960408e+01 
5.742040e+00 1.937121e+01 
5.777430e+00 1.913983e+01 
5.812210e+00 1.891617e+01 
5.846820e+00 1.869759e+01 
5.881610e+00 1.848151e+01 
5.916510e+00 1.826821e+01 
5.951600e+00 1.805783e+01 
5.986560e+00 1.785184e+01 
6.021830e+00 1.764733e+01 
6.056490e+00 1.744947e+01 
6.091160e+00 1.725457e+01 
6.125830e+00 1.706269e+01 
6.161090e+00 1.687070e+01 
6.195760e+00 1.668515e+01 
6.230420e+00 1.650247e+01 
6.265690e+00 1.631944e+01 
6.300950e+00 1.614007e+01 
6.335620e+00 1.596637e+01 
6.370880e+00 1.579235e+01 
6.405550e+00 1.562374e+01 
6.440220e+00 1.545758e+01 
6.475480e+00 1.529109e+01 
6.510150e+00 1.513002e+01 
6.544810e+00 1.497185e+01 
6.580080e+00 1.481323e+01 
6.614750e+00 1.465956e+01 
6.649410e+00 1.450849e+01 
6.684080e+00 1.435958e+01 
6.719340e+00 1.421029e+01 
6.754010e+00 1.406558e+01 
6.788680e+00 1.392288e+01 
6.823940e+00 1.377980e+01 
6.859800e+00 1.363634e+01 
6.894470e+00 1.350007e+01 
6.929140e+00 1.336583e+01 
6.963800e+00 1.323346e+01 
6.999070e+00 1.310060e+01 
7.033730e+00 1.297160e+01 
7.068400e+00 1.284431e+01 
7.103660e+00 1.271660e+01 
7.138330e+00 1.259299e+01 
7.173600e+00 1.246947e+01 
7.208260e+00 1.234971e+01 
7.243530e+00 1.222945e+01 
7.277600e+00 1.211460e+01 
7.312860e+00 1.199711e+01 
7.348120e+00 1.188117e+01 
7.382790e+00 1.176866e+01 
7.417460e+00 1.165807e+01 
7.452720e+00 1.154730e+01 
7.487390e+00 1.143978e+01 
7.522650e+00 1.133184e+01 
7.557320e+00 1.122729e+01 
7.591990e+00 1.112414e+01 
7.627250e+00 1.102057e+01 
7.662510e+00 1.091831e+01 
7.697180e+00 1.081873e+01 
7.731850e+00 1.072027e+01 
7.766510e+00 1.062306e+01 
7.801180e+00 1.052702e+01 
7.836440e+00 1.043100e+01 
7.871110e+00 1.033802e+01 
7.906380e+00 1.024459e+01 
7.941040e+00 1.015389e+01 
7.976310e+00 1.006273e+01 
8.011570e+00 9.972727e+00 
8.046240e+00 9.885296e+00 
8.080900e+00 9.798928e+00 
8.115570e+00 9.713556e+00 
8.150830e+00 9.627750e+00 
8.185500e+00 9.544381e+00 
8.220770e+00 9.460570e+00 
8.255430e+00 9.379179e+00 
8.290100e+00 9.299013e+00 
8.324770e+00 9.219809e+00 
8.359430e+00 9.141541e+00 
8.394700e+00 9.062816e+00 
8.429960e+00 8.985028e+00 
8.464630e+00 8.909418e+00 
8.499890e+00 8.833401e+00 
8.534560e+00 8.759510e+00 
8.569200e+00 8.686514e+00 
