# Parameters:
# omega_b = 0.022335, omega_m = 0.140945, n_s = 0.917717, h = 64.685039, w = -1.000000, sigma_8 = 0.785039
# z = 0.300000
#
# k[1/Mpc] # P(k):
8.694000e-04 1.417320e+04 
2.077466e-03 2.909041e+04 
3.285532e-03 4.031765e+04 
4.493598e-03 4.871449e+04 
5.701664e-03 5.478514e+04 
6.909730e-03 5.895539e+04 
8.117797e-03 6.166738e+04 
9.325863e-03 6.314918e+04 
1.053393e-02 6.362170e+04 
1.174199e-02 6.328381e+04 
1.295006e-02 6.226302e+04 
1.415813e-02 6.072578e+04 
1.536619e-02 5.881204e+04 
1.657426e-02 5.661370e+04 
1.778233e-02 5.420896e+04 
1.899039e-02 5.175337e+04 
2.019846e-02 4.932760e+04 
2.140652e-02 4.696186e+04 
2.261459e-02 4.467097e+04 
2.382266e-02 4.249128e+04 
2.503072e-02 4.045135e+04 
2.623879e-02 3.855911e+04 
2.744685e-02 3.681620e+04 
2.865492e-02 3.522655e+04 
2.986299e-02 3.378367e+04 
3.100100e-02 3.255373e+04 
3.220400e-02 3.137999e+04 
3.288100e-02 3.077460e+04 
3.424300e-02 2.966268e+04 
3.555100e-02 2.871005e+04 
3.686000e-02 2.785532e+04 
3.795000e-02 2.720532e+04 
3.929100e-02 2.647159e+04 
4.039800e-02 2.590602e+04 
4.164000e-02 2.530420e+04 
4.294400e-02 2.469192e+04 
4.415000e-02 2.414088e+04 
4.542900e-02 2.355270e+04 
4.660900e-02 2.301423e+04 
4.782300e-02 2.244033e+04 
4.892900e-02 2.191138e+04 
5.031200e-02 2.123658e+04 
5.155900e-02 2.061321e+04 
5.238100e-02 2.019651e+04 
5.378200e-02 1.948365e+04 
5.513400e-02 1.879082e+04 
5.627600e-02 1.820654e+04 
5.735300e-02 1.766339e+04 
5.870100e-02 1.699988e+04 
5.988700e-02 1.643422e+04 
6.113500e-02 1.586126e+04 
6.225900e-02 1.536601e+04 
6.340100e-02 1.489006e+04 
6.480200e-02 1.434138e+04 
6.601100e-02 1.390132e+04 
6.725500e-02 1.348112e+04 
6.829100e-02 1.315916e+04 
6.958600e-02 1.278736e+04 
7.071100e-02 1.249333e+04 
7.192300e-02 1.220256e+04 
7.307400e-02 1.194951e+04 
7.412300e-02 1.173721e+04 
7.550400e-02 1.148388e+04 
7.663100e-02 1.129291e+04 
7.791200e-02 1.109411e+04 
7.912700e-02 1.091725e+04 
8.027600e-02 1.075907e+04 
8.138400e-02 1.061185e+04 
8.272200e-02 1.043801e+04 
8.406100e-02 1.026637e+04 
8.534100e-02 1.009982e+04 
8.653800e-02 9.941707e+03 
8.759800e-02 9.799525e+03 
8.900300e-02 9.605958e+03 
9.009000e-02 9.450947e+03 
9.113300e-02 9.298521e+03 
9.239600e-02 9.112619e+03 
9.358000e-02 8.935402e+03 
9.496100e-02 8.724731e+03 
9.608400e-02 8.554297e+03 
9.727500e-02 8.375606e+03 
9.852600e-02 8.188423e+03 
9.973800e-02 8.011885e+03 
1.009000e-01 7.847033e+03 
1.020900e-01 7.684480e+03 
1.034000e-01 7.512650e+03 
1.046000e-01 7.361810e+03 
1.057200e-01 7.228800e+03 
1.069100e-01 7.093288e+03 
1.082500e-01 6.951662e+03 
1.093900e-01 6.838286e+03 
1.105400e-01 6.729010e+03 
1.116900e-01 6.628355e+03 
1.129600e-01 6.522026e+03 
1.142000e-01 6.425541e+03 
1.153300e-01 6.341574e+03 
1.166400e-01 6.249415e+03 
1.177800e-01 6.172897e+03 
1.190000e-01 6.093763e+03 
1.201200e-01 6.023272e+03 
1.213400e-01 5.948374e+03 
1.227100e-01 5.865942e+03 
1.238900e-01 5.796305e+03 
1.250700e-01 5.726764e+03 
1.263200e-01 5.653928e+03 
1.275500e-01 5.581955e+03 
1.287500e-01 5.512470e+03 
1.299900e-01 5.440907e+03 
1.311300e-01 5.375364e+03 
1.323500e-01 5.304926e+03 
1.335900e-01 5.234077e+03 
1.347100e-01 5.170303e+03 
1.359800e-01 5.098981e+03 
1.372100e-01 5.030300e+03 
1.384300e-01 4.963324e+03 
1.395700e-01 4.901205e+03 
1.407700e-01 4.837131e+03 
1.420300e-01 4.770821e+03 
1.432800e-01 4.706486e+03 
1.444500e-01 4.647407e+03 
1.456300e-01 4.589032e+03 
1.468900e-01 4.528676e+03 
1.480500e-01 4.474448e+03 
1.491700e-01 4.423443e+03 
1.503800e-01 4.369854e+03 
1.516400e-01 4.315445e+03 
1.528200e-01 4.266645e+03 
1.540200e-01 4.217970e+03 
1.551900e-01 4.172249e+03 
1.564300e-01 4.124920e+03 
1.576600e-01 4.079496e+03 
1.588700e-01 4.036395e+03 
1.600900e-01 3.993777e+03 
1.612700e-01 3.953790e+03 
1.625400e-01 3.911552e+03 
1.637600e-01 3.872061e+03 
1.649500e-01 3.834422e+03 
1.662200e-01 3.794962e+03 
1.674000e-01 3.758839e+03 
1.685000e-01 3.725725e+03 
1.697500e-01 3.688533e+03 
1.710300e-01 3.650938e+03 
1.722200e-01 3.616604e+03 
1.734400e-01 3.581475e+03 
1.746400e-01 3.547490e+03 
1.758700e-01 3.513137e+03 
1.770900e-01 3.479417e+03 
1.782700e-01 3.447344e+03 
1.794600e-01 3.415212e+03 
1.807000e-01 3.382073e+03 
1.819100e-01 3.350274e+03 
1.830100e-01 3.321549e+03 
1.842200e-01 3.290394e+03 
1.855000e-01 3.257994e+03 
1.867000e-01 3.228312e+03 
1.879200e-01 3.198615e+03 
1.890900e-01 3.170606e+03 
1.902800e-01 3.142687e+03 
1.915200e-01 3.114051e+03 
1.926900e-01 3.087518e+03 
1.939000e-01 3.060719e+03 
1.951700e-01 3.033031e+03 
1.963100e-01 3.008628e+03 
1.975100e-01 2.983514e+03 
1.987800e-01 2.957342e+03 
2.000100e-01 2.932466e+03 
2.012500e-01 2.907955e+03 
2.023400e-01 2.886714e+03 
2.036100e-01 2.862340e+03 
2.048900e-01 2.838235e+03 
2.060400e-01 2.816893e+03 
2.072200e-01 2.795303e+03 
2.084200e-01 2.773747e+03 
2.096900e-01 2.751264e+03 
2.109200e-01 2.729806e+03 
2.121100e-01 2.709298e+03 
2.132700e-01 2.689575e+03 
2.145200e-01 2.668615e+03 
2.157200e-01 2.648745e+03 
2.168800e-01 2.629782e+03 
2.180700e-01 2.610585e+03 
2.193400e-01 2.590357e+03 
2.206000e-01 2.570529e+03 
2.217500e-01 2.552674e+03 
2.229500e-01 2.534283e+03 
2.241400e-01 2.516231e+03 
2.253500e-01 2.498114e+03 
2.264900e-01 2.481263e+03 
2.277100e-01 2.463470e+03 
2.289900e-01 2.445064e+03 
2.301500e-01 2.428601e+03 
2.313600e-01 2.411643e+03 
2.325600e-01 2.394953e+03 
2.337700e-01 2.378337e+03 
2.350000e-01 2.361661e+03 
2.362000e-01 2.345613e+03 
2.374100e-01 2.329650e+03 
2.386500e-01 2.313498e+03 
2.399100e-01 2.297295e+03 
2.410400e-01 2.282894e+03 
2.422500e-01 2.267650e+03 
2.435000e-01 2.252098e+03 
2.447300e-01 2.237018e+03 
2.458700e-01 2.223339e+03 
2.470600e-01 2.209225e+03 
2.483300e-01 2.194345e+03 
2.495600e-01 2.180159e+03 
2.507600e-01 2.166548e+03 
2.519600e-01 2.153096e+03 
2.532200e-01 2.139140e+03 
2.543700e-01 2.126619e+03 
2.555500e-01 2.113962e+03 
2.568000e-01 2.100709e+03 
2.580100e-01 2.088030e+03 
2.592400e-01 2.075384e+03 
2.604100e-01 2.063531e+03 
2.616100e-01 2.051510e+03 
2.628400e-01 2.039327e+03 
2.640600e-01 2.027406e+03 
2.652200e-01 2.016207e+03 
2.664300e-01 2.004651e+03 
2.676500e-01 1.993130e+03 
2.688400e-01 1.982035e+03 
2.700700e-01 1.970706e+03 
2.712400e-01 1.960047e+03 
2.724800e-01 1.948872e+03 
2.736700e-01 1.938302e+03 
2.748800e-01 1.927708e+03 
2.761000e-01 1.917143e+03 
2.773200e-01 1.906690e+03 
2.785400e-01 1.896324e+03 
2.797000e-01 1.886517e+03 
2.808900e-01 1.876558e+03 
2.821400e-01 1.866208e+03 
2.833900e-01 1.855973e+03 
2.845500e-01 1.846621e+03 
2.857800e-01 1.836807e+03 
2.870300e-01 1.826938e+03 
2.882100e-01 1.817718e+03 
2.893900e-01 1.808529e+03 
2.906300e-01 1.798939e+03 
2.918900e-01 1.789296e+03 
2.930500e-01 1.780507e+03 
2.942500e-01 1.771514e+03 
2.954200e-01 1.762858e+03 
2.966500e-01 1.753848e+03 
2.978900e-01 1.744857e+03 
2.990400e-01 1.736600e+03 
3.002700e-01 1.727836e+03 
3.015100e-01 1.719082e+03 
3.026800e-01 1.710902e+03 
3.038500e-01 1.702799e+03 
3.050300e-01 1.694702e+03 
3.062600e-01 1.686260e+03 
3.075000e-01 1.677833e+03 
3.087000e-01 1.669757e+03 
3.099100e-01 1.661691e+03 
3.111200e-01 1.653737e+03 
3.123100e-01 1.646048e+03 
3.135300e-01 1.638240e+03 
3.147300e-01 1.630632e+03 
3.159900e-01 1.622720e+03 
3.171800e-01 1.615307e+03 
3.183700e-01 1.607956e+03 
3.196300e-01 1.600245e+03 
3.208400e-01 1.592910e+03 
3.220300e-01 1.585763e+03 
3.232000e-01 1.578788e+03 
3.244300e-01 1.571519e+03 
3.256700e-01 1.564259e+03 
3.269200e-01 1.557008e+03 
3.280800e-01 1.550340e+03 
3.292500e-01 1.543742e+03 
3.304800e-01 1.536889e+03 
3.317100e-01 1.530097e+03 
3.328900e-01 1.523640e+03 
3.340700e-01 1.517239e+03 
3.353600e-01 1.510294e+03 
3.365300e-01 1.504048e+03 
3.377100e-01 1.497803e+03 
3.389200e-01 1.491454e+03 
3.401600e-01 1.485005e+03 
3.413700e-01 1.478788e+03 
3.425300e-01 1.472892e+03 
3.437700e-01 1.466643e+03 
3.449800e-01 1.460599e+03 
3.461800e-01 1.454656e+03 
3.473600e-01 1.448882e+03 
3.485800e-01 1.443014e+03 
3.498100e-01 1.437150e+03 
3.510200e-01 1.431430e+03 
3.522000e-01 1.425898e+03 
3.533900e-01 1.420365e+03 
3.546400e-01 1.414592e+03 
3.558400e-01 1.409095e+03 
3.570600e-01 1.403554e+03 
3.582700e-01 1.398103e+03 
3.595000e-01 1.392608e+03 
3.607100e-01 1.387263e+03 
3.618900e-01 1.382105e+03 
3.631200e-01 1.376771e+03 
3.643200e-01 1.371610e+03 
3.655500e-01 1.366363e+03 
3.667300e-01 1.361371e+03 
3.679500e-01 1.356311e+03 
3.691900e-01 1.351211e+03 
3.703600e-01 1.346437e+03 
3.715700e-01 1.341539e+03 
3.727700e-01 1.336720e+03 
3.739900e-01 1.331853e+03 
3.752000e-01 1.327054e+03 
3.763900e-01 1.322371e+03 
3.775800e-01 1.317725e+03 
3.788200e-01 1.312921e+03 
3.800300e-01 1.308271e+03 
3.812100e-01 1.303769e+03 
3.824200e-01 1.299188e+03 
3.836100e-01 1.294717e+03 
3.848600e-01 1.290057e+03 
3.860400e-01 1.285692e+03 
3.872400e-01 1.281287e+03 
3.884600e-01 1.276836e+03 
3.896500e-01 1.272526e+03 
3.908700e-01 1.268140e+03 
3.920600e-01 1.263895e+03 
3.933100e-01 1.259469e+03 
3.945300e-01 1.255183e+03 
3.957200e-01 1.251039e+03 
3.969300e-01 1.246857e+03 
3.981700e-01 1.242604e+03 
3.993500e-01 1.238587e+03 
4.094840e-01 1.205241e+03 
4.272360e-01 1.151051e+03 
4.454600e-01 1.100380e+03 
4.630560e-01 1.055324e+03 
4.804610e-01 1.014157e+03 
4.980690e-01 9.756059e+02 
5.159230e-01 9.392741e+02 
5.317440e-01 9.093670e+02 
5.489640e-01 8.787953e+02 
5.671990e-01 8.487265e+02 
5.838690e-01 8.229710e+02 
6.018840e-01 7.969315e+02 
6.202330e-01 7.720904e+02 
6.379250e-01 7.495115e+02 
6.545410e-01 7.295702e+02 
6.714560e-01 7.103089e+02 
6.892080e-01 6.911042e+02 
7.066010e-01 6.732278e+02 
7.240540e-01 6.561829e+02 
7.420450e-01 6.393704e+02 
7.593780e-01 6.238931e+02 
7.764720e-01 6.092976e+02 
7.942840e-01 5.947025e+02 
8.116170e-01 5.809867e+02 
8.288310e-01 5.678313e+02 
8.462240e-01 5.550308e+02 
8.631980e-01 5.430128e+02 
8.810700e-01 5.307896e+02 
8.989410e-01 5.189401e+02 
9.166330e-01 5.075948e+02 
9.345640e-01 4.964324e+02 
9.515980e-01 4.861851e+02 
9.688720e-01 4.761047e+02 
9.865640e-01 4.660517e+02 
1.031870e+00 4.416180e+02 
1.063490e+00 4.255554e+02 
1.097920e+00 4.090077e+02 
1.134370e+00 3.924389e+02 
1.167730e+00 3.780462e+02 
1.203830e+00 3.632428e+02 
1.240470e+00 3.490699e+02 
1.275790e+00 3.360390e+02 
1.309140e+00 3.243709e+02 
1.342970e+00 3.130706e+02 
1.378420e+00 3.018258e+02 
1.413200e+00 2.913016e+02 
1.448110e+00 2.812365e+02 
1.484090e+00 2.713624e+02 
1.518820e+00 2.623159e+02 
1.552880e+00 2.537818e+02 
1.588630e+00 2.452662e+02 
1.623230e+00 2.373895e+02 
1.657720e+00 2.298939e+02 
1.692450e+00 2.226955e+02 
1.726400e+00 2.159006e+02 
1.762200e+00 2.090741e+02 
1.797880e+00 2.025661e+02 
1.833270e+00 1.963963e+02 
1.869070e+00 1.904221e+02 
1.903200e+00 1.849446e+02 
1.937740e+00 1.796271e+02 
1.973190e+00 1.744048e+02 
2.007440e+00 1.695551e+02 
2.042160e+00 1.648252e+02 
2.077900e+00 1.601440e+02 
2.112390e+00 1.558056e+02 
2.146220e+00 1.517164e+02 
2.181600e+00 1.475841e+02 
2.216930e+00 1.436235e+02 
2.250760e+00 1.399716e+02 
2.286500e+00 1.362502e+02 
2.321770e+00 1.327098e+02 
2.355950e+00 1.293965e+02 
2.391280e+00 1.261044e+02 
2.426240e+00 1.229645e+02 
2.460670e+00 1.199760e+02 
2.495640e+00 1.170386e+02 
2.531080e+00 1.141650e+02 
2.566220e+00 1.114095e+02 
2.600830e+00 1.087843e+02 
2.635080e+00 1.062700e+02 
2.670340e+00 1.037738e+02 
2.705970e+00 1.013360e+02 
2.740040e+00 9.907933e+01 
2.774520e+00 9.685951e+01 
2.809730e+00 9.467280e+01 
2.844390e+00 9.259048e+01 
2.879960e+00 9.051686e+01 
2.914860e+00 8.854348e+01 
2.949410e+00 8.664894e+01 
2.984440e+00 8.478540e+01 
3.019760e+00 8.295903e+01 
3.054730e+00 8.120330e+01 
3.089030e+00 7.953954e+01 
3.124060e+00 7.788881e+01 
3.159560e+00 7.626321e+01 
3.194710e+00 7.470568e+01 
3.229010e+00 7.322981e+01 
3.263320e+00 7.178286e+01 
3.297930e+00 7.036603e+01 
3.332830e+00 6.898126e+01 
3.368040e+00 6.762521e+01 
3.403300e+00 6.630637e+01 
3.438450e+00 6.502531e+01 
3.473060e+00 6.379735e+01 
3.508440e+00 6.257547e+01 
3.543110e+00 6.140964e+01 
3.577470e+00 6.028270e+01 
3.613040e+00 5.914768e+01 
3.648120e+00 5.806090e+01 
3.682910e+00 5.700938e+01 
3.718050e+00 5.597183e+01 
3.753320e+00 5.495936e+01 
3.787980e+00 5.399289e+01 
3.822290e+00 5.305830e+01 
3.857020e+00 5.213335e+01 
3.891920e+00 5.122778e+01 
3.926650e+00 5.035078e+01 
3.961970e+00 4.947986e+01 
3.997360e+00 4.862725e+01 
4.031670e+00 4.782077e+01 
4.066330e+00 4.702798e+01 
4.101420e+00 4.624382e+01 
4.136200e+00 4.548307e+01 
4.170810e+00 4.474317e+01 
4.206250e+00 4.400307e+01 
4.241580e+00 4.328211e+01 
4.276300e+00 4.259267e+01 
4.310970e+00 4.192113e+01 
4.346120e+00 4.125417e+01 
4.380600e+00 4.061242e+01 
4.414730e+00 3.999081e+01 
4.450350e+00 3.936066e+01 
4.485320e+00 3.875530e+01 
4.519810e+00 3.816915e+01 
4.555430e+00 3.757582e+01 
4.590870e+00 3.699963e+01 
4.625480e+00 3.645196e+01 
4.659910e+00 3.591817e+01 
4.695230e+00 3.538121e+01 
4.729960e+00 3.486385e+01 
4.764450e+00 3.436088e+01 
4.799530e+00 3.386044e+01 
4.834910e+00 3.336581e+01 
4.869700e+00 3.288987e+01 
4.904370e+00 3.242494e+01 
4.939450e+00 3.196403e+01 
4.973940e+00 3.152060e+01 
5.008430e+00 3.108557e+01 
5.043810e+00 3.064865e+01 
5.078840e+00 3.022479e+01 
5.113500e+00 2.981328e+01 
5.148890e+00 2.940176e+01 
5.184210e+00 2.899881e+01 
5.219060e+00 2.860873e+01 
5.253660e+00 2.822892e+01 
5.288570e+00 2.785265e+01 
5.323420e+00 2.748495e+01 
5.358440e+00 2.712336e+01 
5.393590e+00 2.676693e+01 
5.428310e+00 2.642085e+01 
5.462800e+00 2.608296e+01 
5.497640e+00 2.574758e+01 
5.532670e+00 2.541785e+01 
5.567280e+00 2.509820e+01 
5.602000e+00 2.478303e+01 
5.637270e+00 2.446869e+01 
5.672410e+00 2.416097e+01 
5.707020e+00 2.386302e+01 
5.742040e+00 2.356716e+01 
5.777430e+00 2.327334e+01 
5.812210e+00 2.298941e+01 
5.846820e+00 2.271216e+01 
5.881610e+00 2.243819e+01 
5.916510e+00 2.216785e+01 
5.951600e+00 2.190139e+01 
5.986560e+00 2.164064e+01 
6.021830e+00 2.138183e+01 
6.056490e+00 2.113162e+01 
6.091160e+00 2.088533e+01 
6.125830e+00 2.064292e+01 
6.161090e+00 2.040049e+01 
6.195760e+00 2.016634e+01 
6.230420e+00 1.993587e+01 
6.265690e+00 1.970504e+01 
6.300950e+00 1.947903e+01 
6.335620e+00 1.926020e+01 
6.370880e+00 1.904105e+01 
6.405550e+00 1.882886e+01 
6.440220e+00 1.861986e+01 
6.475480e+00 1.841050e+01 
6.510150e+00 1.820805e+01 
6.544810e+00 1.800935e+01 
6.580080e+00 1.781015e+01 
6.614750e+00 1.761723e+01 
6.649410e+00 1.742770e+01 
6.684080e+00 1.724096e+01 
6.719340e+00 1.705380e+01 
6.754010e+00 1.687245e+01 
6.788680e+00 1.669374e+01 
6.823940e+00 1.651460e+01 
6.859800e+00 1.633504e+01 
6.894470e+00 1.616458e+01 
6.929140e+00 1.599673e+01 
6.963800e+00 1.583127e+01 
6.999070e+00 1.566524e+01 
7.033730e+00 1.550418e+01 
7.068400e+00 1.534528e+01 
7.103660e+00 1.518592e+01 
7.138330e+00 1.503172e+01 
7.173600e+00 1.487772e+01 
7.208260e+00 1.472844e+01 
7.243530e+00 1.457859e+01 
7.277600e+00 1.443558e+01 
7.312860e+00 1.428936e+01 
7.348120e+00 1.414512e+01 
7.382790e+00 1.400518e+01 
7.417460e+00 1.386770e+01 
7.452720e+00 1.373004e+01 
7.487390e+00 1.359646e+01 
7.522650e+00 1.346239e+01 
7.557320e+00 1.333261e+01 
7.591990e+00 1.320463e+01 
7.627250e+00 1.307615e+01 
7.662510e+00 1.294934e+01 
7.697180e+00 1.282596e+01 
7.731850e+00 1.270402e+01 
7.766510e+00 1.258366e+01 
7.801180e+00 1.246478e+01 
7.836440e+00 1.234598e+01 
7.871110e+00 1.223099e+01 
7.906380e+00 1.211548e+01 
7.941040e+00 1.200337e+01 
7.976310e+00 1.189076e+01 
8.011570e+00 1.177964e+01 
8.046240e+00 1.167173e+01 
8.080900e+00 1.156516e+01 
8.115570e+00 1.145986e+01 
8.150830e+00 1.135411e+01 
8.185500e+00 1.125139e+01 
8.220770e+00 1.114816e+01 
8.255430e+00 1.104793e+01 
8.290100e+00 1.094928e+01 
8.324770e+00 1.085185e+01 
8.359430e+00 1.075559e+01 
8.394700e+00 1.065879e+01 
8.429960e+00 1.056322e+01 
8.464630e+00 1.047038e+01 
8.499890e+00 1.037707e+01 
8.534560e+00 1.028638e+01 
8.569200e+00 1.019683e+01 
