# Parameters:
# omega_b = 0.023453, omega_m = 0.134606, n_s = 0.999606, h = 56.417323, w = -1.000000, sigma_8 = 0.799213
# z = 0.300000
#
# k[1/Mpc] # P(k):
8.694000e-04 1.378296e+04 
2.077466e-03 3.019825e+04 
3.285532e-03 4.324101e+04 
4.493598e-03 5.336400e+04 
5.701664e-03 6.091398e+04 
6.909730e-03 6.627701e+04 
8.117797e-03 6.991496e+04 
9.325863e-03 7.206328e+04 
1.053393e-02 7.296343e+04 
1.174199e-02 7.284256e+04 
1.295006e-02 7.184734e+04 
1.415813e-02 7.017957e+04 
1.536619e-02 6.801518e+04 
1.657426e-02 6.544021e+04 
1.778233e-02 6.249398e+04 
1.899039e-02 5.954530e+04 
2.019846e-02 5.684702e+04 
2.140652e-02 5.430516e+04 
2.261459e-02 5.183648e+04 
2.382266e-02 4.947129e+04 
2.503072e-02 4.724660e+04 
2.623879e-02 4.517421e+04 
2.744685e-02 4.325791e+04 
2.865492e-02 4.150397e+04 
2.986299e-02 3.990623e+04 
3.100100e-02 3.853836e+04 
3.220400e-02 3.722649e+04 
3.288100e-02 3.654594e+04 
3.424300e-02 3.528800e+04 
3.555100e-02 3.419964e+04 
3.686000e-02 3.321193e+04 
3.795000e-02 3.245270e+04 
3.929100e-02 3.158426e+04 
4.039800e-02 3.090796e+04 
4.164000e-02 3.018315e+04 
4.294400e-02 2.944165e+04 
4.415000e-02 2.877425e+04 
4.542900e-02 2.806521e+04 
4.660900e-02 2.742008e+04 
4.782300e-02 2.674109e+04 
4.892900e-02 2.612133e+04 
5.031200e-02 2.534029e+04 
5.155900e-02 2.462822e+04 
5.238100e-02 2.415629e+04 
5.378200e-02 2.335517e+04 
5.513400e-02 2.258263e+04 
5.627600e-02 2.193396e+04 
5.735300e-02 2.133197e+04 
5.870100e-02 2.059643e+04 
5.988700e-02 1.996743e+04 
6.113500e-02 1.932737e+04 
6.225900e-02 1.877032e+04 
6.340100e-02 1.823100e+04 
6.480200e-02 1.760388e+04 
6.601100e-02 1.709469e+04 
6.725500e-02 1.660301e+04 
6.829100e-02 1.622167e+04 
6.958600e-02 1.577741e+04 
7.071100e-02 1.542214e+04 
7.192300e-02 1.506774e+04 
7.307400e-02 1.475699e+04 
7.412300e-02 1.449480e+04 
7.550400e-02 1.418040e+04 
7.663100e-02 1.394293e+04 
7.791200e-02 1.369582e+04 
7.912700e-02 1.347683e+04 
8.027600e-02 1.328189e+04 
8.138400e-02 1.310134e+04 
8.272200e-02 1.288938e+04 
8.406100e-02 1.268125e+04 
8.534100e-02 1.248024e+04 
8.653800e-02 1.228981e+04 
8.759800e-02 1.211862e+04 
8.900300e-02 1.188549e+04 
9.009000e-02 1.169861e+04 
9.113300e-02 1.151476e+04 
9.239600e-02 1.129053e+04 
9.358000e-02 1.107685e+04 
9.496100e-02 1.082339e+04 
9.608400e-02 1.061886e+04 
9.727500e-02 1.040485e+04 
9.852600e-02 1.018236e+04 
9.973800e-02 9.973291e+03 
1.009000e-01 9.778679e+03 
1.020900e-01 9.588485e+03 
1.034000e-01 9.387978e+03 
1.046000e-01 9.212541e+03 
1.057200e-01 9.058373e+03 
1.069100e-01 8.901334e+03 
1.082500e-01 8.737254e+03 
1.093900e-01 8.605420e+03 
1.105400e-01 8.478056e+03 
1.116900e-01 8.359650e+03 
1.129600e-01 8.234059e+03 
1.142000e-01 8.118615e+03 
1.153300e-01 8.017445e+03 
1.166400e-01 7.905304e+03 
1.177800e-01 7.811135e+03 
1.190000e-01 7.713240e+03 
1.201200e-01 7.625035e+03 
1.213400e-01 7.531134e+03 
1.227100e-01 7.427017e+03 
1.238900e-01 7.339016e+03 
1.250700e-01 7.251046e+03 
1.263200e-01 7.159026e+03 
1.275500e-01 7.068356e+03 
1.287500e-01 6.981118e+03 
1.299900e-01 6.891739e+03 
1.311300e-01 6.810275e+03 
1.323500e-01 6.723312e+03 
1.335900e-01 6.636302e+03 
1.347100e-01 6.558582e+03 
1.359800e-01 6.472036e+03 
1.372100e-01 6.389441e+03 
1.384300e-01 6.309149e+03 
1.395700e-01 6.235306e+03 
1.407700e-01 6.159187e+03 
1.420300e-01 6.081076e+03 
1.432800e-01 6.005264e+03 
1.444500e-01 5.936019e+03 
1.456300e-01 5.867575e+03 
1.468900e-01 5.796800e+03 
1.480500e-01 5.733197e+03 
1.491700e-01 5.673230e+03 
1.503800e-01 5.610045e+03 
1.516400e-01 5.545769e+03 
1.528200e-01 5.487633e+03 
1.540200e-01 5.429635e+03 
1.551900e-01 5.374555e+03 
1.564300e-01 5.317382e+03 
1.576600e-01 5.262180e+03 
1.588700e-01 5.209401e+03 
1.600900e-01 5.157174e+03 
1.612700e-01 5.107554e+03 
1.625400e-01 5.055136e+03 
1.637600e-01 5.005866e+03 
1.649500e-01 4.958753e+03 
1.662200e-01 4.909334e+03 
1.674000e-01 4.863960e+03 
1.685000e-01 4.822363e+03 
1.697500e-01 4.775680e+03 
1.710300e-01 4.728526e+03 
1.722200e-01 4.685460e+03 
1.734400e-01 4.641634e+03 
1.746400e-01 4.599242e+03 
1.758700e-01 4.556501e+03 
1.770900e-01 4.514775e+03 
1.782700e-01 4.475084e+03 
1.794600e-01 4.435515e+03 
1.807000e-01 4.394835e+03 
1.819100e-01 4.355797e+03 
1.830100e-01 4.320750e+03 
1.842200e-01 4.282774e+03 
1.855000e-01 4.243284e+03 
1.867000e-01 4.207328e+03 
1.879200e-01 4.171351e+03 
1.890900e-01 4.137435e+03 
1.902800e-01 4.103731e+03 
1.915200e-01 4.069158e+03 
1.926900e-01 4.037129e+03 
1.939000e-01 4.004809e+03 
1.951700e-01 3.971414e+03 
1.963100e-01 3.941967e+03 
1.975100e-01 3.911635e+03 
1.987800e-01 3.880021e+03 
2.000100e-01 3.849944e+03 
2.012500e-01 3.820249e+03 
2.023400e-01 3.794513e+03 
2.036100e-01 3.764946e+03 
2.048900e-01 3.735573e+03 
2.060400e-01 3.709565e+03 
2.072200e-01 3.683239e+03 
2.084200e-01 3.656771e+03 
2.096900e-01 3.629163e+03 
2.109200e-01 3.602813e+03 
2.121100e-01 3.577377e+03 
2.132700e-01 3.552901e+03 
2.145200e-01 3.526888e+03 
2.157200e-01 3.502004e+03 
2.168800e-01 3.478150e+03 
2.180700e-01 3.454002e+03 
2.193400e-01 3.428400e+03 
2.206000e-01 3.403012e+03 
2.217500e-01 3.380149e+03 
2.229500e-01 3.356601e+03 
2.241400e-01 3.332998e+03 
2.253500e-01 3.309298e+03 
2.264900e-01 3.287254e+03 
2.277100e-01 3.263700e+03 
2.289900e-01 3.239026e+03 
2.301500e-01 3.216957e+03 
2.313600e-01 3.194221e+03 
2.325600e-01 3.171284e+03 
2.337700e-01 3.148449e+03 
2.350000e-01 3.125535e+03 
2.362000e-01 3.103259e+03 
2.374100e-01 3.080836e+03 
2.386500e-01 3.058149e+03 
2.399100e-01 3.035393e+03 
2.410400e-01 3.014895e+03 
2.422500e-01 2.993165e+03 
2.435000e-01 2.970999e+03 
2.447300e-01 2.949478e+03 
2.458700e-01 2.929839e+03 
2.470600e-01 2.909579e+03 
2.483300e-01 2.888222e+03 
2.495600e-01 2.867892e+03 
2.507600e-01 2.848430e+03 
2.519600e-01 2.829197e+03 
2.532200e-01 2.809245e+03 
2.543700e-01 2.791489e+03 
2.555500e-01 2.773639e+03 
2.568000e-01 2.754950e+03 
2.580100e-01 2.737073e+03 
2.592400e-01 2.719499e+03 
2.604100e-01 2.703142e+03 
2.616100e-01 2.686552e+03 
2.628400e-01 2.669741e+03 
2.640600e-01 2.653592e+03 
2.652200e-01 2.638538e+03 
2.664300e-01 2.623008e+03 
2.676500e-01 2.607523e+03 
2.688400e-01 2.592855e+03 
2.700700e-01 2.578031e+03 
2.712400e-01 2.564082e+03 
2.724800e-01 2.549459e+03 
2.736700e-01 2.535788e+03 
2.748800e-01 2.522252e+03 
2.761000e-01 2.508750e+03 
2.773200e-01 2.495394e+03 
2.785400e-01 2.482224e+03 
2.797000e-01 2.469921e+03 
2.808900e-01 2.457429e+03 
2.821400e-01 2.444446e+03 
2.833900e-01 2.431613e+03 
2.845500e-01 2.420039e+03 
2.857800e-01 2.407892e+03 
2.870300e-01 2.395678e+03 
2.882100e-01 2.384267e+03 
2.893900e-01 2.372952e+03 
2.906300e-01 2.361173e+03 
2.918900e-01 2.349329e+03 
2.930500e-01 2.338536e+03 
2.942500e-01 2.327502e+03 
2.954200e-01 2.316920e+03 
2.966500e-01 2.305905e+03 
2.978900e-01 2.294914e+03 
2.990400e-01 2.284820e+03 
3.002700e-01 2.274121e+03 
3.015100e-01 2.263440e+03 
3.026800e-01 2.253460e+03 
3.038500e-01 2.243574e+03 
3.050300e-01 2.233696e+03 
3.062600e-01 2.223395e+03 
3.075000e-01 2.213111e+03 
3.087000e-01 2.203256e+03 
3.099100e-01 2.193414e+03 
3.111200e-01 2.183711e+03 
3.123100e-01 2.174336e+03 
3.135300e-01 2.164815e+03 
3.147300e-01 2.155539e+03 
3.159900e-01 2.145892e+03 
3.171800e-01 2.136849e+03 
3.183700e-01 2.127877e+03 
3.196300e-01 2.118467e+03 
3.208400e-01 2.109516e+03 
3.220300e-01 2.100794e+03 
3.232000e-01 2.092274e+03 
3.244300e-01 2.083390e+03 
3.256700e-01 2.074517e+03 
3.269200e-01 2.065656e+03 
3.280800e-01 2.057508e+03 
3.292500e-01 2.049444e+03 
3.304800e-01 2.041067e+03 
3.317100e-01 2.032768e+03 
3.328900e-01 2.024876e+03 
3.340700e-01 2.017053e+03 
3.353600e-01 2.008555e+03 
3.365300e-01 2.000908e+03 
3.377100e-01 1.993262e+03 
3.389200e-01 1.985489e+03 
3.401600e-01 1.977595e+03 
3.413700e-01 1.969978e+03 
3.425300e-01 1.962751e+03 
3.437700e-01 1.955092e+03 
3.449800e-01 1.947684e+03 
3.461800e-01 1.940401e+03 
3.473600e-01 1.933320e+03 
3.485800e-01 1.926113e+03 
3.498100e-01 1.918910e+03 
3.510200e-01 1.911885e+03 
3.522000e-01 1.905092e+03 
3.533900e-01 1.898298e+03 
3.546400e-01 1.891194e+03 
3.558400e-01 1.884430e+03 
3.570600e-01 1.877612e+03 
3.582700e-01 1.870906e+03 
3.595000e-01 1.864147e+03 
3.607100e-01 1.857564e+03 
3.618900e-01 1.851205e+03 
3.631200e-01 1.844631e+03 
3.643200e-01 1.838271e+03 
3.655500e-01 1.831805e+03 
3.667300e-01 1.825653e+03 
3.679500e-01 1.819398e+03 
3.691900e-01 1.813094e+03 
3.703600e-01 1.807193e+03 
3.715700e-01 1.801140e+03 
3.727700e-01 1.795184e+03 
3.739900e-01 1.789167e+03 
3.752000e-01 1.783228e+03 
3.763900e-01 1.777433e+03 
3.775800e-01 1.771684e+03 
3.788200e-01 1.765741e+03 
3.800300e-01 1.759988e+03 
3.812100e-01 1.754404e+03 
3.824200e-01 1.748712e+03 
3.836100e-01 1.743158e+03 
3.848600e-01 1.737370e+03 
3.860400e-01 1.731948e+03 
3.872400e-01 1.726477e+03 
3.884600e-01 1.720934e+03 
3.896500e-01 1.715561e+03 
3.908700e-01 1.710094e+03 
3.920600e-01 1.704803e+03 
3.933100e-01 1.699288e+03 
3.945300e-01 1.693947e+03 
3.957200e-01 1.688775e+03 
3.969300e-01 1.683556e+03 
3.981700e-01 1.678248e+03 
3.993500e-01 1.673235e+03 
4.094840e-01 1.631521e+03 
4.272360e-01 1.563386e+03 
4.454600e-01 1.499315e+03 
4.630560e-01 1.442063e+03 
4.804610e-01 1.389514e+03 
4.980690e-01 1.340136e+03 
5.159230e-01 1.293422e+03 
5.317440e-01 1.254856e+03 
5.489640e-01 1.215277e+03 
5.671990e-01 1.176201e+03 
5.838690e-01 1.142588e+03 
6.018840e-01 1.108466e+03 
6.202330e-01 1.075717e+03 
6.379250e-01 1.045824e+03 
6.545410e-01 1.019254e+03 
6.714560e-01 9.934679e+02 
6.892080e-01 9.675986e+02 
7.066010e-01 9.433655e+02 
7.240540e-01 9.201531e+02 
7.420450e-01 8.970898e+02 
7.593780e-01 8.757504e+02 
7.764720e-01 8.555288e+02 
7.942840e-01 8.352059e+02 
8.116170e-01 8.159989e+02 
8.288310e-01 7.974959e+02 
8.462240e-01 7.794288e+02 
8.631980e-01 7.623919e+02 
8.810700e-01 7.450015e+02 
8.989410e-01 7.280949e+02 
9.166330e-01 7.118609e+02 
9.345640e-01 6.958513e+02 
9.515980e-01 6.811189e+02 
9.688720e-01 6.665964e+02 
9.865640e-01 6.520871e+02 
1.031870e+00 6.167517e+02 
1.063490e+00 5.934734e+02 
1.097920e+00 5.694538e+02 
1.134370e+00 5.454084e+02 
1.167730e+00 5.245206e+02 
1.203830e+00 5.030440e+02 
1.240470e+00 4.825025e+02 
1.275790e+00 4.636338e+02 
1.309140e+00 4.467652e+02 
1.342970e+00 4.304513e+02 
1.378420e+00 4.142432e+02 
1.413200e+00 3.991006e+02 
1.448110e+00 3.846443e+02 
1.484090e+00 3.704926e+02 
1.518820e+00 3.575464e+02 
1.552880e+00 3.453631e+02 
1.588630e+00 3.332297e+02 
1.623230e+00 3.220268e+02 
1.657720e+00 3.113847e+02 
1.692450e+00 3.011854e+02 
1.726400e+00 2.915798e+02 
1.762200e+00 2.819477e+02 
1.797880e+00 2.727844e+02 
1.833270e+00 2.641097e+02 
1.869070e+00 2.557276e+02 
1.903200e+00 2.480583e+02 
1.937740e+00 2.406247e+02 
1.973190e+00 2.333381e+02 
2.007440e+00 2.265830e+02 
2.042160e+00 2.200064e+02 
2.077900e+00 2.135080e+02 
2.112390e+00 2.074957e+02 
2.146220e+00 2.018385e+02 
2.181600e+00 1.961316e+02 
2.216930e+00 1.906701e+02 
2.250760e+00 1.856415e+02 
2.286500e+00 1.805253e+02 
2.321770e+00 1.756653e+02 
2.355950e+00 1.711239e+02 
2.391280e+00 1.666185e+02 
2.426240e+00 1.623271e+02 
2.460670e+00 1.582481e+02 
2.495640e+00 1.542443e+02 
2.531080e+00 1.503337e+02 
2.566220e+00 1.465888e+02 
2.600830e+00 1.430252e+02 
2.635080e+00 1.396161e+02 
2.670340e+00 1.362368e+02 
2.705970e+00 1.329402e+02 
2.740040e+00 1.298917e+02 
2.774520e+00 1.268972e+02 
2.809730e+00 1.239507e+02 
2.844390e+00 1.211474e+02 
2.879960e+00 1.183593e+02 
2.914860e+00 1.157093e+02 
2.949410e+00 1.131674e+02 
2.984440e+00 1.106702e+02 
3.019760e+00 1.082254e+02 
3.054730e+00 1.058769e+02 
3.089030e+00 1.036546e+02 
3.124060e+00 1.014512e+02 
3.159560e+00 9.928356e+01 
3.194710e+00 9.720879e+01 
3.229010e+00 9.524393e+01 
3.263320e+00 9.332035e+01 
3.297930e+00 9.143791e+01 
3.332830e+00 8.959980e+01 
3.368040e+00 8.780121e+01 
3.403300e+00 8.605311e+01 
3.438450e+00 8.435702e+01 
3.473060e+00 8.273194e+01 
3.508440e+00 8.111693e+01 
3.543110e+00 7.957659e+01 
3.577470e+00 7.808931e+01 
3.613040e+00 7.659200e+01 
3.648120e+00 7.515957e+01 
3.682910e+00 7.377433e+01 
3.718050e+00 7.240863e+01 
3.753320e+00 7.107664e+01 
3.787980e+00 6.980609e+01 
3.822290e+00 6.857812e+01 
3.857020e+00 6.736371e+01 
3.891920e+00 6.617528e+01 
3.926650e+00 6.502516e+01 
3.961970e+00 6.388349e+01 
3.997360e+00 6.276668e+01 
4.031670e+00 6.171061e+01 
4.066330e+00 6.067325e+01 
4.101420e+00 5.964737e+01 
4.136200e+00 5.865306e+01 
4.170810e+00 5.768615e+01 
4.206250e+00 5.671971e+01 
4.241580e+00 5.577849e+01 
4.276300e+00 5.487891e+01 
4.310970e+00 5.400298e+01 
4.346120e+00 5.313336e+01 
4.380600e+00 5.229709e+01 
4.414730e+00 5.148716e+01 
4.450350e+00 5.066671e+01 
4.485320e+00 4.987861e+01 
4.519810e+00 4.911595e+01 
4.555430e+00 4.834417e+01 
4.590870e+00 4.759488e+01 
4.625480e+00 4.688295e+01 
4.659910e+00 4.618914e+01 
4.695230e+00 4.549163e+01 
4.729960e+00 4.481971e+01 
4.764450e+00 4.416664e+01 
4.799530e+00 4.351706e+01 
4.834910e+00 4.287509e+01 
4.869700e+00 4.225767e+01 
4.904370e+00 4.165463e+01 
4.939450e+00 4.105691e+01 
4.973940e+00 4.048210e+01 
5.008430e+00 3.991822e+01 
5.043810e+00 3.935202e+01 
5.078840e+00 3.880284e+01 
5.113500e+00 3.826969e+01 
5.148890e+00 3.773676e+01 
5.184210e+00 3.721496e+01 
5.219060e+00 3.670992e+01 
5.253660e+00 3.621832e+01 
5.288570e+00 3.573135e+01 
5.323420e+00 3.525551e+01 
5.358440e+00 3.478763e+01 
5.393590e+00 3.432647e+01 
5.428310e+00 3.387881e+01 
5.462800e+00 3.344178e+01 
5.497640e+00 3.300805e+01 
5.532670e+00 3.258168e+01 
5.567280e+00 3.216839e+01 
5.602000e+00 3.176090e+01 
5.637270e+00 3.135455e+01 
5.672410e+00 3.095679e+01 
5.707020e+00 3.057167e+01 
5.742040e+00 3.018931e+01 
5.777430e+00 2.980961e+01 
5.812210e+00 2.944272e+01 
5.846820e+00 2.908447e+01 
5.881610e+00 2.873048e+01 
5.916510e+00 2.838119e+01 
5.951600e+00 2.803694e+01 
5.986560e+00 2.770007e+01 
6.021830e+00 2.736575e+01 
6.056490e+00 2.704254e+01 
6.091160e+00 2.672441e+01 
6.125830e+00 2.641131e+01 
6.161090e+00 2.609819e+01 
6.195760e+00 2.579575e+01 
6.230420e+00 2.549810e+01 
6.265690e+00 2.519999e+01 
6.300950e+00 2.490807e+01 
6.335620e+00 2.462545e+01 
6.370880e+00 2.434243e+01 
6.405550e+00 2.406839e+01 
6.440220e+00 2.379848e+01 
6.475480e+00 2.352812e+01 
6.510150e+00 2.326667e+01 
6.544810e+00 2.301005e+01 
6.580080e+00 2.275281e+01 
6.614750e+00 2.250368e+01 
6.649410e+00 2.225891e+01 
6.684080e+00 2.201776e+01 
6.719340e+00 2.177608e+01 
6.754010e+00 2.154190e+01 
6.788680e+00 2.131109e+01 
6.823940e+00 2.107973e+01 
6.859800e+00 2.084787e+01 
6.894470e+00 2.062772e+01 
6.929140e+00 2.041094e+01 
6.963800e+00 2.019727e+01 
6.999070e+00 1.998287e+01 
7.033730e+00 1.977484e+01 
7.068400e+00 1.956963e+01 
7.103660e+00 1.936382e+01 
7.138330e+00 1.916468e+01 
7.173600e+00 1.896576e+01 
7.208260e+00 1.877294e+01 
7.243530e+00 1.857941e+01 
7.277600e+00 1.839471e+01 
7.312860e+00 1.820586e+01 
7.348120e+00 1.801958e+01 
7.382790e+00 1.783887e+01 
7.417460e+00 1.766129e+01 
7.452720e+00 1.748347e+01 
7.487390e+00 1.731093e+01 
7.522650e+00 1.713777e+01 
7.557320e+00 1.697014e+01 
7.591990e+00 1.680481e+01 
7.627250e+00 1.663886e+01 
7.662510e+00 1.647508e+01 
7.697180e+00 1.631570e+01 
7.731850e+00 1.615820e+01 
7.766510e+00 1.600274e+01 
7.801180e+00 1.584921e+01 
7.836440e+00 1.569576e+01 
7.871110e+00 1.554721e+01 
7.906380e+00 1.539800e+01 
7.941040e+00 1.525320e+01 
7.976310e+00 1.510775e+01 
8.011570e+00 1.496421e+01 
8.046240e+00 1.482482e+01 
8.080900e+00 1.468718e+01 
8.115570e+00 1.455119e+01 
8.150830e+00 1.441459e+01 
8.185500e+00 1.428192e+01 
8.220770e+00 1.414860e+01 
8.255430e+00 1.401918e+01 
8.290100e+00 1.389175e+01 
8.324770e+00 1.376590e+01 
8.359430e+00 1.364158e+01 
8.394700e+00 1.351658e+01 
8.429960e+00 1.339315e+01 
8.464630e+00 1.327325e+01 
8.499890e+00 1.315276e+01 
8.534560e+00 1.303567e+01 
8.569200e+00 1.292005e+01 
