# Parameters:
# omega_b = 0.022240, omega_m = 0.135709, n_s = 0.865748, h = 83.818898, w = -1.000000, sigma_8 = 0.807087
# z = 0.300000
#
# k[1/Mpc] # P(k):
8.694000e-04 1.667280e+04 
2.077466e-03 3.243113e+04 
3.285532e-03 4.369609e+04 
4.493598e-03 5.172060e+04 
5.701664e-03 5.720149e+04 
6.909730e-03 6.069061e+04 
8.117797e-03 6.270762e+04 
9.325863e-03 6.351750e+04 
1.053393e-02 6.336119e+04 
1.174199e-02 6.244530e+04 
1.295006e-02 6.090680e+04 
1.415813e-02 5.891819e+04 
1.536619e-02 5.661745e+04 
1.657426e-02 5.412609e+04 
1.778233e-02 5.156941e+04 
1.899039e-02 4.891878e+04 
2.019846e-02 4.613325e+04 
2.140652e-02 4.339174e+04 
2.261459e-02 4.080211e+04 
2.382266e-02 3.840294e+04 
2.503072e-02 3.621161e+04 
2.623879e-02 3.422740e+04 
2.744685e-02 3.244864e+04 
2.865492e-02 3.086607e+04 
2.986299e-02 2.946549e+04 
3.100100e-02 2.830447e+04 
3.220400e-02 2.722632e+04 
3.288100e-02 2.668458e+04 
3.424300e-02 2.571311e+04 
3.555100e-02 2.490503e+04 
3.686000e-02 2.419968e+04 
3.795000e-02 2.367353e+04 
3.929100e-02 2.308801e+04 
4.039800e-02 2.263681e+04 
4.164000e-02 2.215247e+04 
4.294400e-02 2.164509e+04 
4.415000e-02 2.117586e+04 
4.542900e-02 2.065241e+04 
4.660900e-02 2.015800e+04 
4.782300e-02 1.960777e+04 
4.892900e-02 1.908850e+04 
5.031200e-02 1.840971e+04 
5.155900e-02 1.777065e+04 
5.238100e-02 1.734011e+04 
5.378200e-02 1.660016e+04 
5.513400e-02 1.588204e+04 
5.627600e-02 1.528083e+04 
5.735300e-02 1.472766e+04 
5.870100e-02 1.406171e+04 
5.988700e-02 1.350482e+04 
6.113500e-02 1.295262e+04 
6.225900e-02 1.248723e+04 
6.340100e-02 1.205107e+04 
6.480200e-02 1.156146e+04 
6.601100e-02 1.118279e+04 
6.725500e-02 1.083284e+04 
6.829100e-02 1.057434e+04 
6.958600e-02 1.028364e+04 
7.071100e-02 1.006161e+04 
7.192300e-02 9.848117e+03 
7.307400e-02 9.666926e+03 
7.412300e-02 9.517782e+03 
7.550400e-02 9.342787e+03 
7.663100e-02 9.211486e+03 
7.791200e-02 9.073767e+03 
7.912700e-02 8.948049e+03 
8.027600e-02 8.832235e+03 
8.138400e-02 8.720917e+03 
8.272200e-02 8.583984e+03 
8.406100e-02 8.442869e+03 
8.534100e-02 8.299504e+03 
8.653800e-02 8.158825e+03 
8.759800e-02 8.030039e+03 
8.900300e-02 7.851808e+03 
9.009000e-02 7.707387e+03 
9.113300e-02 7.564445e+03 
9.239600e-02 7.389703e+03 
9.358000e-02 7.223031e+03 
9.496100e-02 7.025535e+03 
9.608400e-02 6.866442e+03 
9.727500e-02 6.700297e+03 
9.852600e-02 6.527889e+03 
9.973800e-02 6.366471e+03 
1.009000e-01 6.216739e+03 
1.020900e-01 6.071517e+03 
1.034000e-01 5.919536e+03 
1.046000e-01 5.787693e+03 
1.057200e-01 5.674307e+03 
1.069100e-01 5.559954e+03 
1.082500e-01 5.443741e+03 
1.093900e-01 5.352916e+03 
1.105400e-01 5.266685e+03 
1.116900e-01 5.190225e+03 
1.129600e-01 5.110438e+03 
1.142000e-01 5.040415e+03 
1.153300e-01 4.980117e+03 
1.166400e-01 4.914958e+03 
1.177800e-01 4.861051e+03 
1.190000e-01 4.805397e+03 
1.201200e-01 4.754850e+03 
1.213400e-01 4.700971e+03 
1.227100e-01 4.639041e+03 
1.238900e-01 4.586041e+03 
1.250700e-01 4.530861e+03 
1.263200e-01 4.472142e+03 
1.275500e-01 4.412094e+03 
1.287500e-01 4.353163e+03 
1.299900e-01 4.290978e+03 
1.311300e-01 4.233415e+03 
1.323500e-01 4.170656e+03 
1.335900e-01 4.107254e+03 
1.347100e-01 4.049813e+03 
1.359800e-01 3.985629e+03 
1.372100e-01 3.923886e+03 
1.384300e-01 3.863908e+03 
1.395700e-01 3.808753e+03 
1.407700e-01 3.752000e+03 
1.420300e-01 3.694258e+03 
1.432800e-01 3.638277e+03 
1.444500e-01 3.588071e+03 
1.456300e-01 3.538490e+03 
1.468900e-01 3.488162e+03 
1.480500e-01 3.443236e+03 
1.491700e-01 3.401438e+03 
1.503800e-01 3.358105e+03 
1.516400e-01 3.314280e+03 
1.528200e-01 3.275678e+03 
1.540200e-01 3.237179e+03 
1.551900e-01 3.201519e+03 
1.564300e-01 3.164729e+03 
1.576600e-01 3.129566e+03 
1.588700e-01 3.096378e+03 
1.600900e-01 3.063565e+03 
1.612700e-01 3.032824e+03 
1.625400e-01 3.000352e+03 
1.637600e-01 2.969855e+03 
1.649500e-01 2.940710e+03 
1.662200e-01 2.910091e+03 
1.674000e-01 2.881707e+03 
1.685000e-01 2.855689e+03 
1.697500e-01 2.826207e+03 
1.710300e-01 2.796151e+03 
1.722200e-01 2.768703e+03 
1.734400e-01 2.740135e+03 
1.746400e-01 2.712481e+03 
1.758700e-01 2.684404e+03 
1.770900e-01 2.656589e+03 
1.782700e-01 2.630138e+03 
1.794600e-01 2.603507e+03 
1.807000e-01 2.575958e+03 
1.819100e-01 2.549530e+03 
1.830100e-01 2.525622e+03 
1.842200e-01 2.499693e+03 
1.855000e-01 2.472738e+03 
1.867000e-01 2.448112e+03 
1.879200e-01 2.423480e+03 
1.890900e-01 2.400281e+03 
1.902800e-01 2.377300e+03 
1.915200e-01 2.353735e+03 
1.926900e-01 2.331952e+03 
1.939000e-01 2.310109e+03 
1.951700e-01 2.287546e+03 
1.963100e-01 2.267715e+03 
1.975100e-01 2.247446e+03 
1.987800e-01 2.226326e+03 
2.000100e-01 2.206296e+03 
2.012500e-01 2.186657e+03 
2.023400e-01 2.169641e+03 
2.036100e-01 2.150137e+03 
2.048900e-01 2.130929e+03 
2.060400e-01 2.113924e+03 
2.072200e-01 2.096727e+03 
2.084200e-01 2.079605e+03 
2.096900e-01 2.061747e+03 
2.109200e-01 2.044705e+03 
2.121100e-01 2.028454e+03 
2.132700e-01 2.012828e+03 
2.145200e-01 1.996224e+03 
2.157200e-01 1.980533e+03 
2.168800e-01 1.965581e+03 
2.180700e-01 1.950446e+03 
2.193400e-01 1.934547e+03 
2.206000e-01 1.919052e+03 
2.217500e-01 1.905100e+03 
2.229500e-01 1.890730e+03 
2.241400e-01 1.876809e+03 
2.253500e-01 1.862844e+03 
2.264900e-01 1.849855e+03 
2.277100e-01 1.836267e+03 
2.289900e-01 1.822352e+03 
2.301500e-01 1.809906e+03 
2.313600e-01 1.797089e+03 
2.325600e-01 1.784762e+03 
2.337700e-01 1.772488e+03 
2.350000e-01 1.760171e+03 
2.362000e-01 1.748440e+03 
2.374100e-01 1.736916e+03 
2.386500e-01 1.725255e+03 
2.399100e-01 1.713557e+03 
2.410400e-01 1.703318e+03 
2.422500e-01 1.692500e+03 
2.435000e-01 1.681463e+03 
2.447300e-01 1.670781e+03 
2.458700e-01 1.661173e+03 
2.470600e-01 1.651259e+03 
2.483300e-01 1.640806e+03 
2.495600e-01 1.630835e+03 
2.507600e-01 1.621258e+03 
2.519600e-01 1.611793e+03 
2.532200e-01 1.601973e+03 
2.543700e-01 1.593100e+03 
2.555500e-01 1.584087e+03 
2.568000e-01 1.574651e+03 
2.580100e-01 1.565623e+03 
2.592400e-01 1.556498e+03 
2.604100e-01 1.547892e+03 
2.616100e-01 1.539164e+03 
2.628400e-01 1.530319e+03 
2.640600e-01 1.521524e+03 
2.652200e-01 1.513207e+03 
2.664300e-01 1.504625e+03 
2.676500e-01 1.496068e+03 
2.688400e-01 1.487715e+03 
2.700700e-01 1.479114e+03 
2.712400e-01 1.471022e+03 
2.724800e-01 1.462538e+03 
2.736700e-01 1.454440e+03 
2.748800e-01 1.446248e+03 
2.761000e-01 1.438077e+03 
2.773200e-01 1.429995e+03 
2.785400e-01 1.421946e+03 
2.797000e-01 1.414262e+03 
2.808900e-01 1.406460e+03 
2.821400e-01 1.398351e+03 
2.833900e-01 1.390329e+03 
2.845500e-01 1.382935e+03 
2.857800e-01 1.375175e+03 
2.870300e-01 1.367372e+03 
2.882100e-01 1.360083e+03 
2.893900e-01 1.352797e+03 
2.906300e-01 1.345181e+03 
2.918900e-01 1.337523e+03 
2.930500e-01 1.330545e+03 
2.942500e-01 1.323400e+03 
2.954200e-01 1.316510e+03 
2.966500e-01 1.309338e+03 
2.978900e-01 1.302182e+03 
2.990400e-01 1.295610e+03 
3.002700e-01 1.288631e+03 
3.015100e-01 1.281658e+03 
3.026800e-01 1.275143e+03 
3.038500e-01 1.268689e+03 
3.050300e-01 1.262240e+03 
3.062600e-01 1.255525e+03 
3.075000e-01 1.248822e+03 
3.087000e-01 1.242399e+03 
3.099100e-01 1.235983e+03 
3.111200e-01 1.229657e+03 
3.123100e-01 1.223540e+03 
3.135300e-01 1.217329e+03 
3.147300e-01 1.211277e+03 
3.159900e-01 1.204983e+03 
3.171800e-01 1.199090e+03 
3.183700e-01 1.193248e+03 
3.196300e-01 1.187120e+03 
3.208400e-01 1.181291e+03 
3.220300e-01 1.175611e+03 
3.232000e-01 1.170075e+03 
3.244300e-01 1.164307e+03 
3.256700e-01 1.158547e+03 
3.269200e-01 1.152794e+03 
3.280800e-01 1.147504e+03 
3.292500e-01 1.142267e+03 
3.304800e-01 1.136827e+03 
3.317100e-01 1.131437e+03 
3.328900e-01 1.126312e+03 
3.340700e-01 1.121232e+03 
3.353600e-01 1.115725e+03 
3.365300e-01 1.110775e+03 
3.377100e-01 1.105824e+03 
3.389200e-01 1.100792e+03 
3.401600e-01 1.095681e+03 
3.413700e-01 1.090755e+03 
3.425300e-01 1.086085e+03 
3.437700e-01 1.081136e+03 
3.449800e-01 1.076348e+03 
3.461800e-01 1.071641e+03 
3.473600e-01 1.067068e+03 
3.485800e-01 1.062423e+03 
3.498100e-01 1.057780e+03 
3.510200e-01 1.053252e+03 
3.522000e-01 1.048872e+03 
3.533900e-01 1.044492e+03 
3.546400e-01 1.039924e+03 
3.558400e-01 1.035575e+03 
3.570600e-01 1.031191e+03 
3.582700e-01 1.026879e+03 
3.595000e-01 1.022531e+03 
3.607100e-01 1.018304e+03 
3.618900e-01 1.014226e+03 
3.631200e-01 1.010010e+03 
3.643200e-01 1.005930e+03 
3.655500e-01 1.001782e+03 
3.667300e-01 9.978345e+02 
3.679500e-01 9.938405e+02 
3.691900e-01 9.898141e+02 
3.703600e-01 9.860452e+02 
3.715700e-01 9.821781e+02 
3.727700e-01 9.783732e+02 
3.739900e-01 9.745320e+02 
3.752000e-01 9.707460e+02 
3.763900e-01 9.670516e+02 
3.775800e-01 9.633856e+02 
3.788200e-01 9.595957e+02 
3.800300e-01 9.559266e+02 
3.812100e-01 9.523804e+02 
3.824200e-01 9.487747e+02 
3.836100e-01 9.452558e+02 
3.848600e-01 9.415882e+02 
3.860400e-01 9.381526e+02 
3.872400e-01 9.346851e+02 
3.884600e-01 9.311881e+02 
3.896500e-01 9.278035e+02 
3.908700e-01 9.243597e+02 
3.920600e-01 9.210259e+02 
3.933100e-01 9.175506e+02 
3.945300e-01 9.141847e+02 
3.957200e-01 9.109336e+02 
3.969300e-01 9.076544e+02 
3.981700e-01 9.043192e+02 
3.993500e-01 9.011689e+02 
4.094840e-01 8.750648e+02 
4.272360e-01 8.328716e+02 
4.454600e-01 7.936636e+02 
4.630560e-01 7.590185e+02 
4.804610e-01 7.275454e+02 
4.980690e-01 6.982131e+02 
5.159230e-01 6.706876e+02 
5.317440e-01 6.481038e+02 
5.489640e-01 6.251003e+02 
5.671990e-01 6.025526e+02 
5.838690e-01 5.833049e+02 
6.018840e-01 5.639066e+02 
6.202330e-01 5.454884e+02 
6.379250e-01 5.288088e+02 
6.545410e-01 5.141548e+02 
6.714560e-01 5.000603e+02 
6.892080e-01 4.860855e+02 
7.066010e-01 4.731556e+02 
7.240540e-01 4.608851e+02 
7.420450e-01 4.488705e+02 
7.593780e-01 4.378706e+02 
7.764720e-01 4.275545e+02 
7.942840e-01 4.172954e+02 
8.116170e-01 4.077173e+02 
8.288310e-01 3.985824e+02 
8.462240e-01 3.897356e+02 
8.631980e-01 3.814724e+02 
8.810700e-01 3.731087e+02 
8.989410e-01 3.650324e+02 
9.166330e-01 3.573317e+02 
9.345640e-01 3.497830e+02 
9.515980e-01 3.428763e+02 
9.688720e-01 3.361039e+02 
9.865640e-01 3.293712e+02 
1.031870e+00 3.130570e+02 
1.063490e+00 3.023714e+02 
1.097920e+00 2.913964e+02 
1.134370e+00 2.804129e+02 
1.167730e+00 2.708778e+02 
1.203830e+00 2.610706e+02 
1.240470e+00 2.516725e+02 
1.275790e+00 2.430212e+02 
1.309140e+00 2.352613e+02 
1.342970e+00 2.277319e+02 
1.378420e+00 2.202238e+02 
1.413200e+00 2.131788e+02 
1.448110e+00 2.064223e+02 
1.484090e+00 1.997749e+02 
1.518820e+00 1.936697e+02 
1.552880e+00 1.878892e+02 
1.588630e+00 1.821046e+02 
1.623230e+00 1.767373e+02 
1.657720e+00 1.716158e+02 
1.692450e+00 1.666824e+02 
1.726400e+00 1.620069e+02 
1.762200e+00 1.572960e+02 
1.797880e+00 1.527902e+02 
1.833270e+00 1.485071e+02 
1.869070e+00 1.443456e+02 
1.903200e+00 1.405170e+02 
1.937740e+00 1.367904e+02 
1.973190e+00 1.331194e+02 
2.007440e+00 1.296999e+02 
2.042160e+00 1.263548e+02 
2.077900e+00 1.230345e+02 
2.112390e+00 1.199490e+02 
2.146220e+00 1.170321e+02 
2.181600e+00 1.140752e+02 
2.216930e+00 1.112339e+02 
2.250760e+00 1.086073e+02 
2.286500e+00 1.059235e+02 
2.321770e+00 1.033633e+02 
2.355950e+00 1.009609e+02 
2.391280e+00 9.856747e+01 
2.426240e+00 9.627929e+01 
2.460670e+00 9.409619e+01 
2.495640e+00 9.194524e+01 
2.531080e+00 8.983489e+01 
2.566220e+00 8.780630e+01 
2.600830e+00 8.586944e+01 
2.635080e+00 8.401061e+01 
2.670340e+00 8.216011e+01 
2.705970e+00 8.034918e+01 
2.740040e+00 7.866949e+01 
2.774520e+00 7.701307e+01 
2.809730e+00 7.537806e+01 
2.844390e+00 7.381843e+01 
2.879960e+00 7.226171e+01 
2.914860e+00 7.077670e+01 
2.949410e+00 6.934868e+01 
2.984440e+00 6.794083e+01 
3.019760e+00 6.655829e+01 
3.054730e+00 6.522718e+01 
3.089030e+00 6.396273e+01 
3.124060e+00 6.270635e+01 
3.159560e+00 6.146679e+01 
3.194710e+00 6.027685e+01 
3.229010e+00 5.914799e+01 
3.263320e+00 5.803815e+01 
3.297930e+00 5.695018e+01 
3.332830e+00 5.588500e+01 
3.368040e+00 5.484028e+01 
3.403300e+00 5.382293e+01 
3.438450e+00 5.283259e+01 
3.473060e+00 5.188243e+01 
3.508440e+00 5.093465e+01 
3.543110e+00 5.002961e+01 
3.577470e+00 4.915284e+01 
3.613040e+00 4.826902e+01 
3.648120e+00 4.742138e+01 
3.682910e+00 4.660032e+01 
3.718050e+00 4.578873e+01 
3.753320e+00 4.499593e+01 
3.787980e+00 4.423814e+01 
3.822290e+00 4.350449e+01 
3.857020e+00 4.277724e+01 
3.891920e+00 4.206456e+01 
3.926650e+00 4.137344e+01 
3.961970e+00 4.068648e+01 
3.997360e+00 4.001283e+01 
4.031670e+00 3.937522e+01 
4.066330e+00 3.874745e+01 
4.101420e+00 3.812625e+01 
4.136200e+00 3.752238e+01 
4.170810e+00 3.693485e+01 
4.206250e+00 3.634620e+01 
4.241580e+00 3.577244e+01 
4.276300e+00 3.522314e+01 
4.310970e+00 3.468766e+01 
4.346120e+00 3.415537e+01 
4.380600e+00 3.364252e+01 
4.414730e+00 3.314559e+01 
4.450350e+00 3.264108e+01 
4.485320e+00 3.215625e+01 
4.519810e+00 3.168618e+01 
4.555430e+00 3.120998e+01 
4.590870e+00 3.074726e+01 
4.625480e+00 3.030707e+01 
4.659910e+00 2.987790e+01 
4.695230e+00 2.944553e+01 
4.729960e+00 2.902874e+01 
4.764450e+00 2.862328e+01 
4.799530e+00 2.821949e+01 
4.834910e+00 2.782027e+01 
4.869700e+00 2.743570e+01 
4.904370e+00 2.705986e+01 
4.939450e+00 2.668706e+01 
4.973940e+00 2.632803e+01 
5.008430e+00 2.597569e+01 
5.043810e+00 2.562158e+01 
5.078840e+00 2.527786e+01 
5.113500e+00 2.494406e+01 
5.148890e+00 2.460987e+01 
5.184210e+00 2.428253e+01 
5.219060e+00 2.396550e+01 
5.253660e+00 2.365653e+01 
5.288570e+00 2.335037e+01 
5.323420e+00 2.305103e+01 
5.358440e+00 2.275650e+01 
5.393590e+00 2.246610e+01 
5.428310e+00 2.218393e+01 
5.462800e+00 2.190827e+01 
5.497640e+00 2.163461e+01 
5.532670e+00 2.136539e+01 
5.567280e+00 2.110431e+01 
5.602000e+00 2.084683e+01 
5.637270e+00 2.058984e+01 
5.672410e+00 2.033816e+01 
5.707020e+00 2.009442e+01 
5.742040e+00 1.985222e+01 
5.777430e+00 1.961160e+01 
5.812210e+00 1.937903e+01 
5.846820e+00 1.915181e+01 
5.881610e+00 1.892722e+01 
5.916510e+00 1.870554e+01 
5.951600e+00 1.848694e+01 
5.986560e+00 1.827295e+01 
6.021830e+00 1.806051e+01 
6.056490e+00 1.785502e+01 
6.091160e+00 1.765266e+01 
6.125830e+00 1.745344e+01 
6.161090e+00 1.725415e+01 
6.195760e+00 1.706159e+01 
6.230420e+00 1.687202e+01 
6.265690e+00 1.668210e+01 
6.300950e+00 1.649606e+01 
6.335620e+00 1.631589e+01 
6.370880e+00 1.613543e+01 
6.405550e+00 1.596061e+01 
6.440220e+00 1.578836e+01 
6.475480e+00 1.561579e+01 
6.510150e+00 1.544885e+01 
6.544810e+00 1.528496e+01 
6.580080e+00 1.512062e+01 
6.614750e+00 1.496143e+01 
6.649410e+00 1.480496e+01 
6.684080e+00 1.465076e+01 
6.719340e+00 1.449618e+01 
6.754010e+00 1.434636e+01 
6.788680e+00 1.419867e+01 
6.823940e+00 1.405059e+01 
6.859800e+00 1.390214e+01 
6.894470e+00 1.376116e+01 
6.929140e+00 1.362230e+01 
6.963800e+00 1.348540e+01 
6.999070e+00 1.334799e+01 
7.033730e+00 1.321463e+01 
7.068400e+00 1.308304e+01 
7.103660e+00 1.295103e+01 
7.138330e+00 1.282328e+01 
7.173600e+00 1.269566e+01 
7.208260e+00 1.257193e+01 
7.243530e+00 1.244770e+01 
7.277600e+00 1.232909e+01 
7.312860e+00 1.220777e+01 
7.348120e+00 1.208807e+01 
7.382790e+00 1.197192e+01 
7.417460e+00 1.185779e+01 
7.452720e+00 1.174348e+01 
7.487390e+00 1.163254e+01 
7.522650e+00 1.152116e+01 
7.557320e+00 1.141332e+01 
7.591990e+00 1.130695e+01 
7.627250e+00 1.120014e+01 
7.662510e+00 1.109470e+01 
7.697180e+00 1.099206e+01 
7.731850e+00 1.089059e+01 
7.766510e+00 1.079042e+01 
7.801180e+00 1.069146e+01 
7.836440e+00 1.059254e+01 
7.871110e+00 1.049678e+01 
7.906380e+00 1.040055e+01 
7.941040e+00 1.030715e+01 
7.976310e+00 1.021330e+01 
8.011570e+00 1.012066e+01 
8.046240e+00 1.003067e+01 
8.080900e+00 9.941792e+00 
8.115570e+00 9.853949e+00 
8.150830e+00 9.765697e+00 
8.185500e+00 9.679958e+00 
8.220770e+00 9.593773e+00 
8.255430e+00 9.510081e+00 
8.290100e+00 9.427676e+00 
8.324770e+00 9.346270e+00 
8.359430e+00 9.265830e+00 
8.394700e+00 9.184929e+00 
8.429960e+00 9.105012e+00 
8.464630e+00 9.027354e+00 
8.499890e+00 8.949286e+00 
8.534560e+00 8.873406e+00 
8.569200e+00 8.798451e+00 
