# Parameters:
# omega_b = 0.023154, omega_m = 0.148661, n_s = 1.010630, h = 71.299213, w = -1.000000, sigma_8 = 0.805512
# z = 0.500000
#
# k[1/Mpc] # P(k):
8.694000e-04 6.108634e+03 
2.077466e-03 1.365202e+04 
3.285532e-03 1.984044e+04 
4.493598e-03 2.482453e+04 
5.701664e-03 2.869534e+04 
6.909730e-03 3.159747e+04 
8.117797e-03 3.372125e+04 
9.325863e-03 3.516104e+04 
1.053393e-02 3.601415e+04 
1.174199e-02 3.637295e+04 
1.295006e-02 3.629797e+04 
1.415813e-02 3.587804e+04 
1.536619e-02 3.518741e+04 
1.657426e-02 3.427460e+04 
1.778233e-02 3.315515e+04 
1.899039e-02 3.187425e+04 
2.019846e-02 3.053661e+04 
2.140652e-02 2.922878e+04 
2.261459e-02 2.795643e+04 
2.382266e-02 2.673166e+04 
2.503072e-02 2.557175e+04 
2.623879e-02 2.448606e+04 
2.744685e-02 2.347872e+04 
2.865492e-02 2.255573e+04 
2.986299e-02 2.171616e+04 
3.100100e-02 2.100123e+04 
3.220400e-02 2.032134e+04 
3.288100e-02 1.997264e+04 
3.424300e-02 1.933763e+04 
3.555100e-02 1.880054e+04 
3.686000e-02 1.832630e+04 
3.795000e-02 1.797095e+04 
3.929100e-02 1.757742e+04 
4.039800e-02 1.727773e+04 
4.164000e-02 1.696059e+04 
4.294400e-02 1.663767e+04 
4.415000e-02 1.634391e+04 
4.542900e-02 1.602348e+04 
4.660900e-02 1.572253e+04 
4.782300e-02 1.539030e+04 
4.892900e-02 1.507651e+04 
5.031200e-02 1.466263e+04 
5.155900e-02 1.426737e+04 
5.238100e-02 1.399788e+04 
5.378200e-02 1.352625e+04 
5.513400e-02 1.305783e+04 
5.627600e-02 1.265681e+04 
5.735300e-02 1.227941e+04 
5.870100e-02 1.181311e+04 
5.988700e-02 1.141402e+04 
6.113500e-02 1.100866e+04 
6.225900e-02 1.065962e+04 
6.340100e-02 1.032344e+04 
6.480200e-02 9.937546e+03 
6.601100e-02 9.631261e+03 
6.725500e-02 9.342090e+03 
6.829100e-02 9.123233e+03 
6.958600e-02 8.872639e+03 
7.071100e-02 8.677407e+03 
7.192300e-02 8.487551e+03 
7.307400e-02 8.325272e+03 
7.412300e-02 8.191056e+03 
7.550400e-02 8.033318e+03 
7.663100e-02 7.916163e+03 
7.791200e-02 7.796066e+03 
7.912700e-02 7.690891e+03 
8.027600e-02 7.596343e+03 
8.138400e-02 7.508204e+03 
8.272200e-02 7.403948e+03 
8.406100e-02 7.299906e+03 
8.534100e-02 7.197515e+03 
8.653800e-02 7.097866e+03 
8.759800e-02 7.007173e+03 
8.900300e-02 6.882213e+03 
9.009000e-02 6.780894e+03 
9.113300e-02 6.679194e+03 
9.239600e-02 6.553492e+03 
9.358000e-02 6.431815e+03 
9.496100e-02 6.284708e+03 
9.608400e-02 6.164025e+03 
9.727500e-02 6.036126e+03 
9.852600e-02 5.899189e+03 
9.973800e-02 5.768937e+03 
1.009000e-01 5.646416e+03 
1.020900e-01 5.523446e+03 
1.034000e-01 5.392912e+03 
1.046000e-01 5.277786e+03 
1.057200e-01 5.176318e+03 
1.069100e-01 5.072945e+03 
1.082500e-01 4.964693e+03 
1.093900e-01 4.878890e+03 
1.105400e-01 4.796704e+03 
1.116900e-01 4.722273e+03 
1.129600e-01 4.644265e+03 
1.142000e-01 4.575402e+03 
1.153300e-01 4.516228e+03 
1.166400e-01 4.452475e+03 
1.177800e-01 4.400865e+03 
1.190000e-01 4.348123e+03 
1.201200e-01 4.302369e+03 
1.213400e-01 4.253979e+03 
1.227100e-01 4.201374e+03 
1.238900e-01 4.156973e+03 
1.250700e-01 4.112699e+03 
1.263200e-01 4.066208e+03 
1.275500e-01 4.019994e+03 
1.287500e-01 3.974811e+03 
1.299900e-01 3.927388e+03 
1.311300e-01 3.883455e+03 
1.323500e-01 3.835502e+03 
1.335900e-01 3.786518e+03 
1.347100e-01 3.741449e+03 
1.359800e-01 3.690434e+03 
1.372100e-01 3.640098e+03 
1.384300e-01 3.590604e+03 
1.395700e-01 3.543732e+03 
1.407700e-01 3.495283e+03 
1.420300e-01 3.444015e+03 
1.432800e-01 3.394293e+03 
1.444500e-01 3.348204e+03 
1.456300e-01 3.302684e+03 
1.468900e-01 3.255474e+03 
1.480500e-01 3.213028e+03 
1.491700e-01 3.173373e+03 
1.503800e-01 3.132050e+03 
1.516400e-01 3.090250e+03 
1.528200e-01 3.053387e+03 
1.540200e-01 3.016626e+03 
1.551900e-01 2.983065e+03 
1.564300e-01 2.948564e+03 
1.576600e-01 2.915810e+03 
1.588700e-01 2.885167e+03 
1.600900e-01 2.854915e+03 
1.612700e-01 2.827452e+03 
1.625400e-01 2.798441e+03 
1.637600e-01 2.771470e+03 
1.649500e-01 2.745854e+03 
1.662200e-01 2.719009e+03 
1.674000e-01 2.694496e+03 
1.685000e-01 2.672023e+03 
1.697500e-01 2.646599e+03 
1.710300e-01 2.620717e+03 
1.722200e-01 2.597078e+03 
1.734400e-01 2.572334e+03 
1.746400e-01 2.548372e+03 
1.758700e-01 2.523900e+03 
1.770900e-01 2.499372e+03 
1.782700e-01 2.476042e+03 
1.794600e-01 2.452411e+03 
1.807000e-01 2.427867e+03 
1.819100e-01 2.404318e+03 
1.830100e-01 2.382828e+03 
1.842200e-01 2.359487e+03 
1.855000e-01 2.335202e+03 
1.867000e-01 2.312631e+03 
1.879200e-01 2.290053e+03 
1.890900e-01 2.268762e+03 
1.902800e-01 2.247542e+03 
1.915200e-01 2.225781e+03 
1.926900e-01 2.205638e+03 
1.939000e-01 2.185348e+03 
1.951700e-01 2.164389e+03 
1.963100e-01 2.145968e+03 
1.975100e-01 2.127146e+03 
1.987800e-01 2.107533e+03 
2.000100e-01 2.088946e+03 
2.012500e-01 2.070758e+03 
2.023400e-01 2.054998e+03 
2.036100e-01 2.036963e+03 
2.048900e-01 2.019315e+03 
2.060400e-01 2.003690e+03 
2.072200e-01 1.987894e+03 
2.084200e-01 1.972239e+03 
2.096900e-01 1.955911e+03 
2.109200e-01 1.940328e+03 
2.121100e-01 1.925549e+03 
2.132700e-01 1.911343e+03 
2.145200e-01 1.896245e+03 
2.157200e-01 1.881987e+03 
2.168800e-01 1.868403e+03 
2.180700e-01 1.854653e+03 
2.193400e-01 1.840188e+03 
2.206000e-01 1.826052e+03 
2.217500e-01 1.813323e+03 
2.229500e-01 1.800212e+03 
2.241400e-01 1.787428e+03 
2.253500e-01 1.774601e+03 
2.264900e-01 1.762670e+03 
2.277100e-01 1.750095e+03 
2.289900e-01 1.737113e+03 
2.301500e-01 1.725500e+03 
2.313600e-01 1.713541e+03 
2.325600e-01 1.701941e+03 
2.337700e-01 1.690393e+03 
2.350000e-01 1.678804e+03 
2.362000e-01 1.667698e+03 
2.374100e-01 1.656709e+03 
2.386500e-01 1.645588e+03 
2.399100e-01 1.634433e+03 
2.410400e-01 1.624649e+03 
2.422500e-01 1.614308e+03 
2.435000e-01 1.603758e+03 
2.447300e-01 1.593522e+03 
2.458700e-01 1.584210e+03 
2.470600e-01 1.574601e+03 
2.483300e-01 1.564471e+03 
2.495600e-01 1.554801e+03 
2.507600e-01 1.545507e+03 
2.519600e-01 1.536322e+03 
2.532200e-01 1.526791e+03 
2.543700e-01 1.518188e+03 
2.555500e-01 1.509456e+03 
2.568000e-01 1.500313e+03 
2.580100e-01 1.491566e+03 
2.592400e-01 1.482747e+03 
2.604100e-01 1.474440e+03 
2.616100e-01 1.466014e+03 
2.628400e-01 1.457476e+03 
2.640600e-01 1.449056e+03 
2.652200e-01 1.441119e+03 
2.664300e-01 1.432930e+03 
2.676500e-01 1.424765e+03 
2.688400e-01 1.416849e+03 
2.700700e-01 1.408730e+03 
2.712400e-01 1.401091e+03 
2.724800e-01 1.393083e+03 
2.736700e-01 1.385442e+03 
2.748800e-01 1.377715e+03 
2.761000e-01 1.370008e+03 
2.773200e-01 1.362384e+03 
2.785400e-01 1.354825e+03 
2.797000e-01 1.347677e+03 
2.808900e-01 1.340420e+03 
2.821400e-01 1.332877e+03 
2.833900e-01 1.325414e+03 
2.845500e-01 1.318520e+03 
2.857800e-01 1.311285e+03 
2.870300e-01 1.304010e+03 
2.882100e-01 1.297213e+03 
2.893900e-01 1.290463e+03 
2.906300e-01 1.283431e+03 
2.918900e-01 1.276361e+03 
2.930500e-01 1.269918e+03 
2.942500e-01 1.263313e+03 
2.954200e-01 1.256920e+03 
2.966500e-01 1.250266e+03 
2.978900e-01 1.243627e+03 
2.990400e-01 1.237529e+03 
3.002700e-01 1.231063e+03 
3.015100e-01 1.224606e+03 
3.026800e-01 1.218573e+03 
3.038500e-01 1.212597e+03 
3.050300e-01 1.206627e+03 
3.062600e-01 1.200457e+03 
3.075000e-01 1.194298e+03 
3.087000e-01 1.188396e+03 
3.099100e-01 1.182501e+03 
3.111200e-01 1.176663e+03 
3.123100e-01 1.170976e+03 
3.135300e-01 1.165201e+03 
3.147300e-01 1.159574e+03 
3.159900e-01 1.153722e+03 
3.171800e-01 1.148251e+03 
3.183700e-01 1.142831e+03 
3.196300e-01 1.137147e+03 
3.208400e-01 1.131740e+03 
3.220300e-01 1.126470e+03 
3.232000e-01 1.121346e+03 
3.244300e-01 1.116011e+03 
3.256700e-01 1.110683e+03 
3.269200e-01 1.105362e+03 
3.280800e-01 1.100468e+03 
3.292500e-01 1.095585e+03 
3.304800e-01 1.090501e+03 
3.317100e-01 1.085463e+03 
3.328900e-01 1.080672e+03 
3.340700e-01 1.075923e+03 
3.353600e-01 1.070792e+03 
3.365300e-01 1.066185e+03 
3.377100e-01 1.061579e+03 
3.389200e-01 1.056896e+03 
3.401600e-01 1.052139e+03 
3.413700e-01 1.047549e+03 
3.425300e-01 1.043192e+03 
3.437700e-01 1.038574e+03 
3.449800e-01 1.034107e+03 
3.461800e-01 1.029715e+03 
3.473600e-01 1.025438e+03 
3.485800e-01 1.021068e+03 
3.498100e-01 1.016701e+03 
3.510200e-01 1.012440e+03 
3.522000e-01 1.008320e+03 
3.533900e-01 1.004199e+03 
3.546400e-01 9.999263e+02 
3.558400e-01 9.958598e+02 
3.570600e-01 9.917599e+02 
3.582700e-01 9.877274e+02 
3.595000e-01 9.836623e+02 
3.607100e-01 9.797061e+02 
3.618900e-01 9.758867e+02 
3.631200e-01 9.719379e+02 
3.643200e-01 9.681169e+02 
3.655500e-01 9.642321e+02 
3.667300e-01 9.605353e+02 
3.679500e-01 9.567681e+02 
3.691900e-01 9.529702e+02 
3.703600e-01 9.494154e+02 
3.715700e-01 9.457679e+02 
3.727700e-01 9.421791e+02 
3.739900e-01 9.385624e+02 
3.752000e-01 9.350090e+02 
3.763900e-01 9.315417e+02 
3.775800e-01 9.281012e+02 
3.788200e-01 9.245442e+02 
3.800300e-01 9.211008e+02 
3.812100e-01 9.177593e+02 
3.824200e-01 9.143529e+02 
3.836100e-01 9.110284e+02 
3.848600e-01 9.075635e+02 
3.860400e-01 9.043178e+02 
3.872400e-01 9.010419e+02 
3.884600e-01 8.977663e+02 
3.896500e-01 8.946064e+02 
3.908700e-01 8.913914e+02 
3.920600e-01 8.882791e+02 
3.933100e-01 8.850347e+02 
3.945300e-01 8.818925e+02 
3.957200e-01 8.788416e+02 
3.969300e-01 8.757599e+02 
3.981700e-01 8.726256e+02 
3.993500e-01 8.696651e+02 
4.094840e-01 8.450158e+02 
4.272360e-01 8.054278e+02 
4.454600e-01 7.684948e+02 
4.630560e-01 7.359033e+02 
4.804610e-01 7.062319e+02 
4.980690e-01 6.785839e+02 
5.159230e-01 6.526650e+02 
5.317440e-01 6.313768e+02 
5.489640e-01 6.096900e+02 
5.671990e-01 5.883247e+02 
5.838690e-01 5.701494e+02 
6.018840e-01 5.518465e+02 
6.202330e-01 5.344863e+02 
6.379250e-01 5.187759e+02 
6.545410e-01 5.049343e+02 
6.714560e-01 4.916539e+02 
6.892080e-01 4.784980e+02 
7.066010e-01 4.662690e+02 
7.240540e-01 4.546766e+02 
7.420450e-01 4.434153e+02 
7.593780e-01 4.330080e+02 
7.764720e-01 4.232539e+02 
7.942840e-01 4.135818e+02 
8.116170e-01 4.045023e+02 
8.288310e-01 3.959026e+02 
8.462240e-01 3.875129e+02 
8.631980e-01 3.796447e+02 
8.810700e-01 3.716822e+02 
8.989410e-01 3.640314e+02 
9.166330e-01 3.566998e+02 
9.345640e-01 3.494822e+02 
9.515980e-01 3.428527e+02 
9.688720e-01 3.363611e+02 
9.865640e-01 3.299019e+02 
1.031870e+00 3.141993e+02 
1.063490e+00 3.039038e+02 
1.097920e+00 2.932412e+02 
1.134370e+00 2.825746e+02 
1.167730e+00 2.732470e+02 
1.203830e+00 2.636657e+02 
1.240470e+00 2.544247e+02 
1.275790e+00 2.459034e+02 
1.309140e+00 2.382532e+02 
1.342970e+00 2.307793e+02 
1.378420e+00 2.233395e+02 
1.413200e+00 2.163320e+02 
1.448110e+00 2.096026e+02 
1.484090e+00 2.029793e+02 
1.518820e+00 1.968538e+02 
1.552880e+00 1.910659e+02 
1.588630e+00 1.852628e+02 
1.623230e+00 1.798804e+02 
1.657720e+00 1.747261e+02 
1.692450e+00 1.697736e+02 
1.726400e+00 1.650752e+02 
1.762200e+00 1.603114e+02 
1.797880e+00 1.557619e+02 
1.833270e+00 1.514276e+02 
1.869070e+00 1.472073e+02 
1.903200e+00 1.433463e+02 
1.937740e+00 1.395781e+02 
1.973190e+00 1.358494e+02 
2.007440e+00 1.323774e+02 
2.042160e+00 1.289838e+02 
2.077900e+00 1.256097e+02 
2.112390e+00 1.224893e+02 
2.146220e+00 1.195042e+02 
2.181600e+00 1.165080e+02 
2.216930e+00 1.136211e+02 
2.250760e+00 1.109438e+02 
2.286500e+00 1.082075e+02 
2.321770e+00 1.056025e+02 
2.355950e+00 1.031629e+02 
2.391280e+00 1.007138e+02 
2.426240e+00 9.837640e+01 
2.460670e+00 9.614643e+01 
2.495640e+00 9.394618e+01 
2.531080e+00 9.179882e+01 
2.566220e+00 8.973140e+01 
2.600830e+00 8.775824e+01 
2.635080e+00 8.586674e+01 
2.670340e+00 8.397017e+01 
2.705970e+00 8.212077e+01 
2.740040e+00 8.040809e+01 
2.774520e+00 7.871515e+01 
2.809730e+00 7.704207e+01 
2.844390e+00 7.544557e+01 
2.879960e+00 7.385262e+01 
2.914860e+00 7.233359e+01 
2.949410e+00 7.087404e+01 
2.984440e+00 6.943926e+01 
3.019760e+00 6.802963e+01 
3.054730e+00 6.667188e+01 
3.089030e+00 6.537781e+01 
3.124060e+00 6.409332e+01 
3.159560e+00 6.282791e+01 
3.194710e+00 6.160997e+01 
3.229010e+00 6.045398e+01 
3.263320e+00 5.932239e+01 
3.297930e+00 5.821260e+01 
3.332830e+00 5.712505e+01 
3.368040e+00 5.605566e+01 
3.403300e+00 5.501231e+01 
3.438450e+00 5.399738e+01 
3.473060e+00 5.302381e+01 
3.508440e+00 5.205811e+01 
3.543110e+00 5.113582e+01 
3.577470e+00 5.024134e+01 
3.613040e+00 4.933978e+01 
3.648120e+00 4.847553e+01 
3.682910e+00 4.763773e+01 
3.718050e+00 4.680843e+01 
3.753320e+00 4.599884e+01 
3.787980e+00 4.522578e+01 
3.822290e+00 4.447727e+01 
3.857020e+00 4.373524e+01 
3.891920e+00 4.300723e+01 
3.926650e+00 4.229972e+01 
3.961970e+00 4.159707e+01 
3.997360e+00 4.090945e+01 
4.031670e+00 4.025846e+01 
4.066330e+00 3.961690e+01 
4.101420e+00 3.898210e+01 
4.136200e+00 3.836660e+01 
4.170810e+00 3.776772e+01 
4.206250e+00 3.716923e+01 
4.241580e+00 3.658610e+01 
4.276300e+00 3.602508e+01 
4.310970e+00 3.547666e+01 
4.346120e+00 3.493327e+01 
4.380600e+00 3.441265e+01 
4.414730e+00 3.390804e+01 
4.450350e+00 3.339168e+01 
4.485320e+00 3.289546e+01 
4.519810e+00 3.241734e+01 
4.555430e+00 3.193431e+01 
4.590870e+00 3.146415e+01 
4.625480e+00 3.101526e+01 
4.659910e+00 3.057760e+01 
4.695230e+00 3.013726e+01 
4.729960e+00 2.971287e+01 
4.764450e+00 2.929950e+01 
4.799530e+00 2.888700e+01 
4.834910e+00 2.847917e+01 
4.869700e+00 2.808862e+01 
4.904370e+00 2.770730e+01 
4.939450e+00 2.732874e+01 
4.973940e+00 2.696333e+01 
5.008430e+00 2.660473e+01 
5.043810e+00 2.624357e+01 
5.078840e+00 2.589259e+01 
5.113500e+00 2.555172e+01 
5.148890e+00 2.521270e+01 
5.184210e+00 2.488071e+01 
5.219060e+00 2.455867e+01 
5.253660e+00 2.424347e+01 
5.288570e+00 2.393112e+01 
5.323420e+00 2.362605e+01 
5.358440e+00 2.332623e+01 
5.393590e+00 2.303061e+01 
5.428310e+00 2.274358e+01 
5.462800e+00 2.246330e+01 
5.497640e+00 2.218502e+01 
5.532670e+00 2.191172e+01 
5.567280e+00 2.164682e+01 
5.602000e+00 2.138555e+01 
5.637270e+00 2.112350e+01 
5.672410e+00 2.086657e+01 
5.707020e+00 2.061774e+01 
5.742040e+00 2.037182e+01 
5.777430e+00 2.012778e+01 
5.812210e+00 1.989188e+01 
5.846820e+00 1.966077e+01 
5.881610e+00 1.943216e+01 
5.916510e+00 1.920651e+01 
5.951600e+00 1.898390e+01 
5.986560e+00 1.876595e+01 
6.021830e+00 1.854955e+01 
6.056490e+00 1.834067e+01 
6.091160e+00 1.813531e+01 
6.125830e+00 1.793313e+01 
6.161090e+00 1.773064e+01 
6.195760e+00 1.753448e+01 
6.230420e+00 1.734137e+01 
6.265690e+00 1.714788e+01 
6.300950e+00 1.695822e+01 
6.335620e+00 1.677455e+01 
6.370880e+00 1.659055e+01 
6.405550e+00 1.641274e+01 
6.440220e+00 1.623771e+01 
6.475480e+00 1.606232e+01 
6.510150e+00 1.589263e+01 
6.544810e+00 1.572591e+01 
6.580080e+00 1.555873e+01 
6.614750e+00 1.539678e+01 
6.649410e+00 1.523710e+01 
6.684080e+00 1.507963e+01 
6.719340e+00 1.492176e+01 
6.754010e+00 1.476891e+01 
6.788680e+00 1.461858e+01 
6.823940e+00 1.446784e+01 
6.859800e+00 1.431672e+01 
6.894470e+00 1.417305e+01 
6.929140e+00 1.403149e+01 
6.963800e+00 1.389191e+01 
6.999070e+00 1.375181e+01 
7.033730e+00 1.361593e+01 
7.068400e+00 1.348185e+01 
7.103660e+00 1.334733e+01 
7.138330e+00 1.321718e+01 
7.173600e+00 1.308728e+01 
7.208260e+00 1.296132e+01 
7.243530e+00 1.283485e+01 
7.277600e+00 1.271395e+01 
7.312860e+00 1.259017e+01 
7.348120e+00 1.246804e+01 
7.382790e+00 1.234951e+01 
7.417460e+00 1.223311e+01 
7.452720e+00 1.211658e+01 
7.487390e+00 1.200347e+01 
7.522650e+00 1.188991e+01 
7.557320e+00 1.177963e+01 
7.591990e+00 1.167072e+01 
7.627250e+00 1.156137e+01 
7.662510e+00 1.145340e+01 
7.697180e+00 1.134884e+01 
7.731850e+00 1.124568e+01 
7.766510e+00 1.114382e+01 
7.801180e+00 1.104319e+01 
7.836440e+00 1.094206e+01 
7.871110e+00 1.084381e+01 
7.906380e+00 1.074509e+01 
7.941040e+00 1.064927e+01 
7.976310e+00 1.055310e+01 
8.011570e+00 1.045833e+01 
8.046240e+00 1.036627e+01 
8.080900e+00 1.027532e+01 
8.115570e+00 1.018547e+01 
8.150830e+00 1.009530e+01 
8.185500e+00 1.000769e+01 
8.220770e+00 9.919614e+00 
8.255430e+00 9.834084e+00 
8.290100e+00 9.749635e+00 
8.324770e+00 9.666179e+00 
8.359430e+00 9.583709e+00 
8.394700e+00 9.500762e+00 
8.429960e+00 9.418888e+00 
8.464630e+00 9.339393e+00 
8.499890e+00 9.259473e+00 
8.534560e+00 9.181788e+00 
8.569200e+00 9.105047e+00 
