# Parameters:
# omega_b = 0.021752, omega_m = 0.132126, n_s = 0.884646, h = 65.866142, w = -1.000000, sigma_8 = 0.810236
# z = 0.500000
#
# k[1/Mpc] # P(k):
8.694000e-04 1.701726e+04 
2.077466e-03 3.368346e+04 
3.285532e-03 4.565384e+04 
4.493598e-03 5.419024e+04 
5.701664e-03 6.004798e+04 
6.909730e-03 6.378634e+04 
8.117797e-03 6.593989e+04 
9.325863e-03 6.678811e+04 
1.053393e-02 6.659475e+04 
1.174199e-02 6.559311e+04 
1.295006e-02 6.392718e+04 
1.415813e-02 6.178106e+04 
1.536619e-02 5.930834e+04 
1.657426e-02 5.661765e+04 
1.778233e-02 5.384225e+04 
1.899039e-02 5.113709e+04 
2.019846e-02 4.848055e+04 
2.140652e-02 4.587379e+04 
2.261459e-02 4.336955e+04 
2.382266e-02 4.102112e+04 
2.503072e-02 3.885265e+04 
2.623879e-02 3.686850e+04 
2.744685e-02 3.506704e+04 
2.865492e-02 3.344358e+04 
2.986299e-02 3.198650e+04 
3.100100e-02 3.075841e+04 
3.220400e-02 2.959734e+04 
3.288100e-02 2.900235e+04 
3.424300e-02 2.791577e+04 
3.555100e-02 2.698858e+04 
3.686000e-02 2.615763e+04 
3.795000e-02 2.552423e+04 
3.929100e-02 2.480526e+04 
4.039800e-02 2.424625e+04 
4.164000e-02 2.364627e+04 
4.294400e-02 2.302843e+04 
4.415000e-02 2.246759e+04 
4.542900e-02 2.186499e+04 
4.660900e-02 2.130938e+04 
4.782300e-02 2.071739e+04 
4.892900e-02 2.017395e+04 
5.031200e-02 1.948266e+04 
5.155900e-02 1.884835e+04 
5.238100e-02 1.842816e+04 
5.378200e-02 1.771291e+04 
5.513400e-02 1.702642e+04 
5.627600e-02 1.645451e+04 
5.735300e-02 1.592696e+04 
5.870100e-02 1.528723e+04 
5.988700e-02 1.474803e+04 
6.113500e-02 1.420690e+04 
6.225900e-02 1.374522e+04 
6.340100e-02 1.330300e+04 
6.480200e-02 1.279692e+04 
6.601100e-02 1.239540e+04 
6.725500e-02 1.201517e+04 
6.829100e-02 1.172568e+04 
6.958600e-02 1.139216e+04 
7.071100e-02 1.112957e+04 
7.192300e-02 1.087144e+04 
7.307400e-02 1.064800e+04 
7.412300e-02 1.046083e+04 
7.550400e-02 1.023705e+04 
7.663100e-02 1.006846e+04 
7.791200e-02 9.892144e+03 
7.912700e-02 9.735072e+03 
8.027600e-02 9.592187e+03 
8.138400e-02 9.457814e+03 
8.272200e-02 9.297671e+03 
8.406100e-02 9.137174e+03 
8.534100e-02 8.979188e+03 
8.653800e-02 8.826126e+03 
8.759800e-02 8.687588e+03 
8.900300e-02 8.498328e+03 
9.009000e-02 8.346683e+03 
9.113300e-02 8.196673e+03 
9.239600e-02 8.013485e+03 
9.358000e-02 7.839186e+03 
9.496100e-02 7.633596e+03 
9.608400e-02 7.468176e+03 
9.727500e-02 7.295478e+03 
9.852600e-02 7.117066e+03 
9.973800e-02 6.950295e+03 
1.009000e-01 6.795805e+03 
1.020900e-01 6.646083e+03 
1.034000e-01 6.489251e+03 
1.046000e-01 6.353069e+03 
1.057200e-01 6.235774e+03 
1.069100e-01 6.116989e+03 
1.082500e-01 5.994226e+03 
1.093900e-01 5.897235e+03 
1.105400e-01 5.804513e+03 
1.116900e-01 5.719922e+03 
1.129600e-01 5.630808e+03 
1.142000e-01 5.550500e+03 
1.153300e-01 5.480378e+03 
1.166400e-01 5.403056e+03 
1.177800e-01 5.338249e+03 
1.190000e-01 5.270937e+03 
1.201200e-01 5.209780e+03 
1.213400e-01 5.144583e+03 
1.227100e-01 5.070334e+03 
1.238900e-01 5.007175e+03 
1.250700e-01 4.942743e+03 
1.263200e-01 4.874904e+03 
1.275500e-01 4.807089e+03 
1.287500e-01 4.741120e+03 
1.299900e-01 4.672401e+03 
1.311300e-01 4.609596e+03 
1.323500e-01 4.542290e+03 
1.335900e-01 4.474785e+03 
1.347100e-01 4.414260e+03 
1.359800e-01 4.346893e+03 
1.372100e-01 4.282619e+03 
1.384300e-01 4.220327e+03 
1.395700e-01 4.163418e+03 
1.407700e-01 4.104845e+03 
1.420300e-01 4.045315e+03 
1.432800e-01 3.987575e+03 
1.444500e-01 3.935770e+03 
1.456300e-01 3.884590e+03 
1.468900e-01 3.832066e+03 
1.480500e-01 3.784998e+03 
1.491700e-01 3.740955e+03 
1.503800e-01 3.694971e+03 
1.516400e-01 3.648275e+03 
1.528200e-01 3.606339e+03 
1.540200e-01 3.564513e+03 
1.551900e-01 3.525195e+03 
1.564300e-01 3.484490e+03 
1.576600e-01 3.445140e+03 
1.588700e-01 3.407459e+03 
1.600900e-01 3.370191e+03 
1.612700e-01 3.335023e+03 
1.625400e-01 3.297878e+03 
1.637600e-01 3.262810e+03 
1.649500e-01 3.229191e+03 
1.662200e-01 3.193922e+03 
1.674000e-01 3.161493e+03 
1.685000e-01 3.131769e+03 
1.697500e-01 3.098337e+03 
1.710300e-01 3.064499e+03 
1.722200e-01 3.033601e+03 
1.734400e-01 3.002005e+03 
1.746400e-01 2.971444e+03 
1.758700e-01 2.940540e+03 
1.770900e-01 2.910177e+03 
1.782700e-01 2.881303e+03 
1.794600e-01 2.852551e+03 
1.807000e-01 2.823017e+03 
1.819100e-01 2.794684e+03 
1.830100e-01 2.769341e+03 
1.842200e-01 2.741903e+03 
1.855000e-01 2.713373e+03 
1.867000e-01 2.687243e+03 
1.879200e-01 2.661105e+03 
1.890900e-01 2.636480e+03 
1.902800e-01 2.612063e+03 
1.915200e-01 2.587023e+03 
1.926900e-01 2.563839e+03 
1.939000e-01 2.540472e+03 
1.951700e-01 2.516333e+03 
1.963100e-01 2.495079e+03 
1.975100e-01 2.473256e+03 
1.987800e-01 2.450516e+03 
2.000100e-01 2.428898e+03 
2.012500e-01 2.407587e+03 
2.023400e-01 2.389120e+03 
2.036100e-01 2.367938e+03 
2.048900e-01 2.347020e+03 
2.060400e-01 2.328501e+03 
2.072200e-01 2.309763e+03 
2.084200e-01 2.290991e+03 
2.096900e-01 2.271413e+03 
2.109200e-01 2.252729e+03 
2.121100e-01 2.234829e+03 
2.132700e-01 2.217614e+03 
2.145200e-01 2.199322e+03 
2.157200e-01 2.181914e+03 
2.168800e-01 2.165271e+03 
2.180700e-01 2.148424e+03 
2.193400e-01 2.130624e+03 
2.206000e-01 2.113084e+03 
2.217500e-01 2.097291e+03 
2.229500e-01 2.081026e+03 
2.241400e-01 2.064908e+03 
2.253500e-01 2.048730e+03 
2.264900e-01 2.033685e+03 
2.277100e-01 2.017676e+03 
2.289900e-01 2.000979e+03 
2.301500e-01 1.986047e+03 
2.313600e-01 1.970669e+03 
2.325600e-01 1.955410e+03 
2.337700e-01 1.940223e+03 
2.350000e-01 1.924984e+03 
2.362000e-01 1.910239e+03 
2.374100e-01 1.895476e+03 
2.386500e-01 1.880542e+03 
2.399100e-01 1.865565e+03 
2.410400e-01 1.852243e+03 
2.422500e-01 1.838142e+03 
2.435000e-01 1.823761e+03 
2.447300e-01 1.809792e+03 
2.458700e-01 1.797014e+03 
2.470600e-01 1.783834e+03 
2.483300e-01 1.769942e+03 
2.495600e-01 1.756712e+03 
2.507600e-01 1.744036e+03 
2.519600e-01 1.731512e+03 
2.532200e-01 1.718521e+03 
2.543700e-01 1.706913e+03 
2.555500e-01 1.695212e+03 
2.568000e-01 1.682963e+03 
2.580100e-01 1.671246e+03 
2.592400e-01 1.659639e+03 
2.604100e-01 1.648795e+03 
2.616100e-01 1.637799e+03 
2.628400e-01 1.626657e+03 
2.640600e-01 1.615902e+03 
2.652200e-01 1.605857e+03 
2.664300e-01 1.595494e+03 
2.676500e-01 1.585163e+03 
2.688400e-01 1.575323e+03 
2.700700e-01 1.565342e+03 
2.712400e-01 1.555952e+03 
2.724800e-01 1.546109e+03 
2.736700e-01 1.536832e+03 
2.748800e-01 1.527570e+03 
2.761000e-01 1.518331e+03 
2.773200e-01 1.509193e+03 
2.785400e-01 1.500185e+03 
2.797000e-01 1.491776e+03 
2.808900e-01 1.483239e+03 
2.821400e-01 1.474366e+03 
2.833900e-01 1.465592e+03 
2.845500e-01 1.457579e+03 
2.857800e-01 1.449171e+03 
2.870300e-01 1.440716e+03 
2.882100e-01 1.432818e+03 
2.893900e-01 1.425014e+03 
2.906300e-01 1.416904e+03 
2.918900e-01 1.408751e+03 
2.930500e-01 1.401321e+03 
2.942500e-01 1.393713e+03 
2.954200e-01 1.386374e+03 
2.966500e-01 1.378736e+03 
2.978900e-01 1.371113e+03 
2.990400e-01 1.364114e+03 
3.002700e-01 1.356704e+03 
3.015100e-01 1.349312e+03 
3.026800e-01 1.342406e+03 
3.038500e-01 1.335564e+03 
3.050300e-01 1.328730e+03 
3.062600e-01 1.321682e+03 
3.075000e-01 1.314646e+03 
3.087000e-01 1.307904e+03 
3.099100e-01 1.301170e+03 
3.111200e-01 1.294506e+03 
3.123100e-01 1.288026e+03 
3.135300e-01 1.281444e+03 
3.147300e-01 1.275031e+03 
3.159900e-01 1.268363e+03 
3.171800e-01 1.262134e+03 
3.183700e-01 1.255970e+03 
3.196300e-01 1.249504e+03 
3.208400e-01 1.243353e+03 
3.220300e-01 1.237360e+03 
3.232000e-01 1.231540e+03 
3.244300e-01 1.225486e+03 
3.256700e-01 1.219439e+03 
3.269200e-01 1.213400e+03 
3.280800e-01 1.207846e+03 
3.292500e-01 1.202315e+03 
3.304800e-01 1.196559e+03 
3.317100e-01 1.190855e+03 
3.328900e-01 1.185432e+03 
3.340700e-01 1.180055e+03 
3.353600e-01 1.174254e+03 
3.365300e-01 1.169049e+03 
3.377100e-01 1.163844e+03 
3.389200e-01 1.158553e+03 
3.401600e-01 1.153179e+03 
3.413700e-01 1.147998e+03 
3.425300e-01 1.143084e+03 
3.437700e-01 1.137877e+03 
3.449800e-01 1.132840e+03 
3.461800e-01 1.127887e+03 
3.473600e-01 1.123066e+03 
3.485800e-01 1.118144e+03 
3.498100e-01 1.113223e+03 
3.510200e-01 1.108424e+03 
3.522000e-01 1.103783e+03 
3.533900e-01 1.099141e+03 
3.546400e-01 1.094334e+03 
3.558400e-01 1.089760e+03 
3.570600e-01 1.085148e+03 
3.582700e-01 1.080612e+03 
3.595000e-01 1.076040e+03 
3.607100e-01 1.071592e+03 
3.618900e-01 1.067299e+03 
3.631200e-01 1.062861e+03 
3.643200e-01 1.058567e+03 
3.655500e-01 1.054201e+03 
3.667300e-01 1.050046e+03 
3.679500e-01 1.045812e+03 
3.691900e-01 1.041543e+03 
3.703600e-01 1.037548e+03 
3.715700e-01 1.033448e+03 
3.727700e-01 1.029414e+03 
3.739900e-01 1.025350e+03 
3.752000e-01 1.021357e+03 
3.763900e-01 1.017462e+03 
3.775800e-01 1.013596e+03 
3.788200e-01 1.009599e+03 
3.800300e-01 1.005730e+03 
3.812100e-01 1.001975e+03 
3.824200e-01 9.981475e+02 
3.836100e-01 9.944117e+02 
3.848600e-01 9.905179e+02 
3.860400e-01 9.868705e+02 
3.872400e-01 9.831892e+02 
3.884600e-01 9.795053e+02 
3.896500e-01 9.759506e+02 
3.908700e-01 9.723338e+02 
3.920600e-01 9.688325e+02 
3.933100e-01 9.651826e+02 
3.945300e-01 9.616476e+02 
3.957200e-01 9.582133e+02 
3.969300e-01 9.547437e+02 
3.981700e-01 9.512148e+02 
3.993500e-01 9.478817e+02 
4.094840e-01 9.201224e+02 
4.272360e-01 8.754617e+02 
4.454600e-01 8.337615e+02 
4.630560e-01 7.969442e+02 
4.804610e-01 7.634446e+02 
4.980690e-01 7.322568e+02 
5.159230e-01 7.030715e+02 
5.317440e-01 6.791373e+02 
5.489640e-01 6.547970e+02 
5.671990e-01 6.308658e+02 
5.838690e-01 6.105211e+02 
6.018840e-01 5.900567e+02 
6.202330e-01 5.706422e+02 
6.379250e-01 5.530842e+02 
6.545410e-01 5.376014e+02 
6.714560e-01 5.227389e+02 
6.892080e-01 5.079989e+02 
7.066010e-01 4.942777e+02 
7.240540e-01 4.812553e+02 
7.420450e-01 4.685778e+02 
7.593780e-01 4.568471e+02 
7.764720e-01 4.458340e+02 
7.942840e-01 4.349002e+02 
8.116170e-01 4.246242e+02 
8.288310e-01 4.148689e+02 
8.462240e-01 4.053473e+02 
8.631980e-01 3.964095e+02 
8.810700e-01 3.873591e+02 
8.989410e-01 3.786561e+02 
9.166330e-01 3.703120e+02 
9.345640e-01 3.621027e+02 
9.515980e-01 3.545640e+02 
9.688720e-01 3.471806e+02 
9.865640e-01 3.398386e+02 
1.031870e+00 3.220172e+02 
1.063490e+00 3.103607e+02 
1.097920e+00 2.983183e+02 
1.134370e+00 2.863091e+02 
1.167730e+00 2.758469e+02 
1.203830e+00 2.651376e+02 
1.240470e+00 2.548529e+02 
1.275790e+00 2.454110e+02 
1.309140e+00 2.369657e+02 
1.342970e+00 2.287572e+02 
1.378420e+00 2.206148e+02 
1.413200e+00 2.129785e+02 
1.448110e+00 2.056795e+02 
1.484090e+00 1.985219e+02 
1.518820e+00 1.919357e+02 
1.552880e+00 1.857387e+02 
1.588630e+00 1.795508e+02 
1.623230e+00 1.738321e+02 
1.657720e+00 1.683780e+02 
1.692450e+00 1.631536e+02 
1.726400e+00 1.582205e+02 
1.762200e+00 1.532399e+02 
1.797880e+00 1.484996e+02 
1.833270e+00 1.439981e+02 
1.869070e+00 1.396325e+02 
1.903200e+00 1.356509e+02 
1.937740e+00 1.317781e+02 
1.973190e+00 1.279593e+02 
2.007440e+00 1.244146e+02 
2.042160e+00 1.209603e+02 
2.077900e+00 1.175370e+02 
2.112390e+00 1.143791e+02 
2.146220e+00 1.113701e+02 
2.181600e+00 1.083563e+02 
2.216930e+00 1.054611e+02 
2.250760e+00 1.027839e+02 
2.286500e+00 1.000552e+02 
2.321770e+00 9.746398e+01 
2.355950e+00 9.504296e+01 
2.391280e+00 9.262051e+01 
2.426240e+00 9.031372e+01 
2.460670e+00 8.811796e+01 
2.495640e+00 8.595672e+01 
2.531080e+00 8.385220e+01 
2.566220e+00 8.183125e+01 
2.600830e+00 7.990662e+01 
2.635080e+00 7.806530e+01 
2.670340e+00 7.622428e+01 
2.705970e+00 7.443240e+01 
2.740040e+00 7.277595e+01 
2.774520e+00 7.114248e+01 
2.809730e+00 6.953132e+01 
2.844390e+00 6.799641e+01 
2.879960e+00 6.646823e+01 
2.914860e+00 6.501407e+01 
2.949410e+00 6.361893e+01 
2.984440e+00 6.225007e+01 
3.019760e+00 6.090801e+01 
3.054730e+00 5.961734e+01 
3.089030e+00 5.838956e+01 
3.124060e+00 5.717265e+01 
3.159560e+00 5.597603e+01 
3.194710e+00 5.482622e+01 
3.229010e+00 5.373609e+01 
3.263320e+00 5.267158e+01 
3.297930e+00 5.162867e+01 
3.332830e+00 5.060818e+01 
3.368040e+00 4.960631e+01 
3.403300e+00 4.863015e+01 
3.438450e+00 4.768232e+01 
3.473060e+00 4.677392e+01 
3.508440e+00 4.587460e+01 
3.543110e+00 4.501638e+01 
3.577470e+00 4.418550e+01 
3.613040e+00 4.334880e+01 
3.648120e+00 4.254794e+01 
3.682910e+00 4.177248e+01 
3.718050e+00 4.100618e+01 
3.753320e+00 4.025874e+01 
3.787980e+00 3.954576e+01 
3.822290e+00 3.885622e+01 
3.857020e+00 3.817367e+01 
3.891920e+00 3.750468e+01 
3.926650e+00 3.685541e+01 
3.961970e+00 3.621112e+01 
3.997360e+00 3.558144e+01 
4.031670e+00 3.498570e+01 
4.066330e+00 3.439936e+01 
4.101420e+00 3.381951e+01 
4.136200e+00 3.325814e+01 
4.170810e+00 3.271222e+01 
4.206250e+00 3.216748e+01 
4.241580e+00 3.163710e+01 
4.276300e+00 3.112737e+01 
4.310970e+00 3.062950e+01 
4.346120e+00 3.013657e+01 
4.380600e+00 2.966477e+01 
4.414730e+00 2.920771e+01 
4.450350e+00 2.874076e+01 
4.485320e+00 2.829225e+01 
4.519810e+00 2.786049e+01 
4.555430e+00 2.742458e+01 
4.590870e+00 2.700060e+01 
4.625480e+00 2.659619e+01 
4.659910e+00 2.620209e+01 
4.695230e+00 2.580608e+01 
4.729960e+00 2.542464e+01 
4.764450e+00 2.505341e+01 
4.799530e+00 2.468336e+01 
4.834910e+00 2.431765e+01 
4.869700e+00 2.396772e+01 
4.904370e+00 2.362622e+01 
4.939450e+00 2.328739e+01 
4.973940e+00 2.296067e+01 
5.008430e+00 2.264016e+01 
5.043810e+00 2.231774e+01 
5.078840e+00 2.200466e+01 
5.113500e+00 2.170073e+01 
5.148890e+00 2.139868e+01 
5.184210e+00 2.110301e+01 
5.219060e+00 2.081641e+01 
5.253660e+00 2.053620e+01 
5.288570e+00 2.025865e+01 
5.323420e+00 1.998772e+01 
5.358440e+00 1.972162e+01 
5.393590e+00 1.945935e+01 
5.428310e+00 1.920497e+01 
5.462800e+00 1.895675e+01 
5.497640e+00 1.871040e+01 
5.532670e+00 1.846862e+01 
5.567280e+00 1.823437e+01 
5.602000e+00 1.800342e+01 
5.637270e+00 1.777209e+01 
5.672410e+00 1.754543e+01 
5.707020e+00 1.732598e+01 
5.742040e+00 1.710930e+01 
5.777430e+00 1.689438e+01 
5.812210e+00 1.668670e+01 
5.846820e+00 1.648343e+01 
5.881610e+00 1.628246e+01 
5.916510e+00 1.608416e+01 
5.951600e+00 1.588871e+01 
5.986560e+00 1.569746e+01 
6.021830e+00 1.550765e+01 
6.056490e+00 1.532456e+01 
6.091160e+00 1.514470e+01 
6.125830e+00 1.496767e+01 
6.161090e+00 1.479050e+01 
6.195760e+00 1.461906e+01 
6.230420e+00 1.445033e+01 
6.265690e+00 1.428134e+01 
6.300950e+00 1.411585e+01 
6.335620e+00 1.395564e+01 
6.370880e+00 1.379521e+01 
6.405550e+00 1.364035e+01 
6.440220e+00 1.348802e+01 
6.475480e+00 1.333543e+01 
6.510150e+00 1.318787e+01 
6.544810e+00 1.304303e+01 
6.580080e+00 1.289783e+01 
6.614750e+00 1.275721e+01 
6.649410e+00 1.261875e+01 
6.684080e+00 1.248227e+01 
6.719340e+00 1.234550e+01 
6.754010e+00 1.221315e+01 
6.788680e+00 1.208311e+01 
6.823940e+00 1.195276e+01 
6.859800e+00 1.182212e+01 
6.894470e+00 1.169806e+01 
6.929140e+00 1.157591e+01 
6.963800e+00 1.145550e+01 
6.999070e+00 1.133469e+01 
7.033730e+00 1.121772e+01 
7.068400e+00 1.110233e+01 
7.103660e+00 1.098660e+01 
7.138330e+00 1.087470e+01 
7.173600e+00 1.076310e+01 
7.208260e+00 1.065492e+01 
7.243530e+00 1.054632e+01 
7.277600e+00 1.044263e+01 
7.312860e+00 1.033657e+01 
7.348120e+00 1.023195e+01 
7.382790e+00 1.013045e+01 
7.417460e+00 1.003090e+01 
7.452720e+00 9.931309e+00 
7.487390e+00 9.834672e+00 
7.522650e+00 9.737675e+00 
7.557320e+00 9.643595e+00 
7.591990e+00 9.550745e+00 
7.627250e+00 9.457535e+00 
7.662510e+00 9.365535e+00 
7.697180e+00 9.276568e+00 
7.731850e+00 9.188853e+00 
7.766510e+00 9.102268e+00 
7.801180e+00 9.016743e+00 
7.836440e+00 8.930901e+00 
7.871110e+00 8.847580e+00 
7.906380e+00 8.763877e+00 
7.941040e+00 8.682645e+00 
7.976310e+00 8.601209e+00 
8.011570e+00 8.521048e+00 
8.046240e+00 8.443196e+00 
8.080900e+00 8.366310e+00 
8.115570e+00 8.290386e+00 
8.150830e+00 8.214313e+00 
8.185500e+00 8.140417e+00 
8.220770e+00 8.066147e+00 
8.255430e+00 7.994036e+00 
8.290100e+00 7.922985e+00 
8.324770e+00 7.852799e+00 
8.359430e+00 7.783456e+00 
8.394700e+00 7.713726e+00 
8.429960e+00 7.644963e+00 
8.464630e+00 7.578266e+00 
8.499890e+00 7.511224e+00 
8.534560e+00 7.446069e+00 
8.569200e+00 7.381718e+00 
