# Parameters:
# omega_b = 0.022587, omega_m = 0.150866, n_s = 0.878346, h = 65.157480, w = -1.000000, sigma_8 = 0.707874
# z = 0.500000
#
# k[1/Mpc] # P(k):
8.694000e-04 9.066182e+03 
2.077466e-03 1.808157e+04 
3.285532e-03 2.478377e+04 
4.493598e-03 2.978693e+04 
5.701664e-03 3.342140e+04 
6.909730e-03 3.594284e+04 
8.117797e-03 3.760942e+04 
9.325863e-03 3.855576e+04 
1.053393e-02 3.891201e+04 
1.174199e-02 3.879579e+04 
1.295006e-02 3.827944e+04 
1.415813e-02 3.745831e+04 
1.536619e-02 3.641143e+04 
1.657426e-02 3.519278e+04 
1.778233e-02 3.385332e+04 
1.899039e-02 3.246167e+04 
2.019846e-02 3.104538e+04 
2.140652e-02 2.963786e+04 
2.261459e-02 2.826005e+04 
2.382266e-02 2.693663e+04 
2.503072e-02 2.568509e+04 
2.623879e-02 2.451270e+04 
2.744685e-02 2.342047e+04 
2.865492e-02 2.241412e+04 
2.986299e-02 2.149204e+04 
3.100100e-02 2.069884e+04 
3.220400e-02 1.993617e+04 
3.288100e-02 1.954036e+04 
3.424300e-02 1.881146e+04 
3.555100e-02 1.818622e+04 
3.686000e-02 1.762644e+04 
3.795000e-02 1.720281e+04 
3.929100e-02 1.672998e+04 
4.039800e-02 1.637011e+04 
4.164000e-02 1.599181e+04 
4.294400e-02 1.561456e+04 
4.415000e-02 1.527851e+04 
4.542900e-02 1.492487e+04 
4.660900e-02 1.460153e+04 
4.782300e-02 1.425832e+04 
4.892900e-02 1.394177e+04 
5.031200e-02 1.353492e+04 
5.155900e-02 1.315523e+04 
5.238100e-02 1.289975e+04 
5.378200e-02 1.245742e+04 
5.513400e-02 1.202237e+04 
5.627600e-02 1.165174e+04 
5.735300e-02 1.130346e+04 
5.870100e-02 1.087290e+04 
5.988700e-02 1.050341e+04 
6.113500e-02 1.012654e+04 
6.225900e-02 9.799985e+03 
6.340100e-02 9.483163e+03 
6.480200e-02 9.116641e+03 
6.601100e-02 8.822246e+03 
6.725500e-02 8.540983e+03 
6.829100e-02 8.325090e+03 
6.958600e-02 8.075232e+03 
7.071100e-02 7.877566e+03 
7.192300e-02 7.682705e+03 
7.307400e-02 7.513843e+03 
7.412300e-02 7.372476e+03 
7.550400e-02 7.204033e+03 
7.663100e-02 7.077842e+03 
7.791200e-02 6.947506e+03 
7.912700e-02 6.833475e+03 
8.027600e-02 6.731727e+03 
8.138400e-02 6.637892e+03 
8.272200e-02 6.528779e+03 
8.406100e-02 6.422349e+03 
8.534100e-02 6.320721e+03 
8.653800e-02 6.224448e+03 
8.759800e-02 6.138370e+03 
8.900300e-02 6.022049e+03 
9.009000e-02 5.929450e+03 
9.113300e-02 5.837757e+03 
9.239600e-02 5.725363e+03 
9.358000e-02 5.617527e+03 
9.496100e-02 5.488063e+03 
9.608400e-02 5.382169e+03 
9.727500e-02 5.270143e+03 
9.852600e-02 5.150195e+03 
9.973800e-02 5.035915e+03 
1.009000e-01 4.928263e+03 
1.020900e-01 4.819439e+03 
1.034000e-01 4.703411e+03 
1.046000e-01 4.600526e+03 
1.057200e-01 4.508720e+03 
1.069100e-01 4.414753e+03 
1.082500e-01 4.314911e+03 
1.093900e-01 4.234859e+03 
1.105400e-01 4.157648e+03 
1.116900e-01 4.086379e+03 
1.129600e-01 4.011266e+03 
1.142000e-01 3.943868e+03 
1.153300e-01 3.885653e+03 
1.166400e-01 3.822428e+03 
1.177800e-01 3.771086e+03 
1.190000e-01 3.718542e+03 
1.201200e-01 3.673365e+03 
1.213400e-01 3.625658e+03 
1.227100e-01 3.574985e+03 
1.238900e-01 3.532527e+03 
1.250700e-01 3.491232e+03 
1.263200e-01 3.448290e+03 
1.275500e-01 3.406539e+03 
1.287500e-01 3.366140e+03 
1.299900e-01 3.324392e+03 
1.311300e-01 3.285978e+03 
1.323500e-01 3.244433e+03 
1.335900e-01 3.202082e+03 
1.347100e-01 3.163228e+03 
1.359800e-01 3.119197e+03 
1.372100e-01 3.075650e+03 
1.384300e-01 3.032723e+03 
1.395700e-01 2.991809e+03 
1.407700e-01 2.949482e+03 
1.420300e-01 2.904227e+03 
1.432800e-01 2.860351e+03 
1.444500e-01 2.819177e+03 
1.456300e-01 2.778528e+03 
1.468900e-01 2.736049e+03 
1.480500e-01 2.697774e+03 
1.491700e-01 2.661887e+03 
1.503800e-01 2.624319e+03 
1.516400e-01 2.586299e+03 
1.528200e-01 2.552611e+03 
1.540200e-01 2.519034e+03 
1.551900e-01 2.488307e+03 
1.564300e-01 2.456711e+03 
1.576600e-01 2.426727e+03 
1.588700e-01 2.398687e+03 
1.600900e-01 2.371019e+03 
1.612700e-01 2.345999e+03 
1.625400e-01 2.319572e+03 
1.637600e-01 2.295123e+03 
1.649500e-01 2.271973e+03 
1.662200e-01 2.247744e+03 
1.674000e-01 2.225791e+03 
1.685000e-01 2.205667e+03 
1.697500e-01 2.183012e+03 
1.710300e-01 2.160060e+03 
1.722200e-01 2.139099e+03 
1.734400e-01 2.117331e+03 
1.746400e-01 2.096260e+03 
1.758700e-01 2.074785e+03 
1.770900e-01 2.053345e+03 
1.782700e-01 2.032956e+03 
1.794600e-01 2.012339e+03 
1.807000e-01 1.990952e+03 
1.819100e-01 1.970436e+03 
1.830100e-01 1.951726e+03 
1.842200e-01 1.931411e+03 
1.855000e-01 1.910277e+03 
1.867000e-01 1.890612e+03 
1.879200e-01 1.870945e+03 
1.890900e-01 1.852394e+03 
1.902800e-01 1.833861e+03 
1.915200e-01 1.814860e+03 
1.926900e-01 1.797263e+03 
1.939000e-01 1.779501e+03 
1.951700e-01 1.761159e+03 
1.963100e-01 1.745030e+03 
1.975100e-01 1.728521e+03 
1.987800e-01 1.711323e+03 
2.000100e-01 1.695018e+03 
2.012500e-01 1.679041e+03 
2.023400e-01 1.665201e+03 
2.036100e-01 1.649363e+03 
2.048900e-01 1.633864e+03 
2.060400e-01 1.620144e+03 
2.072200e-01 1.606277e+03 
2.084200e-01 1.592543e+03 
2.096900e-01 1.578222e+03 
2.109200e-01 1.564556e+03 
2.121100e-01 1.551619e+03 
2.132700e-01 1.539186e+03 
2.145200e-01 1.525976e+03 
2.157200e-01 1.513514e+03 
2.168800e-01 1.501649e+03 
2.180700e-01 1.489640e+03 
2.193400e-01 1.477013e+03 
2.206000e-01 1.464683e+03 
2.217500e-01 1.453582e+03 
2.229500e-01 1.442150e+03 
2.241400e-01 1.431000e+03 
2.253500e-01 1.419813e+03 
2.264900e-01 1.409409e+03 
2.277100e-01 1.398437e+03 
2.289900e-01 1.387102e+03 
2.301500e-01 1.376966e+03 
2.313600e-01 1.366527e+03 
2.325600e-01 1.356374e+03 
2.337700e-01 1.346266e+03 
2.350000e-01 1.336124e+03 
2.362000e-01 1.326393e+03 
2.374100e-01 1.316749e+03 
2.386500e-01 1.306991e+03 
2.399100e-01 1.297203e+03 
2.410400e-01 1.288606e+03 
2.422500e-01 1.279519e+03 
2.435000e-01 1.270248e+03 
2.447300e-01 1.261253e+03 
2.458700e-01 1.253064e+03 
2.470600e-01 1.244615e+03 
2.483300e-01 1.235708e+03 
2.495600e-01 1.227211e+03 
2.507600e-01 1.219050e+03 
2.519600e-01 1.210985e+03 
2.532200e-01 1.202619e+03 
2.543700e-01 1.195080e+03 
2.555500e-01 1.187436e+03 
2.568000e-01 1.179434e+03 
2.580100e-01 1.171779e+03 
2.592400e-01 1.164082e+03 
2.604100e-01 1.156842e+03 
2.616100e-01 1.149499e+03 
2.628400e-01 1.142058e+03 
2.640600e-01 1.134746e+03 
2.652200e-01 1.127864e+03 
2.664300e-01 1.120764e+03 
2.676500e-01 1.113686e+03 
2.688400e-01 1.106840e+03 
2.700700e-01 1.099830e+03 
2.712400e-01 1.093235e+03 
2.724800e-01 1.086322e+03 
2.736700e-01 1.079738e+03 
2.748800e-01 1.073092e+03 
2.761000e-01 1.066464e+03 
2.773200e-01 1.059908e+03 
2.785400e-01 1.053412e+03 
2.797000e-01 1.047280e+03 
2.808900e-01 1.041054e+03 
2.821400e-01 1.034584e+03 
2.833900e-01 1.028183e+03 
2.845500e-01 1.022276e+03 
2.857800e-01 1.016076e+03 
2.870300e-01 1.009843e+03 
2.882100e-01 1.004021e+03 
2.893900e-01 9.982403e+02 
2.906300e-01 9.922195e+02 
2.918900e-01 9.861665e+02 
2.930500e-01 9.806507e+02 
2.942500e-01 9.749974e+02 
2.954200e-01 9.695278e+02 
2.966500e-01 9.638352e+02 
2.978900e-01 9.581552e+02 
2.990400e-01 9.529395e+02 
3.002700e-01 9.474096e+02 
3.015100e-01 9.418883e+02 
3.026800e-01 9.367299e+02 
3.038500e-01 9.316207e+02 
3.050300e-01 9.265169e+02 
3.062600e-01 9.212454e+02 
3.075000e-01 9.159839e+02 
3.087000e-01 9.109419e+02 
3.099100e-01 9.059068e+02 
3.111200e-01 9.009224e+02 
3.123100e-01 8.960710e+02 
3.135300e-01 8.911445e+02 
3.147300e-01 8.863449e+02 
3.159900e-01 8.813538e+02 
3.171800e-01 8.766908e+02 
3.183700e-01 8.720748e+02 
3.196300e-01 8.672336e+02 
3.208400e-01 8.626287e+02 
3.220300e-01 8.581416e+02 
3.232000e-01 8.537841e+02 
3.244300e-01 8.492506e+02 
3.256700e-01 8.447230e+02 
3.269200e-01 8.402019e+02 
3.280800e-01 8.360443e+02 
3.292500e-01 8.319026e+02 
3.304800e-01 8.275922e+02 
3.317100e-01 8.233213e+02 
3.328900e-01 8.192606e+02 
3.340700e-01 8.152352e+02 
3.353600e-01 8.108945e+02 
3.365300e-01 8.070006e+02 
3.377100e-01 8.031070e+02 
3.389200e-01 7.991492e+02 
3.401600e-01 7.951292e+02 
3.413700e-01 7.912559e+02 
3.425300e-01 7.875845e+02 
3.437700e-01 7.836936e+02 
3.449800e-01 7.799301e+02 
3.461800e-01 7.762297e+02 
3.473600e-01 7.726295e+02 
3.485800e-01 7.689582e+02 
3.498100e-01 7.652887e+02 
3.510200e-01 7.617097e+02 
3.522000e-01 7.582486e+02 
3.533900e-01 7.547869e+02 
3.546400e-01 7.512100e+02 
3.558400e-01 7.478069e+02 
3.570600e-01 7.443759e+02 
3.582700e-01 7.410013e+02 
3.595000e-01 7.375996e+02 
3.607100e-01 7.342940e+02 
3.618900e-01 7.311067e+02 
3.631200e-01 7.278114e+02 
3.643200e-01 7.246228e+02 
3.655500e-01 7.213812e+02 
3.667300e-01 7.182965e+02 
3.679500e-01 7.151650e+02 
3.691900e-01 7.120082e+02 
3.703600e-01 7.090534e+02 
3.715700e-01 7.060216e+02 
3.727700e-01 7.030387e+02 
3.739900e-01 7.000348e+02 
3.752000e-01 6.970875e+02 
3.763900e-01 6.942117e+02 
3.775800e-01 6.913580e+02 
3.788200e-01 6.884079e+02 
3.800300e-01 6.855519e+02 
3.812100e-01 6.827887e+02 
3.824200e-01 6.799772e+02 
3.836100e-01 6.772335e+02 
3.848600e-01 6.743739e+02 
3.860400e-01 6.716952e+02 
3.872400e-01 6.689916e+02 
3.884600e-01 6.662908e+02 
3.896500e-01 6.636864e+02 
3.908700e-01 6.610365e+02 
3.920600e-01 6.584712e+02 
3.933100e-01 6.557971e+02 
3.945300e-01 6.532071e+02 
3.957200e-01 6.506992e+02 
3.969300e-01 6.481680e+02 
3.981700e-01 6.455935e+02 
3.993500e-01 6.431618e+02 
4.094840e-01 6.229557e+02 
4.272360e-01 5.906287e+02 
4.454600e-01 5.606027e+02 
4.630560e-01 5.342219e+02 
4.804610e-01 5.103015e+02 
4.980690e-01 4.880956e+02 
5.159230e-01 4.673632e+02 
5.317440e-01 4.503965e+02 
5.489640e-01 4.332019e+02 
5.671990e-01 4.163435e+02 
5.838690e-01 4.020732e+02 
6.018840e-01 3.877685e+02 
6.202330e-01 3.742909e+02 
6.379250e-01 3.621414e+02 
6.545410e-01 3.515110e+02 
6.714560e-01 3.413548e+02 
6.892080e-01 3.313461e+02 
7.066010e-01 3.220981e+02 
7.240540e-01 3.133706e+02 
7.420450e-01 3.049303e+02 
7.593780e-01 2.971785e+02 
7.764720e-01 2.899431e+02 
7.942840e-01 2.827950e+02 
8.116170e-01 2.761240e+02 
8.288310e-01 2.698341e+02 
8.462240e-01 2.637176e+02 
8.631980e-01 2.580061e+02 
8.810700e-01 2.522467e+02 
8.989410e-01 2.467309e+02 
9.166330e-01 2.414670e+02 
9.345640e-01 2.363025e+02 
9.515980e-01 2.315747e+02 
9.688720e-01 2.269582e+02 
9.865640e-01 2.223775e+02 
1.031870e+00 2.112931e+02 
1.063490e+00 2.040700e+02 
1.097920e+00 1.966168e+02 
1.134370e+00 1.891900e+02 
1.167730e+00 1.827182e+02 
1.203830e+00 1.760955e+02 
1.240470e+00 1.697246e+02 
1.275790e+00 1.638691e+02 
1.309140e+00 1.586222e+02 
1.342970e+00 1.535088e+02 
1.378420e+00 1.484271e+02 
1.413200e+00 1.436524e+02 
1.448110e+00 1.390753e+02 
1.484090e+00 1.345773e+02 
1.518820e+00 1.304214e+02 
1.552880e+00 1.265045e+02 
1.588630e+00 1.225782e+02 
1.623230e+00 1.189423e+02 
1.657720e+00 1.154631e+02 
1.692450e+00 1.121249e+02 
1.726400e+00 1.089624e+02 
1.762200e+00 1.057571e+02 
1.797880e+00 1.026988e+02 
1.833270e+00 9.978859e+01 
1.869070e+00 9.695672e+01 
1.903200e+00 9.436797e+01 
1.937740e+00 9.184270e+01 
1.973190e+00 8.934543e+01 
2.007440e+00 8.702135e+01 
2.042160e+00 8.475206e+01 
2.077900e+00 8.249730e+01 
2.112390e+00 8.041196e+01 
2.146220e+00 7.841904e+01 
2.181600e+00 7.641953e+01 
2.216930e+00 7.449345e+01 
2.250760e+00 7.270847e+01 
2.286500e+00 7.088511e+01 
2.321770e+00 6.914934e+01 
2.355950e+00 6.752441e+01 
2.391280e+00 6.589474e+01 
2.426240e+00 6.433955e+01 
2.460670e+00 6.285616e+01 
2.495640e+00 6.139319e+01 
2.531080e+00 5.996580e+01 
2.566220e+00 5.859180e+01 
2.600830e+00 5.728093e+01 
2.635080e+00 5.602484e+01 
2.670340e+00 5.476578e+01 
2.705970e+00 5.353823e+01 
2.740040e+00 5.240172e+01 
2.774520e+00 5.127893e+01 
2.809730e+00 5.016939e+01 
2.844390e+00 4.911080e+01 
2.879960e+00 4.805482e+01 
2.914860e+00 4.704815e+01 
2.949410e+00 4.608109e+01 
2.984440e+00 4.513051e+01 
3.019760e+00 4.419699e+01 
3.054730e+00 4.329811e+01 
3.089030e+00 4.244131e+01 
3.124060e+00 4.159109e+01 
3.159560e+00 4.075376e+01 
3.194710e+00 3.994787e+01 
3.229010e+00 3.918310e+01 
3.263320e+00 3.843477e+01 
3.297930e+00 3.770095e+01 
3.332830e+00 3.698183e+01 
3.368040e+00 3.627493e+01 
3.403300e+00 3.558544e+01 
3.438450e+00 3.491478e+01 
3.473060e+00 3.427156e+01 
3.508440e+00 3.363364e+01 
3.543110e+00 3.302453e+01 
3.577470e+00 3.243383e+01 
3.613040e+00 3.183856e+01 
3.648120e+00 3.126797e+01 
3.682910e+00 3.071499e+01 
3.718050e+00 3.016781e+01 
3.753320e+00 2.963366e+01 
3.787980e+00 2.912358e+01 
3.822290e+00 2.862985e+01 
3.857020e+00 2.814054e+01 
3.891920e+00 2.766056e+01 
3.926650e+00 2.719416e+01 
3.961970e+00 2.673104e+01 
3.997360e+00 2.627790e+01 
4.031670e+00 2.584898e+01 
4.066330e+00 2.542631e+01 
4.101420e+00 2.500820e+01 
4.136200e+00 2.460283e+01 
4.170810e+00 2.420851e+01 
4.206250e+00 2.381455e+01 
4.241580e+00 2.343081e+01 
4.276300e+00 2.306164e+01 
4.310970e+00 2.270082e+01 
4.346120e+00 2.234339e+01 
4.380600e+00 2.200101e+01 
4.414730e+00 2.166924e+01 
4.450350e+00 2.132983e+01 
4.485320e+00 2.100374e+01 
4.519810e+00 2.068958e+01 
4.555430e+00 2.037223e+01 
4.590870e+00 2.006344e+01 
4.625480e+00 1.976868e+01 
4.659910e+00 1.948138e+01 
4.695230e+00 1.919239e+01 
4.729960e+00 1.891394e+01 
4.764450e+00 1.864281e+01 
4.799530e+00 1.837234e+01 
4.834910e+00 1.810501e+01 
4.869700e+00 1.784902e+01 
4.904370e+00 1.759914e+01 
4.939450e+00 1.735113e+01 
4.973940e+00 1.711182e+01 
5.008430e+00 1.687704e+01 
5.043810e+00 1.664068e+01 
5.078840e+00 1.641107e+01 
5.113500e+00 1.618814e+01 
5.148890e+00 1.596645e+01 
5.184210e+00 1.574941e+01 
5.219060e+00 1.553896e+01 
5.253660e+00 1.533310e+01 
5.288570e+00 1.512915e+01 
5.323420e+00 1.493001e+01 
5.358440e+00 1.473434e+01 
5.393590e+00 1.454146e+01 
5.428310e+00 1.435430e+01 
5.462800e+00 1.417162e+01 
5.497640e+00 1.399029e+01 
5.532670e+00 1.381227e+01 
5.567280e+00 1.363977e+01 
5.602000e+00 1.346967e+01 
5.637270e+00 1.329921e+01 
5.672410e+00 1.313214e+01 
5.707020e+00 1.297037e+01 
5.742040e+00 1.281060e+01 
5.777430e+00 1.265209e+01 
5.812210e+00 1.249892e+01 
5.846820e+00 1.234895e+01 
5.881610e+00 1.220065e+01 
5.916510e+00 1.205431e+01 
5.951600e+00 1.191005e+01 
5.986560e+00 1.176887e+01 
6.021830e+00 1.162873e+01 
6.056490e+00 1.149353e+01 
6.091160e+00 1.136070e+01 
6.125830e+00 1.122994e+01 
6.161090e+00 1.109905e+01 
6.195760e+00 1.097237e+01 
6.230420e+00 1.084768e+01 
6.265690e+00 1.072278e+01 
6.300950e+00 1.060048e+01 
6.335620e+00 1.048206e+01 
6.370880e+00 1.036346e+01 
6.405550e+00 1.024896e+01 
6.440220e+00 1.013631e+01 
6.475480e+00 1.002346e+01 
6.510150e+00 9.914321e+00 
6.544810e+00 9.807200e+00 
6.580080e+00 9.699801e+00 
6.614750e+00 9.595778e+00 
6.649410e+00 9.493343e+00 
6.684080e+00 9.392364e+00 
6.719340e+00 9.291153e+00 
6.754010e+00 9.193210e+00 
6.788680e+00 9.096989e+00 
6.823940e+00 9.000524e+00 
6.859800e+00 8.903833e+00 
6.894470e+00 8.812019e+00 
6.929140e+00 8.721604e+00 
6.963800e+00 8.632468e+00 
6.999070e+00 8.543028e+00 
7.033730e+00 8.456428e+00 
7.068400e+00 8.370986e+00 
7.103660e+00 8.285282e+00 
7.138330e+00 8.202417e+00 
7.173600e+00 8.119788e+00 
7.208260e+00 8.039682e+00 
7.243530e+00 7.959262e+00 
7.277600e+00 7.882473e+00 
7.312860e+00 7.803930e+00 
7.348120e+00 7.726439e+00 
7.382790e+00 7.651253e+00 
7.417460e+00 7.577510e+00 
7.452720e+00 7.503734e+00 
7.487390e+00 7.432137e+00 
7.522650e+00 7.360264e+00 
7.557320e+00 7.290571e+00 
7.591990e+00 7.221790e+00 
7.627250e+00 7.152733e+00 
7.662510e+00 7.084564e+00 
7.697180e+00 7.018642e+00 
7.731850e+00 6.953644e+00 
7.766510e+00 6.889474e+00 
7.801180e+00 6.826083e+00 
7.836440e+00 6.762463e+00 
7.871110e+00 6.700714e+00 
7.906380e+00 6.638673e+00 
7.941040e+00 6.578456e+00 
7.976310e+00 6.518090e+00 
8.011570e+00 6.458673e+00 
8.046240e+00 6.400960e+00 
8.080900e+00 6.343956e+00 
8.115570e+00 6.287661e+00 
8.150830e+00 6.231262e+00 
8.185500e+00 6.176470e+00 
8.220770e+00 6.121393e+00 
8.255430e+00 6.067911e+00 
8.290100e+00 6.015220e+00 
8.324770e+00 5.963165e+00 
8.359430e+00 5.911729e+00 
8.394700e+00 5.859998e+00 
8.429960e+00 5.808991e+00 
8.464630e+00 5.759522e+00 
8.499890e+00 5.709791e+00 
8.534560e+00 5.661453e+00 
8.569200e+00 5.613705e+00 
