# Parameters:
# omega_b = 0.023043, omega_m = 0.152520, n_s = 0.971260, h = 75.551181, w = -1.000000, sigma_8 = 0.884252
# z = 0.500000
#
# k[1/Mpc] # P(k):
8.694000e-04 7.758018e+03 
2.077466e-03 1.678464e+04 
3.285532e-03 2.401303e+04 
4.493598e-03 2.974627e+04 
5.701664e-03 3.414048e+04 
6.909730e-03 3.739347e+04 
8.117797e-03 3.974301e+04 
9.325863e-03 4.130751e+04 
1.053393e-02 4.220434e+04 
1.174199e-02 4.254165e+04 
1.295006e-02 4.239112e+04 
1.415813e-02 4.185521e+04 
1.536619e-02 4.101757e+04 
1.657426e-02 3.993098e+04 
1.778233e-02 3.859046e+04 
1.899039e-02 3.701109e+04 
2.019846e-02 3.534979e+04 
2.140652e-02 3.375132e+04 
2.261459e-02 3.221737e+04 
2.382266e-02 3.075047e+04 
2.503072e-02 2.936717e+04 
2.623879e-02 2.807715e+04 
2.744685e-02 2.688470e+04 
2.865492e-02 2.579561e+04 
2.986299e-02 2.480797e+04 
3.100100e-02 2.396954e+04 
3.220400e-02 2.317454e+04 
3.288100e-02 2.276787e+04 
3.424300e-02 2.202905e+04 
3.555100e-02 2.140593e+04 
3.686000e-02 2.085718e+04 
3.795000e-02 2.044677e+04 
3.929100e-02 1.999294e+04 
4.039800e-02 1.964743e+04 
4.164000e-02 1.928165e+04 
4.294400e-02 1.890851e+04 
4.415000e-02 1.856847e+04 
4.542900e-02 1.819662e+04 
4.660900e-02 1.784684e+04 
4.782300e-02 1.746008e+04 
4.892900e-02 1.709468e+04 
5.031200e-02 1.661287e+04 
5.155900e-02 1.615325e+04 
5.238100e-02 1.584032e+04 
5.378200e-02 1.529362e+04 
5.513400e-02 1.475221e+04 
5.627600e-02 1.429007e+04 
5.735300e-02 1.385629e+04 
5.870100e-02 1.332192e+04 
5.988700e-02 1.286592e+04 
6.113500e-02 1.240403e+04 
6.225900e-02 1.200739e+04 
6.340100e-02 1.162623e+04 
6.480200e-02 1.118952e+04 
6.601100e-02 1.084357e+04 
6.725500e-02 1.051730e+04 
6.829100e-02 1.027050e+04 
6.958600e-02 9.987885e+03 
7.071100e-02 9.767540e+03 
7.192300e-02 9.553018e+03 
7.307400e-02 9.369350e+03 
7.412300e-02 9.217157e+03 
7.550400e-02 9.037827e+03 
7.663100e-02 8.904346e+03 
7.791200e-02 8.767133e+03 
7.912700e-02 8.646807e+03 
8.027600e-02 8.538608e+03 
8.138400e-02 8.437802e+03 
8.272200e-02 8.318748e+03 
8.406100e-02 8.200219e+03 
8.534100e-02 8.083979e+03 
8.653800e-02 7.971197e+03 
8.759800e-02 7.868746e+03 
8.900300e-02 7.727861e+03 
9.009000e-02 7.613814e+03 
9.113300e-02 7.499458e+03 
9.239600e-02 7.358188e+03 
9.358000e-02 7.221498e+03 
9.496100e-02 7.056287e+03 
9.608400e-02 6.920758e+03 
9.727500e-02 6.777126e+03 
9.852600e-02 6.623351e+03 
9.973800e-02 6.477094e+03 
1.009000e-01 6.339528e+03 
1.020900e-01 6.201493e+03 
1.034000e-01 6.054998e+03 
1.046000e-01 5.925828e+03 
1.057200e-01 5.812041e+03 
1.069100e-01 5.696141e+03 
1.082500e-01 5.574842e+03 
1.093900e-01 5.478738e+03 
1.105400e-01 5.386709e+03 
1.116900e-01 5.303411e+03 
1.129600e-01 5.216119e+03 
1.142000e-01 5.139084e+03 
1.153300e-01 5.072882e+03 
1.166400e-01 5.001551e+03 
1.177800e-01 4.943773e+03 
1.190000e-01 4.884714e+03 
1.201200e-01 4.833418e+03 
1.213400e-01 4.779156e+03 
1.227100e-01 4.720068e+03 
1.238900e-01 4.670179e+03 
1.250700e-01 4.620379e+03 
1.263200e-01 4.568078e+03 
1.275500e-01 4.516079e+03 
1.287500e-01 4.465255e+03 
1.299900e-01 4.411937e+03 
1.311300e-01 4.362586e+03 
1.323500e-01 4.308782e+03 
1.335900e-01 4.253885e+03 
1.347100e-01 4.203460e+03 
1.359800e-01 4.146441e+03 
1.372100e-01 4.090296e+03 
1.384300e-01 4.035135e+03 
1.395700e-01 3.983005e+03 
1.407700e-01 3.929131e+03 
1.420300e-01 3.872239e+03 
1.432800e-01 3.817058e+03 
1.444500e-01 3.765985e+03 
1.456300e-01 3.715538e+03 
1.468900e-01 3.663221e+03 
1.480500e-01 3.616181e+03 
1.491700e-01 3.572214e+03 
1.503800e-01 3.526372e+03 
1.516400e-01 3.479981e+03 
1.528200e-01 3.438992e+03 
1.540200e-01 3.398115e+03 
1.551900e-01 3.360704e+03 
1.564300e-01 3.322221e+03 
1.576600e-01 3.285634e+03 
1.588700e-01 3.251342e+03 
1.600900e-01 3.217484e+03 
1.612700e-01 3.186665e+03 
1.625400e-01 3.154109e+03 
1.637600e-01 3.123820e+03 
1.649500e-01 3.095042e+03 
1.662200e-01 3.064884e+03 
1.674000e-01 3.037365e+03 
1.685000e-01 3.012136e+03 
1.697500e-01 2.983629e+03 
1.710300e-01 2.954643e+03 
1.722200e-01 2.928168e+03 
1.734400e-01 2.900548e+03 
1.746400e-01 2.873804e+03 
1.758700e-01 2.846522e+03 
1.770900e-01 2.819238e+03 
1.782700e-01 2.793287e+03 
1.794600e-01 2.767046e+03 
1.807000e-01 2.739822e+03 
1.819100e-01 2.713700e+03 
1.830100e-01 2.689901e+03 
1.842200e-01 2.664057e+03 
1.855000e-01 2.637166e+03 
1.867000e-01 2.612194e+03 
1.879200e-01 2.587212e+03 
1.890900e-01 2.563651e+03 
1.902800e-01 2.540165e+03 
1.915200e-01 2.516078e+03 
1.926900e-01 2.493774e+03 
1.939000e-01 2.471289e+03 
1.951700e-01 2.448061e+03 
1.963100e-01 2.427635e+03 
1.975100e-01 2.406736e+03 
1.987800e-01 2.384959e+03 
2.000100e-01 2.364308e+03 
2.012500e-01 2.344072e+03 
2.023400e-01 2.326537e+03 
2.036100e-01 2.306463e+03 
2.048900e-01 2.286793e+03 
2.060400e-01 2.269378e+03 
2.072200e-01 2.251770e+03 
2.084200e-01 2.234305e+03 
2.096900e-01 2.216088e+03 
2.109200e-01 2.198702e+03 
2.121100e-01 2.182217e+03 
2.132700e-01 2.166370e+03 
2.145200e-01 2.149529e+03 
2.157200e-01 2.133644e+03 
2.168800e-01 2.118520e+03 
2.180700e-01 2.103209e+03 
2.193400e-01 2.087122e+03 
2.206000e-01 2.071435e+03 
2.217500e-01 2.057309e+03 
2.229500e-01 2.042760e+03 
2.241400e-01 2.028645e+03 
2.253500e-01 2.014484e+03 
2.264900e-01 2.001312e+03 
2.277100e-01 1.987469e+03 
2.289900e-01 1.973225e+03 
2.301500e-01 1.960483e+03 
2.313600e-01 1.947361e+03 
2.325600e-01 1.934725e+03 
2.337700e-01 1.922144e+03 
2.350000e-01 1.909517e+03 
2.362000e-01 1.897455e+03 
2.374100e-01 1.885562e+03 
2.386500e-01 1.873528e+03 
2.399100e-01 1.861455e+03 
2.410400e-01 1.850915e+03 
2.422500e-01 1.839781e+03 
2.435000e-01 1.828421e+03 
2.447300e-01 1.817404e+03 
2.458700e-01 1.807403e+03 
2.470600e-01 1.797083e+03 
2.483300e-01 1.786204e+03 
2.495600e-01 1.775816e+03 
2.507600e-01 1.765829e+03 
2.519600e-01 1.755958e+03 
2.532200e-01 1.745717e+03 
2.543700e-01 1.736451e+03 
2.555500e-01 1.727031e+03 
2.568000e-01 1.717167e+03 
2.580100e-01 1.707731e+03 
2.592400e-01 1.698180e+03 
2.604100e-01 1.689166e+03 
2.616100e-01 1.680024e+03 
2.628400e-01 1.670759e+03 
2.640600e-01 1.661578e+03 
2.652200e-01 1.652905e+03 
2.664300e-01 1.643958e+03 
2.676500e-01 1.635037e+03 
2.688400e-01 1.626350e+03 
2.700700e-01 1.617421e+03 
2.712400e-01 1.609019e+03 
2.724800e-01 1.600211e+03 
2.736700e-01 1.591782e+03 
2.748800e-01 1.583233e+03 
2.761000e-01 1.574706e+03 
2.773200e-01 1.566272e+03 
2.785400e-01 1.557898e+03 
2.797000e-01 1.549956e+03 
2.808900e-01 1.541893e+03 
2.821400e-01 1.533513e+03 
2.833900e-01 1.525221e+03 
2.845500e-01 1.517539e+03 
2.857800e-01 1.509477e+03 
2.870300e-01 1.501370e+03 
2.882100e-01 1.493797e+03 
2.893900e-01 1.486268e+03 
2.906300e-01 1.478420e+03 
2.918900e-01 1.470530e+03 
2.930500e-01 1.463338e+03 
2.942500e-01 1.455965e+03 
2.954200e-01 1.448824e+03 
2.966500e-01 1.441391e+03 
2.978900e-01 1.433973e+03 
2.990400e-01 1.427161e+03 
3.002700e-01 1.419936e+03 
3.015100e-01 1.412721e+03 
3.026800e-01 1.405979e+03 
3.038500e-01 1.399301e+03 
3.050300e-01 1.392629e+03 
3.062600e-01 1.385734e+03 
3.075000e-01 1.378852e+03 
3.087000e-01 1.372256e+03 
3.099100e-01 1.365668e+03 
3.111200e-01 1.359144e+03 
3.123100e-01 1.352790e+03 
3.135300e-01 1.346337e+03 
3.147300e-01 1.340050e+03 
3.159900e-01 1.333511e+03 
3.171800e-01 1.327398e+03 
3.183700e-01 1.321342e+03 
3.196300e-01 1.314991e+03 
3.208400e-01 1.308949e+03 
3.220300e-01 1.303062e+03 
3.232000e-01 1.297336e+03 
3.244300e-01 1.291375e+03 
3.256700e-01 1.285421e+03 
3.269200e-01 1.279475e+03 
3.280800e-01 1.274007e+03 
3.292500e-01 1.268551e+03 
3.304800e-01 1.262869e+03 
3.317100e-01 1.257240e+03 
3.328900e-01 1.251887e+03 
3.340700e-01 1.246580e+03 
3.353600e-01 1.240845e+03 
3.365300e-01 1.235695e+03 
3.377100e-01 1.230545e+03 
3.389200e-01 1.225310e+03 
3.401600e-01 1.219993e+03 
3.413700e-01 1.214859e+03 
3.425300e-01 1.209986e+03 
3.437700e-01 1.204821e+03 
3.449800e-01 1.199825e+03 
3.461800e-01 1.194913e+03 
3.473600e-01 1.190128e+03 
3.485800e-01 1.185237e+03 
3.498100e-01 1.180348e+03 
3.510200e-01 1.175579e+03 
3.522000e-01 1.170967e+03 
3.533900e-01 1.166355e+03 
3.546400e-01 1.161567e+03 
3.558400e-01 1.157010e+03 
3.570600e-01 1.152416e+03 
3.582700e-01 1.147898e+03 
3.595000e-01 1.143343e+03 
3.607100e-01 1.138908e+03 
3.618900e-01 1.134625e+03 
3.631200e-01 1.130197e+03 
3.643200e-01 1.125912e+03 
3.655500e-01 1.121556e+03 
3.667300e-01 1.117410e+03 
3.679500e-01 1.113179e+03 
3.691900e-01 1.108913e+03 
3.703600e-01 1.104920e+03 
3.715700e-01 1.100822e+03 
3.727700e-01 1.096791e+03 
3.739900e-01 1.092728e+03 
3.752000e-01 1.088734e+03 
3.763900e-01 1.084836e+03 
3.775800e-01 1.080969e+03 
3.788200e-01 1.076971e+03 
3.800300e-01 1.073101e+03 
3.812100e-01 1.069340e+03 
3.824200e-01 1.065502e+03 
3.836100e-01 1.061757e+03 
3.848600e-01 1.057854e+03 
3.860400e-01 1.054198e+03 
3.872400e-01 1.050508e+03 
3.884600e-01 1.046816e+03 
3.896500e-01 1.043253e+03 
3.908700e-01 1.039628e+03 
3.920600e-01 1.036119e+03 
3.933100e-01 1.032461e+03 
3.945300e-01 1.028919e+03 
3.957200e-01 1.025474e+03 
3.969300e-01 1.021993e+03 
3.981700e-01 1.018453e+03 
3.993500e-01 1.015110e+03 
4.094840e-01 9.872436e+02 
4.272360e-01 9.423884e+02 
4.454600e-01 9.004507e+02 
4.630560e-01 8.633675e+02 
4.804610e-01 8.295574e+02 
4.980690e-01 7.980151e+02 
5.159230e-01 7.684170e+02 
5.317440e-01 7.440863e+02 
5.489640e-01 7.192638e+02 
5.671990e-01 6.947808e+02 
5.838690e-01 6.739164e+02 
6.018840e-01 6.528759e+02 
6.202330e-01 6.328616e+02 
6.379250e-01 6.147249e+02 
6.545410e-01 5.986930e+02 
6.714560e-01 5.832806e+02 
6.892080e-01 5.679712e+02 
7.066010e-01 5.536950e+02 
7.240540e-01 5.401294e+02 
7.420450e-01 5.269135e+02 
7.593780e-01 5.146602e+02 
7.764720e-01 5.031469e+02 
7.942840e-01 4.917056e+02 
8.116170e-01 4.809318e+02 
8.288310e-01 4.706971e+02 
8.462240e-01 4.606952e+02 
8.631980e-01 4.512931e+02 
8.810700e-01 4.417604e+02 
8.989410e-01 4.325837e+02 
9.166330e-01 4.237718e+02 
9.345640e-01 4.150852e+02 
9.515980e-01 4.070949e+02 
9.688720e-01 3.992598e+02 
9.865640e-01 3.914554e+02 
1.031870e+00 3.724540e+02 
1.063490e+00 3.599726e+02 
1.097920e+00 3.470366e+02 
1.134370e+00 3.340888e+02 
1.167730e+00 3.227649e+02 
1.203830e+00 3.111297e+02 
1.240470e+00 2.999133e+02 
1.275790e+00 2.895738e+02 
1.309140e+00 2.802969e+02 
1.342970e+00 2.712424e+02 
1.378420e+00 2.622350e+02 
1.413200e+00 2.537568e+02 
1.448110e+00 2.456239e+02 
1.484090e+00 2.376257e+02 
1.518820e+00 2.302401e+02 
1.552880e+00 2.232661e+02 
1.588630e+00 2.162842e+02 
1.623230e+00 2.098135e+02 
1.657720e+00 2.036250e+02 
1.692450e+00 1.976826e+02 
1.726400e+00 1.920525e+02 
1.762200e+00 1.863527e+02 
1.797880e+00 1.809146e+02 
1.833270e+00 1.757381e+02 
1.869070e+00 1.707043e+02 
1.903200e+00 1.661033e+02 
1.937740e+00 1.616180e+02 
1.973190e+00 1.571850e+02 
2.007440e+00 1.530612e+02 
2.042160e+00 1.490340e+02 
2.077900e+00 1.450339e+02 
2.112390e+00 1.413385e+02 
2.146220e+00 1.378074e+02 
2.181600e+00 1.342658e+02 
2.216930e+00 1.308570e+02 
2.250760e+00 1.276985e+02 
2.286500e+00 1.244734e+02 
2.321770e+00 1.214060e+02 
2.355950e+00 1.185356e+02 
2.391280e+00 1.156567e+02 
2.426240e+00 1.129116e+02 
2.460670e+00 1.102948e+02 
2.495640e+00 1.077150e+02 
2.531080e+00 1.051992e+02 
2.566220e+00 1.027794e+02 
2.600830e+00 1.004716e+02 
2.635080e+00 9.826064e+01 
2.670340e+00 9.604611e+01 
2.705970e+00 9.388814e+01 
2.740040e+00 9.189095e+01 
2.774520e+00 8.991825e+01 
2.809730e+00 8.797018e+01 
2.844390e+00 8.611239e+01 
2.879960e+00 8.426020e+01 
2.914860e+00 8.249527e+01 
2.949410e+00 8.080034e+01 
2.984440e+00 7.913542e+01 
3.019760e+00 7.750080e+01 
3.054730e+00 7.592711e+01 
3.089030e+00 7.442850e+01 
3.124060e+00 7.294169e+01 
3.159560e+00 7.147787e+01 
3.194710e+00 7.006991e+01 
3.229010e+00 6.873408e+01 
3.263320e+00 6.742755e+01 
3.297930e+00 6.614669e+01 
3.332830e+00 6.489224e+01 
3.368040e+00 6.365940e+01 
3.403300e+00 6.245709e+01 
3.438450e+00 6.128840e+01 
3.473060e+00 6.016766e+01 
3.508440e+00 5.905678e+01 
3.543110e+00 5.799609e+01 
3.577470e+00 5.696811e+01 
3.613040e+00 5.593229e+01 
3.648120e+00 5.493993e+01 
3.682910e+00 5.397828e+01 
3.718050e+00 5.302692e+01 
3.753320e+00 5.209850e+01 
3.787980e+00 5.121235e+01 
3.822290e+00 5.035466e+01 
3.857020e+00 4.950481e+01 
3.891920e+00 4.867130e+01 
3.926650e+00 4.786167e+01 
3.961970e+00 4.705780e+01 
3.997360e+00 4.627152e+01 
4.031670e+00 4.552727e+01 
4.066330e+00 4.479418e+01 
4.101420e+00 4.406890e+01 
4.136200e+00 4.336609e+01 
4.170810e+00 4.268234e+01 
4.206250e+00 4.199938e+01 
4.241580e+00 4.133407e+01 
4.276300e+00 4.069426e+01 
4.310970e+00 4.006898e+01 
4.346120e+00 3.944958e+01 
4.380600e+00 3.885634e+01 
4.414730e+00 3.828140e+01 
4.450350e+00 3.769341e+01 
4.485320e+00 3.712840e+01 
4.519810e+00 3.658420e+01 
4.555430e+00 3.603451e+01 
4.590870e+00 3.549958e+01 
4.625480e+00 3.498899e+01 
4.659910e+00 3.449123e+01 
4.695230e+00 3.399064e+01 
4.729960e+00 3.350824e+01 
4.764450e+00 3.303847e+01 
4.799530e+00 3.256983e+01 
4.834910e+00 3.210652e+01 
4.869700e+00 3.166298e+01 
4.904370e+00 3.122997e+01 
4.939450e+00 3.080015e+01 
4.973940e+00 3.038539e+01 
5.008430e+00 2.997837e+01 
5.043810e+00 2.956857e+01 
5.078840e+00 2.917038e+01 
5.113500e+00 2.878370e+01 
5.148890e+00 2.839922e+01 
5.184210e+00 2.802273e+01 
5.219060e+00 2.765757e+01 
5.253660e+00 2.730025e+01 
5.288570e+00 2.694618e+01 
5.323420e+00 2.660041e+01 
5.358440e+00 2.626066e+01 
5.393590e+00 2.592568e+01 
5.428310e+00 2.560049e+01 
5.462800e+00 2.528298e+01 
5.497640e+00 2.496776e+01 
5.532670e+00 2.465822e+01 
5.567280e+00 2.435822e+01 
5.602000e+00 2.406234e+01 
5.637270e+00 2.376565e+01 
5.672410e+00 2.347479e+01 
5.707020e+00 2.319310e+01 
5.742040e+00 2.291475e+01 
5.777430e+00 2.263853e+01 
5.812210e+00 2.237154e+01 
5.846820e+00 2.211001e+01 
5.881610e+00 2.185132e+01 
5.916510e+00 2.159599e+01 
5.951600e+00 2.134413e+01 
5.986560e+00 2.109754e+01 
6.021830e+00 2.085274e+01 
6.056490e+00 2.061644e+01 
6.091160e+00 2.038415e+01 
6.125830e+00 2.015547e+01 
6.161090e+00 1.992644e+01 
6.195760e+00 1.970461e+01 
6.230420e+00 1.948622e+01 
6.265690e+00 1.926742e+01 
6.300950e+00 1.905295e+01 
6.335620e+00 1.884526e+01 
6.370880e+00 1.863721e+01 
6.405550e+00 1.843617e+01 
6.440220e+00 1.823828e+01 
6.475480e+00 1.804001e+01 
6.510150e+00 1.784817e+01 
6.544810e+00 1.765970e+01 
6.580080e+00 1.747071e+01 
6.614750e+00 1.728763e+01 
6.649410e+00 1.710714e+01 
6.684080e+00 1.692915e+01 
6.719340e+00 1.675072e+01 
6.754010e+00 1.657796e+01 
6.788680e+00 1.640804e+01 
6.823940e+00 1.623767e+01 
6.859800e+00 1.606688e+01 
6.894470e+00 1.590451e+01 
6.929140e+00 1.574452e+01 
6.963800e+00 1.558678e+01 
6.999070e+00 1.542847e+01 
7.033730e+00 1.527492e+01 
7.068400e+00 1.512340e+01 
7.103660e+00 1.497140e+01 
7.138330e+00 1.482435e+01 
7.173600e+00 1.467755e+01 
7.208260e+00 1.453522e+01 
7.243530e+00 1.439231e+01 
7.277600e+00 1.425571e+01 
7.312860e+00 1.411585e+01 
7.348120e+00 1.397785e+01 
7.382790e+00 1.384394e+01 
7.417460e+00 1.371243e+01 
7.452720e+00 1.358077e+01 
7.487390e+00 1.345299e+01 
7.522650e+00 1.332470e+01 
7.557320e+00 1.320011e+01 
7.591990e+00 1.307707e+01 
7.627250e+00 1.295352e+01 
7.662510e+00 1.283156e+01 
7.697180e+00 1.271343e+01 
7.731850e+00 1.259690e+01 
7.766510e+00 1.248183e+01 
7.801180e+00 1.236816e+01 
7.836440e+00 1.225392e+01 
7.871110e+00 1.214294e+01 
7.906380e+00 1.203144e+01 
7.941040e+00 1.192320e+01 
7.976310e+00 1.181458e+01 
8.011570e+00 1.170753e+01 
8.046240e+00 1.160354e+01 
8.080900e+00 1.150083e+01 
8.115570e+00 1.139935e+01 
8.150830e+00 1.129750e+01 
8.185500e+00 1.119856e+01 
8.220770e+00 1.109909e+01 
8.255430e+00 1.100250e+01 
8.290100e+00 1.090713e+01 
8.324770e+00 1.081289e+01 
8.359430e+00 1.071976e+01 
8.394700e+00 1.062610e+01 
8.429960e+00 1.053365e+01 
8.464630e+00 1.044388e+01 
8.499890e+00 1.035363e+01 
8.534560e+00 1.026591e+01 
8.569200e+00 1.017926e+01 
