# Parameters:
# omega_b = 0.023091, omega_m = 0.139291, n_s = 0.909843, h = 63.267717, w = -1.000000, sigma_8 = 0.739370
# z = 0.500000
#
# k[1/Mpc] # P(k):
8.694000e-04 1.137014e+04 
2.077466e-03 2.315965e+04 
3.285532e-03 3.195182e+04 
4.493598e-03 3.847888e+04 
5.701664e-03 4.314686e+04 
6.909730e-03 4.630789e+04 
8.117797e-03 4.832105e+04 
9.325863e-03 4.937076e+04 
1.053393e-02 4.963256e+04 
1.174199e-02 4.926368e+04 
1.295006e-02 4.836403e+04 
1.415813e-02 4.706628e+04 
1.536619e-02 4.548133e+04 
1.657426e-02 4.368490e+04 
1.778233e-02 4.175991e+04 
1.899039e-02 3.984584e+04 
2.019846e-02 3.796892e+04 
2.140652e-02 3.612293e+04 
2.261459e-02 3.432814e+04 
2.382266e-02 3.262193e+04 
2.503072e-02 3.102618e+04 
2.623879e-02 2.954795e+04 
2.744685e-02 2.818783e+04 
2.865492e-02 2.694793e+04 
2.986299e-02 2.582308e+04 
3.100100e-02 2.486483e+04 
3.220400e-02 2.395067e+04 
3.288100e-02 2.347893e+04 
3.424300e-02 2.261323e+04 
3.555100e-02 2.187182e+04 
3.686000e-02 2.120693e+04 
3.795000e-02 2.070142e+04 
3.929100e-02 2.013169e+04 
4.039800e-02 1.969292e+04 
4.164000e-02 1.922638e+04 
4.294400e-02 1.875298e+04 
4.415000e-02 1.832694e+04 
4.542900e-02 1.787357e+04 
4.660900e-02 1.745717e+04 
4.782300e-02 1.701438e+04 
4.892900e-02 1.660704e+04 
5.031200e-02 1.608640e+04 
5.155900e-02 1.560485e+04 
5.238100e-02 1.528343e+04 
5.378200e-02 1.473172e+04 
5.513400e-02 1.419563e+04 
5.627600e-02 1.374384e+04 
5.735300e-02 1.332299e+04 
5.870100e-02 1.280732e+04 
5.988700e-02 1.236834e+04 
6.113500e-02 1.192375e+04 
6.225900e-02 1.154106e+04 
6.340100e-02 1.117175e+04 
6.480200e-02 1.074638e+04 
6.601100e-02 1.040640e+04 
6.725500e-02 1.008274e+04 
6.829100e-02 9.835132e+03 
6.958600e-02 9.549117e+03 
7.071100e-02 9.323342e+03 
7.192300e-02 9.101095e+03 
7.307400e-02 8.908669e+03 
7.412300e-02 8.747606e+03 
7.550400e-02 8.555542e+03 
7.663100e-02 8.411372e+03 
7.791200e-02 8.261734e+03 
7.912700e-02 8.129773e+03 
8.027600e-02 8.010954e+03 
8.138400e-02 7.900317e+03 
8.272200e-02 7.770038e+03 
8.406100e-02 7.641110e+03 
8.534100e-02 7.515883e+03 
8.653800e-02 7.395667e+03 
8.759800e-02 7.287359e+03 
8.900300e-02 7.139945e+03 
9.009000e-02 7.022017e+03 
9.113300e-02 6.905172e+03 
9.239600e-02 6.762122e+03 
9.358000e-02 6.625371e+03 
9.496100e-02 6.462616e+03 
9.608400e-02 6.330602e+03 
9.727500e-02 6.191883e+03 
9.852600e-02 6.046098e+03 
9.973800e-02 5.908574e+03 
1.009000e-01 5.780141e+03 
1.020900e-01 5.653115e+03 
1.034000e-01 5.518903e+03 
1.046000e-01 5.401154e+03 
1.057200e-01 5.297951e+03 
1.069100e-01 5.192876e+03 
1.082500e-01 5.082762e+03 
1.093900e-01 4.995117e+03 
1.105400e-01 4.910949e+03 
1.116900e-01 4.833716e+03 
1.129600e-01 4.752334e+03 
1.142000e-01 4.679178e+03 
1.153300e-01 4.615660e+03 
1.166400e-01 4.546173e+03 
1.177800e-01 4.488868e+03 
1.190000e-01 4.429789e+03 
1.201200e-01 4.377552e+03 
1.213400e-01 4.322119e+03 
1.227100e-01 4.261034e+03 
1.238900e-01 4.209430e+03 
1.250700e-01 4.157906e+03 
1.263200e-01 4.103951e+03 
1.275500e-01 4.050655e+03 
1.287500e-01 3.998921e+03 
1.299900e-01 3.945202e+03 
1.311300e-01 3.895951e+03 
1.323500e-01 3.842947e+03 
1.335900e-01 3.789397e+03 
1.347100e-01 3.740885e+03 
1.359800e-01 3.686447e+03 
1.372100e-01 3.633648e+03 
1.384300e-01 3.582073e+03 
1.395700e-01 3.534008e+03 
1.407700e-01 3.484415e+03 
1.420300e-01 3.432764e+03 
1.432800e-01 3.382674e+03 
1.444500e-01 3.336718e+03 
1.456300e-01 3.291329e+03 
1.468900e-01 3.244312e+03 
1.480500e-01 3.202055e+03 
1.491700e-01 3.162464e+03 
1.503800e-01 3.121062e+03 
1.516400e-01 3.079083e+03 
1.528200e-01 3.041622e+03 
1.540200e-01 3.004269e+03 
1.551900e-01 2.969608e+03 
1.564300e-01 2.933840e+03 
1.576600e-01 2.899568e+03 
1.588700e-01 2.867117e+03 
1.600900e-01 2.835058e+03 
1.612700e-01 2.805404e+03 
1.625400e-01 2.774084e+03 
1.637600e-01 2.744790e+03 
1.649500e-01 2.716866e+03 
1.662200e-01 2.687604e+03 
1.674000e-01 2.660878e+03 
1.685000e-01 2.636381e+03 
1.697500e-01 2.608816e+03 
1.710300e-01 2.580904e+03 
1.722200e-01 2.555415e+03 
1.734400e-01 2.529166e+03 
1.746400e-01 2.503768e+03 
1.758700e-01 2.477991e+03 
1.770900e-01 2.452476e+03 
1.782700e-01 2.428211e+03 
1.794600e-01 2.403873e+03 
1.807000e-01 2.378756e+03 
1.819100e-01 2.354660e+03 
1.830100e-01 2.332906e+03 
1.842200e-01 2.309319e+03 
1.855000e-01 2.284786e+03 
1.867000e-01 2.262142e+03 
1.879200e-01 2.239493e+03 
1.890900e-01 2.218141e+03 
1.902800e-01 2.196889e+03 
1.915200e-01 2.175096e+03 
1.926900e-01 2.154915e+03 
1.939000e-01 2.134558e+03 
1.951700e-01 2.113531e+03 
1.963100e-01 2.095028e+03 
1.975100e-01 2.076058e+03 
1.987800e-01 2.056292e+03 
2.000100e-01 2.037526e+03 
2.012500e-01 2.019080e+03 
2.023400e-01 2.003098e+03 
2.036100e-01 1.984788e+03 
2.048900e-01 1.966783e+03 
2.060400e-01 1.950844e+03 
2.072200e-01 1.934725e+03 
2.084200e-01 1.918662e+03 
2.096900e-01 1.901910e+03 
2.109200e-01 1.885924e+03 
2.121100e-01 1.870687e+03 
2.132700e-01 1.856037e+03 
2.145200e-01 1.840471e+03 
2.157200e-01 1.825706e+03 
2.168800e-01 1.811612e+03 
2.180700e-01 1.797347e+03 
2.193400e-01 1.782297e+03 
2.206000e-01 1.767511e+03 
2.217500e-01 1.754197e+03 
2.229500e-01 1.740486e+03 
2.241400e-01 1.726958e+03 
2.253500e-01 1.713382e+03 
2.264900e-01 1.700756e+03 
2.277100e-01 1.687352e+03 
2.289900e-01 1.673405e+03 
2.301500e-01 1.660933e+03 
2.313600e-01 1.648088e+03 
2.325600e-01 1.635402e+03 
2.337700e-01 1.622774e+03 
2.350000e-01 1.610104e+03 
2.362000e-01 1.597867e+03 
2.374100e-01 1.585642e+03 
2.386500e-01 1.573275e+03 
2.399100e-01 1.560872e+03 
2.410400e-01 1.549867e+03 
2.422500e-01 1.538223e+03 
2.435000e-01 1.526345e+03 
2.447300e-01 1.514809e+03 
2.458700e-01 1.504262e+03 
2.470600e-01 1.493383e+03 
2.483300e-01 1.481915e+03 
2.495600e-01 1.470985e+03 
2.507600e-01 1.460501e+03 
2.519600e-01 1.450142e+03 
2.532200e-01 1.439397e+03 
2.543700e-01 1.429771e+03 
2.555500e-01 1.420052e+03 
2.568000e-01 1.409876e+03 
2.580100e-01 1.400143e+03 
2.592400e-01 1.390460e+03 
2.604100e-01 1.381397e+03 
2.616100e-01 1.372205e+03 
2.628400e-01 1.362892e+03 
2.640600e-01 1.353858e+03 
2.652200e-01 1.345401e+03 
2.664300e-01 1.336678e+03 
2.676500e-01 1.327981e+03 
2.688400e-01 1.319663e+03 
2.700700e-01 1.311204e+03 
2.712400e-01 1.303246e+03 
2.724800e-01 1.294904e+03 
2.736700e-01 1.287020e+03 
2.748800e-01 1.279125e+03 
2.761000e-01 1.271251e+03 
2.773200e-01 1.263463e+03 
2.785400e-01 1.255775e+03 
2.797000e-01 1.248576e+03 
2.808900e-01 1.241267e+03 
2.821400e-01 1.233672e+03 
2.833900e-01 1.226160e+03 
2.845500e-01 1.219280e+03 
2.857800e-01 1.212061e+03 
2.870300e-01 1.204803e+03 
2.882100e-01 1.198022e+03 
2.893900e-01 1.191313e+03 
2.906300e-01 1.184338e+03 
2.918900e-01 1.177325e+03 
2.930500e-01 1.170934e+03 
2.942500e-01 1.164387e+03 
2.954200e-01 1.158068e+03 
2.966500e-01 1.151490e+03 
2.978900e-01 1.144927e+03 
2.990400e-01 1.138900e+03 
3.002700e-01 1.132517e+03 
3.015100e-01 1.126147e+03 
3.026800e-01 1.120195e+03 
3.038500e-01 1.114300e+03 
3.050300e-01 1.108411e+03 
3.062600e-01 1.102334e+03 
3.075000e-01 1.096267e+03 
3.087000e-01 1.090454e+03 
3.099100e-01 1.084648e+03 
3.111200e-01 1.078902e+03 
3.123100e-01 1.073311e+03 
3.135300e-01 1.067633e+03 
3.147300e-01 1.062101e+03 
3.159900e-01 1.056348e+03 
3.171800e-01 1.050974e+03 
3.183700e-01 1.045654e+03 
3.196300e-01 1.040075e+03 
3.208400e-01 1.034767e+03 
3.220300e-01 1.029595e+03 
3.232000e-01 1.024572e+03 
3.244300e-01 1.019347e+03 
3.256700e-01 1.014127e+03 
3.269200e-01 1.008915e+03 
3.280800e-01 1.004122e+03 
3.292500e-01 9.993476e+02 
3.304800e-01 9.943782e+02 
3.317100e-01 9.894541e+02 
3.328900e-01 9.847722e+02 
3.340700e-01 9.801309e+02 
3.353600e-01 9.751242e+02 
3.365300e-01 9.706321e+02 
3.377100e-01 9.661403e+02 
3.389200e-01 9.615742e+02 
3.401600e-01 9.569362e+02 
3.413700e-01 9.524659e+02 
3.425300e-01 9.482275e+02 
3.437700e-01 9.437356e+02 
3.449800e-01 9.393905e+02 
3.461800e-01 9.351182e+02 
3.473600e-01 9.309605e+02 
3.485800e-01 9.267180e+02 
3.498100e-01 9.224774e+02 
3.510200e-01 9.183413e+02 
3.522000e-01 9.143413e+02 
3.533900e-01 9.103407e+02 
3.546400e-01 9.062023e+02 
3.558400e-01 9.022646e+02 
3.570600e-01 8.982945e+02 
3.582700e-01 8.943897e+02 
3.595000e-01 8.904534e+02 
3.607100e-01 8.866263e+02 
3.618900e-01 8.829346e+02 
3.631200e-01 8.791177e+02 
3.643200e-01 8.754244e+02 
3.655500e-01 8.716695e+02 
3.667300e-01 8.680963e+02 
3.679500e-01 8.644622e+02 
3.691900e-01 8.607987e+02 
3.703600e-01 8.573696e+02 
3.715700e-01 8.538510e+02 
3.727700e-01 8.503891e+02 
3.739900e-01 8.469017e+02 
3.752000e-01 8.434783e+02 
3.763900e-01 8.401377e+02 
3.775800e-01 8.368229e+02 
3.788200e-01 8.333960e+02 
3.800300e-01 8.300783e+02 
3.812100e-01 8.268637e+02 
3.824200e-01 8.235900e+02 
3.836100e-01 8.203950e+02 
3.848600e-01 8.170649e+02 
3.860400e-01 8.139456e+02 
3.872400e-01 8.107973e+02 
3.884600e-01 8.076496e+02 
3.896500e-01 8.046134e+02 
3.908700e-01 8.015242e+02 
3.920600e-01 7.985336e+02 
3.933100e-01 7.954161e+02 
3.945300e-01 7.923967e+02 
3.957200e-01 7.894683e+02 
3.969300e-01 7.865114e+02 
3.981700e-01 7.835039e+02 
3.993500e-01 7.806632e+02 
4.094840e-01 7.570324e+02 
4.272360e-01 7.191235e+02 
4.454600e-01 6.838192e+02 
4.630560e-01 6.527235e+02 
4.804610e-01 6.244755e+02 
4.980690e-01 5.982113e+02 
5.159230e-01 5.736582e+02 
5.317440e-01 5.535415e+02 
5.489640e-01 5.331178e+02 
5.671990e-01 5.130637e+02 
5.838690e-01 4.960521e+02 
6.018840e-01 4.789699e+02 
6.202330e-01 4.628217e+02 
6.379250e-01 4.482409e+02 
6.545410e-01 4.354352e+02 
6.714560e-01 4.231723e+02 
6.892080e-01 4.110500e+02 
7.066010e-01 3.998080e+02 
7.240540e-01 3.891693e+02 
7.420450e-01 3.788470e+02 
7.593780e-01 3.693312e+02 
7.764720e-01 3.604236e+02 
7.942840e-01 3.516014e+02 
8.116170e-01 3.433384e+02 
8.288310e-01 3.355206e+02 
8.462240e-01 3.279032e+02 
8.631980e-01 3.207709e+02 
8.810700e-01 3.135627e+02 
8.989410e-01 3.066445e+02 
9.166330e-01 3.000260e+02 
9.345640e-01 2.935222e+02 
9.515980e-01 2.875579e+02 
9.688720e-01 2.817243e+02 
9.865640e-01 2.759286e+02 
1.031870e+00 2.618781e+02 
1.063490e+00 2.527013e+02 
1.097920e+00 2.432232e+02 
1.134370e+00 2.337719e+02 
1.167730e+00 2.255342e+02 
1.203830e+00 2.171004e+02 
1.240470e+00 2.089918e+02 
1.275790e+00 2.015412e+02 
1.309140e+00 1.948693e+02 
1.342970e+00 1.883741e+02 
1.378420e+00 1.819239e+02 
1.413200e+00 1.758677e+02 
1.448110e+00 1.700692e+02 
1.484090e+00 1.643761e+02 
1.518820e+00 1.591257e+02 
1.552880e+00 1.541804e+02 
1.588630e+00 1.492321e+02 
1.623230e+00 1.446538e+02 
1.657720e+00 1.402794e+02 
1.692450e+00 1.360853e+02 
1.726400e+00 1.321179e+02 
1.762200e+00 1.281041e+02 
1.797880e+00 1.242786e+02 
1.833270e+00 1.206418e+02 
1.869070e+00 1.171084e+02 
1.903200e+00 1.138818e+02 
1.937740e+00 1.107385e+02 
1.973190e+00 1.076343e+02 
2.007440e+00 1.047489e+02 
2.042160e+00 1.019341e+02 
2.077900e+00 9.914065e+01 
2.112390e+00 9.656031e+01 
2.146220e+00 9.409775e+01 
2.181600e+00 9.162902e+01 
2.216930e+00 8.925402e+01 
2.250760e+00 8.705530e+01 
2.286500e+00 8.481166e+01 
2.321770e+00 8.267829e+01 
2.355950e+00 8.068300e+01 
2.391280e+00 7.868408e+01 
2.426240e+00 7.677846e+01 
2.460670e+00 7.496262e+01 
2.495640e+00 7.317345e+01 
2.531080e+00 7.142946e+01 
2.566220e+00 6.975262e+01 
2.600830e+00 6.815418e+01 
2.635080e+00 6.662368e+01 
2.670340e+00 6.509142e+01 
2.705970e+00 6.359874e+01 
2.740040e+00 6.221775e+01 
2.774520e+00 6.085464e+01 
2.809730e+00 5.950883e+01 
2.844390e+00 5.822574e+01 
2.879960e+00 5.694699e+01 
2.914860e+00 5.572903e+01 
2.949410e+00 5.455972e+01 
2.984440e+00 5.341135e+01 
3.019760e+00 5.228448e+01 
3.054730e+00 5.120006e+01 
3.089030e+00 5.016744e+01 
3.124060e+00 4.914332e+01 
3.159560e+00 4.813547e+01 
3.194710e+00 4.716623e+01 
3.229010e+00 4.624686e+01 
3.263320e+00 4.534814e+01 
3.297930e+00 4.446723e+01 
3.332830e+00 4.360461e+01 
3.368040e+00 4.275717e+01 
3.403300e+00 4.193101e+01 
3.438450e+00 4.112811e+01 
3.473060e+00 4.035833e+01 
3.508440e+00 3.959554e+01 
3.543110e+00 3.886740e+01 
3.577470e+00 3.816186e+01 
3.613040e+00 3.745110e+01 
3.648120e+00 3.677028e+01 
3.682910e+00 3.611076e+01 
3.718050e+00 3.545858e+01 
3.753320e+00 3.482218e+01 
3.787980e+00 3.421478e+01 
3.822290e+00 3.362710e+01 
3.857020e+00 3.304501e+01 
3.891920e+00 3.247425e+01 
3.926650e+00 3.191995e+01 
3.961970e+00 3.136974e+01 
3.997360e+00 3.083168e+01 
4.031670e+00 3.032251e+01 
4.066330e+00 2.982104e+01 
4.101420e+00 2.932506e+01 
4.136200e+00 2.884453e+01 
4.170810e+00 2.837716e+01 
4.206250e+00 2.791049e+01 
4.241580e+00 2.745602e+01 
4.276300e+00 2.701903e+01 
4.310970e+00 2.659206e+01 
4.346120e+00 2.616921e+01 
4.380600e+00 2.576432e+01 
4.414730e+00 2.537202e+01 
4.450350e+00 2.497095e+01 
4.485320e+00 2.458567e+01 
4.519810e+00 2.421463e+01 
4.555430e+00 2.383993e+01 
4.590870e+00 2.347539e+01 
4.625480e+00 2.312756e+01 
4.659910e+00 2.278854e+01 
4.695230e+00 2.244771e+01 
4.729960e+00 2.211936e+01 
4.764450e+00 2.179971e+01 
4.799530e+00 2.148096e+01 
4.834910e+00 2.116593e+01 
4.869700e+00 2.086437e+01 
4.904370e+00 2.057003e+01 
4.939450e+00 2.027796e+01 
4.973940e+00 1.999622e+01 
5.008430e+00 1.971982e+01 
5.043810e+00 1.944167e+01 
5.078840e+00 1.917150e+01 
5.113500e+00 1.890921e+01 
5.148890e+00 1.864847e+01 
5.184210e+00 1.839321e+01 
5.219060e+00 1.814573e+01 
5.253660e+00 1.790372e+01 
5.288570e+00 1.766397e+01 
5.323420e+00 1.742990e+01 
5.358440e+00 1.719996e+01 
5.393590e+00 1.697331e+01 
5.428310e+00 1.675343e+01 
5.462800e+00 1.653883e+01 
5.497640e+00 1.632584e+01 
5.532670e+00 1.611676e+01 
5.567280e+00 1.591418e+01 
5.602000e+00 1.571443e+01 
5.637270e+00 1.551431e+01 
5.672410e+00 1.531818e+01 
5.707020e+00 1.512829e+01 
5.742040e+00 1.494077e+01 
5.777430e+00 1.475474e+01 
5.812210e+00 1.457498e+01 
5.846820e+00 1.439901e+01 
5.881610e+00 1.422501e+01 
5.916510e+00 1.405331e+01 
5.951600e+00 1.388406e+01 
5.986560e+00 1.371843e+01 
6.021830e+00 1.355404e+01 
6.056490e+00 1.339545e+01 
6.091160e+00 1.323965e+01 
6.125830e+00 1.308629e+01 
6.161090e+00 1.293278e+01 
6.195760e+00 1.278422e+01 
6.230420e+00 1.263801e+01 
6.265690e+00 1.249156e+01 
6.300950e+00 1.234814e+01 
6.335620e+00 1.220929e+01 
6.370880e+00 1.207023e+01 
6.405550e+00 1.193598e+01 
6.440220e+00 1.180391e+01 
6.475480e+00 1.167162e+01 
6.510150e+00 1.154367e+01 
6.544810e+00 1.141809e+01 
6.580080e+00 1.129219e+01 
6.614750e+00 1.117025e+01 
6.649410e+00 1.105017e+01 
6.684080e+00 1.093180e+01 
6.719340e+00 1.081317e+01 
6.754010e+00 1.069837e+01 
6.788680e+00 1.058558e+01 
6.823940e+00 1.047251e+01 
6.859800e+00 1.035917e+01 
6.894470e+00 1.025156e+01 
6.929140e+00 1.014558e+01 
6.963800e+00 1.004110e+01 
6.999070e+00 9.936280e+00 
7.033730e+00 9.834779e+00 
7.068400e+00 9.734641e+00 
7.103660e+00 9.634201e+00 
7.138330e+00 9.537085e+00 
7.173600e+00 9.440233e+00 
7.208260e+00 9.346345e+00 
7.243530e+00 9.252092e+00 
7.277600e+00 9.162093e+00 
7.312860e+00 9.070035e+00 
7.348120e+00 8.979216e+00 
7.382790e+00 8.891102e+00 
7.417460e+00 8.804676e+00 
7.452720e+00 8.718210e+00 
7.487390e+00 8.634302e+00 
7.522650e+00 8.550076e+00 
7.557320e+00 8.468392e+00 
7.591990e+00 8.387774e+00 
7.627250e+00 8.306837e+00 
7.662510e+00 8.226946e+00 
7.697180e+00 8.149683e+00 
7.731850e+00 8.073505e+00 
7.766510e+00 7.998301e+00 
7.801180e+00 7.924013e+00 
7.836440e+00 7.849451e+00 
7.871110e+00 7.777078e+00 
7.906380e+00 7.704367e+00 
7.941040e+00 7.633799e+00 
7.976310e+00 7.563051e+00 
8.011570e+00 7.493411e+00 
8.046240e+00 7.425771e+00 
8.080900e+00 7.358966e+00 
8.115570e+00 7.292993e+00 
8.150830e+00 7.226892e+00 
8.185500e+00 7.162677e+00 
8.220770e+00 7.098132e+00 
8.255430e+00 7.035460e+00 
8.290100e+00 6.973707e+00 
8.324770e+00 6.912701e+00 
8.359430e+00 6.852424e+00 
8.394700e+00 6.791806e+00 
8.429960e+00 6.732030e+00 
8.464630e+00 6.674052e+00 
8.499890e+00 6.615771e+00 
8.534560e+00 6.559125e+00 
8.569200e+00 6.503174e+00 
