# Parameters:
# omega_b = 0.023358, omega_m = 0.133228, n_s = 0.886220, h = 74.133858, w = -1.000000, sigma_8 = 0.706299
# z = 0.500000
#
# k[1/Mpc] # P(k):
8.694000e-04 1.193512e+04 
2.077466e-03 2.365885e+04 
3.285532e-03 3.210340e+04 
4.493598e-03 3.815449e+04 
5.701664e-03 4.229799e+04 
6.909730e-03 4.493979e+04 
8.117797e-03 4.646831e+04 
9.325863e-03 4.708163e+04 
1.053393e-02 4.696037e+04 
1.174199e-02 4.626107e+04 
1.295006e-02 4.508586e+04 
1.415813e-02 4.356632e+04 
1.536619e-02 4.180799e+04 
1.657426e-02 3.988048e+04 
1.778233e-02 3.782591e+04 
1.899039e-02 3.572586e+04 
2.019846e-02 3.367180e+04 
2.140652e-02 3.172602e+04 
2.261459e-02 2.989531e+04 
2.382266e-02 2.819301e+04 
2.503072e-02 2.663038e+04 
2.623879e-02 2.520897e+04 
2.744685e-02 2.392764e+04 
2.865492e-02 2.278108e+04 
2.986299e-02 2.175988e+04 
3.100100e-02 2.090739e+04 
3.220400e-02 2.010956e+04 
3.288100e-02 1.970513e+04 
3.424300e-02 1.897475e+04 
3.555100e-02 1.836089e+04 
3.686000e-02 1.781950e+04 
3.795000e-02 1.741234e+04 
3.929100e-02 1.695649e+04 
4.039800e-02 1.660459e+04 
4.164000e-02 1.622750e+04 
4.294400e-02 1.583660e+04 
4.415000e-02 1.547803e+04 
4.542900e-02 1.508488e+04 
4.660900e-02 1.471617e+04 
4.782300e-02 1.431263e+04 
4.892900e-02 1.393554e+04 
5.031200e-02 1.344597e+04 
5.155900e-02 1.298777e+04 
5.238100e-02 1.268050e+04 
5.378200e-02 1.215208e+04 
5.513400e-02 1.163974e+04 
5.627600e-02 1.121064e+04 
5.735300e-02 1.081424e+04 
5.870100e-02 1.033424e+04 
5.988700e-02 9.931480e+03 
6.113500e-02 9.530070e+03 
6.225900e-02 9.190932e+03 
6.340100e-02 8.869956e+03 
6.480200e-02 8.507529e+03 
6.601100e-02 8.225683e+03 
6.725500e-02 7.963935e+03 
6.829100e-02 7.769187e+03 
6.958600e-02 7.548795e+03 
7.071100e-02 7.379449e+03 
7.192300e-02 7.216369e+03 
7.307400e-02 7.077978e+03 
7.412300e-02 6.963895e+03 
7.550400e-02 6.829627e+03 
7.663100e-02 6.729249e+03 
7.791200e-02 6.624441e+03 
7.912700e-02 6.529997e+03 
8.027600e-02 6.442689e+03 
8.138400e-02 6.359079e+03 
8.272200e-02 6.257050e+03 
8.406100e-02 6.152182e+03 
8.534100e-02 6.046109e+03 
8.653800e-02 5.941358e+03 
8.759800e-02 5.845543e+03 
8.900300e-02 5.713327e+03 
9.009000e-02 5.606562e+03 
9.113300e-02 5.500412e+03 
9.239600e-02 5.370426e+03 
9.358000e-02 5.246393e+03 
9.496100e-02 5.099598e+03 
9.608400e-02 4.981253e+03 
9.727500e-02 4.857553e+03 
9.852600e-02 4.729170e+03 
9.973800e-02 4.609023e+03 
1.009000e-01 4.497623e+03 
1.020900e-01 4.389418e+03 
1.034000e-01 4.276199e+03 
1.046000e-01 4.178003e+03 
1.057200e-01 4.093879e+03 
1.069100e-01 4.008999e+03 
1.082500e-01 3.922228e+03 
1.093900e-01 3.854521e+03 
1.105400e-01 3.790307e+03 
1.116900e-01 3.733165e+03 
1.129600e-01 3.673518e+03 
1.142000e-01 3.621229e+03 
1.153300e-01 3.576136e+03 
1.166400e-01 3.527299e+03 
1.177800e-01 3.486977e+03 
1.190000e-01 3.445387e+03 
1.201200e-01 3.407787e+03 
1.213400e-01 3.367738e+03 
1.227100e-01 3.321652e+03 
1.238900e-01 3.282247e+03 
1.250700e-01 3.241354e+03 
1.263200e-01 3.197922e+03 
1.275500e-01 3.153681e+03 
1.287500e-01 3.110149e+03 
1.299900e-01 3.064036e+03 
1.311300e-01 3.021419e+03 
1.323500e-01 2.975052e+03 
1.335900e-01 2.928122e+03 
1.347100e-01 2.885486e+03 
1.359800e-01 2.837763e+03 
1.372100e-01 2.791678e+03 
1.384300e-01 2.746880e+03 
1.395700e-01 2.705587e+03 
1.407700e-01 2.663095e+03 
1.420300e-01 2.619663e+03 
1.432800e-01 2.577576e+03 
1.444500e-01 2.539856e+03 
1.456300e-01 2.502622e+03 
1.468900e-01 2.464721e+03 
1.480500e-01 2.430865e+03 
1.491700e-01 2.399448e+03 
1.503800e-01 2.366981e+03 
1.516400e-01 2.334167e+03 
1.528200e-01 2.305324e+03 
1.540200e-01 2.276566e+03 
1.551900e-01 2.250157e+03 
1.564300e-01 2.222971e+03 
1.576600e-01 2.196988e+03 
1.588700e-01 2.172463e+03 
1.600900e-01 2.148231e+03 
1.612700e-01 2.125760e+03 
1.625400e-01 2.102026e+03 
1.637600e-01 2.079686e+03 
1.649500e-01 2.058307e+03 
1.662200e-01 2.035850e+03 
1.674000e-01 2.015045e+03 
1.685000e-01 1.995976e+03 
1.697500e-01 1.974327e+03 
1.710300e-01 1.952215e+03 
1.722200e-01 1.932025e+03 
1.734400e-01 1.910891e+03 
1.746400e-01 1.890433e+03 
1.758700e-01 1.869595e+03 
1.770900e-01 1.848814e+03 
1.782700e-01 1.829058e+03 
1.794600e-01 1.809172e+03 
1.807000e-01 1.788605e+03 
1.819100e-01 1.768882e+03 
1.830100e-01 1.751082e+03 
1.842200e-01 1.731790e+03 
1.855000e-01 1.711737e+03 
1.867000e-01 1.693323e+03 
1.879200e-01 1.674912e+03 
1.890900e-01 1.657586e+03 
1.902800e-01 1.640472e+03 
1.915200e-01 1.622928e+03 
1.926900e-01 1.606727e+03 
1.939000e-01 1.590518e+03 
1.951700e-01 1.573780e+03 
1.963100e-01 1.559094e+03 
1.975100e-01 1.544145e+03 
1.987800e-01 1.528573e+03 
2.000100e-01 1.513823e+03 
2.012500e-01 1.499400e+03 
2.023400e-01 1.486905e+03 
2.036100e-01 1.472603e+03 
2.048900e-01 1.458586e+03 
2.060400e-01 1.446180e+03 
2.072200e-01 1.433636e+03 
2.084200e-01 1.421151e+03 
2.096900e-01 1.408133e+03 
2.109200e-01 1.395712e+03 
2.121100e-01 1.383869e+03 
2.132700e-01 1.372484e+03 
2.145200e-01 1.360387e+03 
2.157200e-01 1.348916e+03 
2.168800e-01 1.337966e+03 
2.180700e-01 1.326885e+03 
2.193400e-01 1.315211e+03 
2.206000e-01 1.303769e+03 
2.217500e-01 1.293469e+03 
2.229500e-01 1.282862e+03 
2.241400e-01 1.272469e+03 
2.253500e-01 1.262042e+03 
2.264900e-01 1.252345e+03 
2.277100e-01 1.242112e+03 
2.289900e-01 1.231531e+03 
2.301500e-01 1.222070e+03 
2.313600e-01 1.212329e+03 
2.325600e-01 1.202854e+03 
2.337700e-01 1.193424e+03 
2.350000e-01 1.183962e+03 
2.362000e-01 1.174891e+03 
2.374100e-01 1.165910e+03 
2.386500e-01 1.156824e+03 
2.399100e-01 1.147711e+03 
2.410400e-01 1.139725e+03 
2.422500e-01 1.131288e+03 
2.435000e-01 1.122682e+03 
2.447300e-01 1.114337e+03 
2.458700e-01 1.106764e+03 
2.470600e-01 1.098952e+03 
2.483300e-01 1.090718e+03 
2.495600e-01 1.082875e+03 
2.507600e-01 1.075360e+03 
2.519600e-01 1.067934e+03 
2.532200e-01 1.060231e+03 
2.543700e-01 1.053307e+03 
2.555500e-01 1.046300e+03 
2.568000e-01 1.038964e+03 
2.580100e-01 1.031947e+03 
2.592400e-01 1.024909e+03 
2.604100e-01 1.018296e+03 
2.616100e-01 1.011590e+03 
2.628400e-01 1.004795e+03 
2.640600e-01 9.981317e+02 
2.652200e-01 9.918667e+02 
2.664300e-01 9.854037e+02 
2.676500e-01 9.789605e+02 
2.688400e-01 9.727358e+02 
2.700700e-01 9.663672e+02 
2.712400e-01 9.603757e+02 
2.724800e-01 9.540954e+02 
2.736700e-01 9.481178e+02 
2.748800e-01 9.420882e+02 
2.761000e-01 9.360752e+02 
2.773200e-01 9.301277e+02 
2.785400e-01 9.242365e+02 
2.797000e-01 9.186766e+02 
2.808900e-01 9.130321e+02 
2.821400e-01 9.071666e+02 
2.833900e-01 9.013642e+02 
2.845500e-01 8.960100e+02 
2.857800e-01 8.903917e+02 
2.870300e-01 8.847433e+02 
2.882100e-01 8.794671e+02 
2.893900e-01 8.742295e+02 
2.906300e-01 8.687746e+02 
2.918900e-01 8.632906e+02 
2.930500e-01 8.582938e+02 
2.942500e-01 8.531730e+02 
2.954200e-01 8.482199e+02 
2.966500e-01 8.430652e+02 
2.978900e-01 8.379221e+02 
2.990400e-01 8.331998e+02 
3.002700e-01 8.281939e+02 
3.015100e-01 8.231964e+02 
3.026800e-01 8.185277e+02 
3.038500e-01 8.139037e+02 
3.050300e-01 8.092849e+02 
3.062600e-01 8.045170e+02 
3.075000e-01 7.997584e+02 
3.087000e-01 7.951986e+02 
3.099100e-01 7.906453e+02 
3.111200e-01 7.861395e+02 
3.123100e-01 7.817564e+02 
3.135300e-01 7.773057e+02 
3.147300e-01 7.729699e+02 
3.159900e-01 7.684613e+02 
3.171800e-01 7.642516e+02 
3.183700e-01 7.600858e+02 
3.196300e-01 7.557170e+02 
3.208400e-01 7.515616e+02 
3.220300e-01 7.475128e+02 
3.232000e-01 7.435833e+02 
3.244300e-01 7.394961e+02 
3.256700e-01 7.354145e+02 
3.269200e-01 7.313389e+02 
3.280800e-01 7.275912e+02 
3.292500e-01 7.238603e+02 
3.304800e-01 7.199784e+02 
3.317100e-01 7.161321e+02 
3.328900e-01 7.124753e+02 
3.340700e-01 7.088506e+02 
3.353600e-01 7.049441e+02 
3.365300e-01 7.014406e+02 
3.377100e-01 6.979376e+02 
3.389200e-01 6.943769e+02 
3.401600e-01 6.907604e+02 
3.413700e-01 6.872775e+02 
3.425300e-01 6.839772e+02 
3.437700e-01 6.804798e+02 
3.449800e-01 6.770970e+02 
3.461800e-01 6.737710e+02 
3.473600e-01 6.705357e+02 
3.485800e-01 6.672375e+02 
3.498100e-01 6.639410e+02 
3.510200e-01 6.607260e+02 
3.522000e-01 6.576170e+02 
3.533900e-01 6.545075e+02 
3.546400e-01 6.512958e+02 
3.558400e-01 6.482403e+02 
3.570600e-01 6.451598e+02 
3.582700e-01 6.421301e+02 
3.595000e-01 6.390761e+02 
3.607100e-01 6.361089e+02 
3.618900e-01 6.332484e+02 
3.631200e-01 6.302910e+02 
3.643200e-01 6.274295e+02 
3.655500e-01 6.245205e+02 
3.667300e-01 6.217523e+02 
3.679500e-01 6.189438e+02 
3.691900e-01 6.161126e+02 
3.703600e-01 6.134627e+02 
3.715700e-01 6.107438e+02 
3.727700e-01 6.080688e+02 
3.739900e-01 6.053751e+02 
3.752000e-01 6.027323e+02 
3.763900e-01 6.001536e+02 
3.775800e-01 5.975949e+02 
3.788200e-01 5.949497e+02 
3.800300e-01 5.923890e+02 
3.812100e-01 5.899127e+02 
3.824200e-01 5.873941e+02 
3.836100e-01 5.849362e+02 
3.848600e-01 5.823745e+02 
3.860400e-01 5.799750e+02 
3.872400e-01 5.775533e+02 
3.884600e-01 5.751343e+02 
3.896500e-01 5.728018e+02 
3.908700e-01 5.704287e+02 
3.920600e-01 5.681314e+02 
3.933100e-01 5.657366e+02 
3.945300e-01 5.634172e+02 
3.957200e-01 5.611728e+02 
3.969300e-01 5.589078e+02 
3.981700e-01 5.566041e+02 
3.993500e-01 5.544283e+02 
4.094840e-01 5.363612e+02 
4.272360e-01 5.075049e+02 
4.454600e-01 4.807743e+02 
4.630560e-01 4.573505e+02 
4.804610e-01 4.361630e+02 
4.980690e-01 4.165347e+02 
5.159230e-01 3.982371e+02 
5.317440e-01 3.832797e+02 
5.489640e-01 3.681348e+02 
5.671990e-01 3.532976e+02 
5.838690e-01 3.407461e+02 
6.018840e-01 3.281696e+02 
6.202330e-01 3.163295e+02 
6.379250e-01 3.056673e+02 
6.545410e-01 2.963493e+02 
6.714560e-01 2.874567e+02 
6.892080e-01 2.787097e+02 
7.066010e-01 2.706459e+02 
7.240540e-01 2.630494e+02 
7.420450e-01 2.557242e+02 
7.593780e-01 2.490157e+02 
7.764720e-01 2.427704e+02 
7.942840e-01 2.366169e+02 
8.116170e-01 2.308963e+02 
8.288310e-01 2.255203e+02 
8.462240e-01 2.203091e+02 
8.631980e-01 2.154583e+02 
8.810700e-01 2.105824e+02 
8.989410e-01 2.059272e+02 
9.166330e-01 2.014989e+02 
9.345640e-01 1.971682e+02 
9.515980e-01 1.932156e+02 
9.688720e-01 1.893667e+02 
9.865640e-01 1.855592e+02 
1.031870e+00 1.763803e+02 
1.063490e+00 1.704292e+02 
1.097920e+00 1.643106e+02 
1.134370e+00 1.582311e+02 
1.167730e+00 1.529470e+02 
1.203830e+00 1.475533e+02 
1.240470e+00 1.423717e+02 
1.275790e+00 1.376164e+02 
1.309140e+00 1.333585e+02 
1.342970e+00 1.292113e+02 
1.378420e+00 1.250914e+02 
1.413200e+00 1.212205e+02 
1.448110e+00 1.175093e+02 
1.484090e+00 1.138611e+02 
1.518820e+00 1.104884e+02 
1.552880e+00 1.073078e+02 
1.588630e+00 1.041171e+02 
1.623230e+00 1.011598e+02 
1.657720e+00 9.832738e+01 
1.692450e+00 9.560808e+01 
1.726400e+00 9.302810e+01 
1.762200e+00 9.041006e+01 
1.797880e+00 8.790940e+01 
1.833270e+00 8.552724e+01 
1.869070e+00 8.320583e+01 
1.903200e+00 8.108141e+01 
1.937740e+00 7.900662e+01 
1.973190e+00 7.695192e+01 
2.007440e+00 7.503703e+01 
2.042160e+00 7.316504e+01 
2.077900e+00 7.130245e+01 
2.112390e+00 6.957810e+01 
2.146220e+00 6.792712e+01 
2.181600e+00 6.626891e+01 
2.216930e+00 6.466942e+01 
2.250760e+00 6.318517e+01 
2.286500e+00 6.166705e+01 
2.321770e+00 6.021989e+01 
2.355950e+00 5.886348e+01 
2.391280e+00 5.750107e+01 
2.426240e+00 5.619935e+01 
2.460670e+00 5.495614e+01 
2.495640e+00 5.372841e+01 
2.531080e+00 5.252899e+01 
2.566220e+00 5.137288e+01 
2.600830e+00 5.026864e+01 
2.635080e+00 4.920945e+01 
2.670340e+00 4.814594e+01 
2.705970e+00 4.710797e+01 
2.740040e+00 4.614602e+01 
2.774520e+00 4.519433e+01 
2.809730e+00 4.425274e+01 
2.844390e+00 4.335350e+01 
2.879960e+00 4.245533e+01 
2.914860e+00 4.159793e+01 
2.949410e+00 4.077353e+01 
2.984440e+00 3.996221e+01 
3.019760e+00 3.916455e+01 
3.054730e+00 3.839582e+01 
3.089030e+00 3.766186e+01 
3.124060e+00 3.693298e+01 
3.159560e+00 3.621446e+01 
3.194710e+00 3.552204e+01 
3.229010e+00 3.486450e+01 
3.263320e+00 3.422010e+01 
3.297930e+00 3.358776e+01 
3.332830e+00 3.296742e+01 
3.368040e+00 3.235700e+01 
3.403300e+00 3.176111e+01 
3.438450e+00 3.118074e+01 
3.473060e+00 3.062381e+01 
3.508440e+00 3.007077e+01 
3.543110e+00 2.954242e+01 
3.577470e+00 2.902929e+01 
3.613040e+00 2.851191e+01 
3.648120e+00 2.801551e+01 
3.682910e+00 2.753408e+01 
3.718050e+00 2.705715e+01 
3.753320e+00 2.659127e+01 
3.787980e+00 2.614602e+01 
3.822290e+00 2.571471e+01 
3.857020e+00 2.528683e+01 
3.891920e+00 2.486686e+01 
3.926650e+00 2.445839e+01 
3.961970e+00 2.405256e+01 
3.997360e+00 2.365505e+01 
4.031670e+00 2.327862e+01 
4.066330e+00 2.290729e+01 
4.101420e+00 2.253986e+01 
4.136200e+00 2.218319e+01 
4.170810e+00 2.183616e+01 
4.206250e+00 2.148910e+01 
4.241580e+00 2.115093e+01 
4.276300e+00 2.082530e+01 
4.310970e+00 2.050684e+01 
4.346120e+00 2.019120e+01 
4.380600e+00 1.988862e+01 
4.414730e+00 1.959535e+01 
4.450350e+00 1.929498e+01 
4.485320e+00 1.900634e+01 
4.519810e+00 1.872802e+01 
4.555430e+00 1.844675e+01 
4.590870e+00 1.817295e+01 
4.625480e+00 1.791141e+01 
4.659910e+00 1.765645e+01 
4.695230e+00 1.739972e+01 
4.729960e+00 1.715227e+01 
4.764450e+00 1.691122e+01 
4.799530e+00 1.667060e+01 
4.834910e+00 1.643272e+01 
4.869700e+00 1.620477e+01 
4.904370e+00 1.598219e+01 
4.939450e+00 1.576119e+01 
4.973940e+00 1.554778e+01 
5.008430e+00 1.533837e+01 
5.043810e+00 1.512744e+01 
5.078840e+00 1.492245e+01 
5.113500e+00 1.472339e+01 
5.148890e+00 1.452528e+01 
5.184210e+00 1.433130e+01 
5.219060e+00 1.414315e+01 
5.253660e+00 1.395896e+01 
5.288570e+00 1.377646e+01 
5.323420e+00 1.359819e+01 
5.358440e+00 1.342295e+01 
5.393590e+00 1.325019e+01 
5.428310e+00 1.308246e+01 
5.462800e+00 1.291869e+01 
5.497640e+00 1.275611e+01 
5.532670e+00 1.259642e+01 
5.567280e+00 1.244164e+01 
5.602000e+00 1.228900e+01 
5.637270e+00 1.213593e+01 
5.672410e+00 1.198588e+01 
5.707020e+00 1.184057e+01 
5.742040e+00 1.169699e+01 
5.777430e+00 1.155453e+01 
5.812210e+00 1.141684e+01 
5.846820e+00 1.128196e+01 
5.881610e+00 1.114855e+01 
5.916510e+00 1.101688e+01 
5.951600e+00 1.088703e+01 
5.986560e+00 1.075993e+01 
6.021830e+00 1.063375e+01 
6.056490e+00 1.051198e+01 
6.091160e+00 1.039230e+01 
6.125830e+00 1.027448e+01 
6.161090e+00 1.015652e+01 
6.195760e+00 1.004230e+01 
6.230420e+00 9.929876e+00 
6.265690e+00 9.817248e+00 
6.300950e+00 9.706900e+00 
6.335620e+00 9.600047e+00 
6.370880e+00 9.493020e+00 
6.405550e+00 9.389669e+00 
6.440220e+00 9.287975e+00 
6.475480e+00 9.186090e+00 
6.510150e+00 9.087534e+00 
6.544810e+00 8.990767e+00 
6.580080e+00 8.893739e+00 
6.614750e+00 8.799752e+00 
6.649410e+00 8.707164e+00 
6.684080e+00 8.615879e+00 
6.719340e+00 8.524376e+00 
6.754010e+00 8.435812e+00 
6.788680e+00 8.348783e+00 
6.823940e+00 8.261526e+00 
6.859800e+00 8.174054e+00 
6.894470e+00 8.090975e+00 
6.929140e+00 8.009151e+00 
6.963800e+00 7.928475e+00 
6.999070e+00 7.847517e+00 
7.033730e+00 7.769111e+00 
7.068400e+00 7.691745e+00 
7.103660e+00 7.614135e+00 
7.138330e+00 7.539083e+00 
7.173600e+00 7.464227e+00 
7.208260e+00 7.391650e+00 
7.243530e+00 7.318781e+00 
7.277600e+00 7.249185e+00 
7.312860e+00 7.177981e+00 
7.348120e+00 7.107725e+00 
7.382790e+00 7.039552e+00 
7.417460e+00 6.972683e+00 
7.452720e+00 6.905780e+00 
7.487390e+00 6.840845e+00 
7.522650e+00 6.775656e+00 
7.557320e+00 6.712423e+00 
7.591990e+00 6.650008e+00 
7.627250e+00 6.587337e+00 
7.662510e+00 6.525466e+00 
7.697180e+00 6.465627e+00 
7.731850e+00 6.406619e+00 
7.766510e+00 6.348358e+00 
7.801180e+00 6.290798e+00 
7.836440e+00 6.233018e+00 
7.871110e+00 6.176926e+00 
7.906380e+00 6.120564e+00 
7.941040e+00 6.065854e+00 
7.976310e+00 6.011003e+00 
8.011570e+00 5.957009e+00 
8.046240e+00 5.904559e+00 
8.080900e+00 5.852748e+00 
8.115570e+00 5.801575e+00 
8.150830e+00 5.750296e+00 
8.185500e+00 5.700473e+00 
8.220770e+00 5.650386e+00 
8.255430e+00 5.601746e+00 
8.290100e+00 5.553819e+00 
8.324770e+00 5.506467e+00 
8.359430e+00 5.459674e+00 
8.394700e+00 5.412608e+00 
8.429960e+00 5.366191e+00 
8.464630e+00 5.321163e+00 
8.499890e+00 5.275893e+00 
8.534560e+00 5.231887e+00 
8.569200e+00 5.188414e+00 
