# Parameters:
# omega_b = 0.021815, omega_m = 0.149488, n_s = 0.953937, h = 77.913386, w = -1.000000, sigma_8 = 0.857480
# z = 0.700000
#
# k[1/Mpc] # P(k):
8.694000e-04 6.608327e+03 
2.077466e-03 1.406079e+04 
3.285532e-03 1.993877e+04 
4.493598e-03 2.452383e+04 
5.701664e-03 2.799408e+04 
6.909730e-03 3.052226e+04 
8.117797e-03 3.230618e+04 
9.325863e-03 3.344852e+04 
1.053393e-02 3.405167e+04 
1.174199e-02 3.421147e+04 
1.295006e-02 3.398893e+04 
1.415813e-02 3.346767e+04 
1.536619e-02 3.271651e+04 
1.657426e-02 3.177357e+04 
1.778233e-02 3.061599e+04 
1.899039e-02 2.925168e+04 
2.019846e-02 2.783958e+04 
2.140652e-02 2.650801e+04 
2.261459e-02 2.524506e+04 
2.382266e-02 2.404474e+04 
2.503072e-02 2.291800e+04 
2.623879e-02 2.187162e+04 
2.744685e-02 2.090843e+04 
2.865492e-02 2.003231e+04 
2.986299e-02 1.924035e+04 
3.100100e-02 1.857117e+04 
3.220400e-02 1.793871e+04 
3.288100e-02 1.761686e+04 
3.424300e-02 1.703412e+04 
3.555100e-02 1.654526e+04 
3.686000e-02 1.611725e+04 
3.795000e-02 1.579876e+04 
3.929100e-02 1.544851e+04 
4.039800e-02 1.518290e+04 
4.164000e-02 1.490202e+04 
4.294400e-02 1.461522e+04 
4.415000e-02 1.435325e+04 
4.542900e-02 1.406465e+04 
4.660900e-02 1.379171e+04 
4.782300e-02 1.348715e+04 
4.892900e-02 1.319780e+04 
5.031200e-02 1.281424e+04 
5.155900e-02 1.244623e+04 
5.238100e-02 1.219497e+04 
5.378200e-02 1.175492e+04 
5.513400e-02 1.131830e+04 
5.627600e-02 1.094567e+04 
5.735300e-02 1.059620e+04 
5.870100e-02 1.016643e+04 
5.988700e-02 9.800723e+03 
6.113500e-02 9.431603e+03 
6.225900e-02 9.115962e+03 
6.340100e-02 8.814118e+03 
6.480200e-02 8.470059e+03 
6.601100e-02 8.199505e+03 
6.725500e-02 7.946021e+03 
6.829100e-02 7.755901e+03 
6.958600e-02 7.539584e+03 
7.071100e-02 7.372354e+03 
7.192300e-02 7.210637e+03 
7.307400e-02 7.073190e+03 
7.412300e-02 6.959988e+03 
7.550400e-02 6.827318e+03 
7.663100e-02 6.728933e+03 
7.791200e-02 6.628021e+03 
7.912700e-02 6.539264e+03 
8.027600e-02 6.459211e+03 
8.138400e-02 6.384188e+03 
8.272200e-02 6.294753e+03 
8.406100e-02 6.204844e+03 
8.534100e-02 6.115824e+03 
8.653800e-02 6.028646e+03 
8.759800e-02 5.949040e+03 
8.900300e-02 5.839011e+03 
9.009000e-02 5.749543e+03 
9.113300e-02 5.659512e+03 
9.239600e-02 5.548077e+03 
9.358000e-02 5.440061e+03 
9.496100e-02 5.309257e+03 
9.608400e-02 5.201839e+03 
9.727500e-02 5.087932e+03 
9.852600e-02 4.965877e+03 
9.973800e-02 4.849776e+03 
1.009000e-01 4.740576e+03 
1.020900e-01 4.631086e+03 
1.034000e-01 4.515049e+03 
1.046000e-01 4.412896e+03 
1.057200e-01 4.323261e+03 
1.069100e-01 4.232164e+03 
1.082500e-01 4.137373e+03 
1.093900e-01 4.062691e+03 
1.105400e-01 3.991431e+03 
1.116900e-01 3.927636e+03 
1.129600e-01 3.861046e+03 
1.142000e-01 3.802941e+03 
1.153300e-01 3.753318e+03 
1.166400e-01 3.700342e+03 
1.177800e-01 3.657755e+03 
1.190000e-01 3.614384e+03 
1.201200e-01 3.576958e+03 
1.213400e-01 3.537415e+03 
1.227100e-01 3.494284e+03 
1.238900e-01 3.457797e+03 
1.250700e-01 3.421125e+03 
1.263200e-01 3.382435e+03 
1.275500e-01 3.343579e+03 
1.287500e-01 3.305365e+03 
1.299900e-01 3.264915e+03 
1.311300e-01 3.227222e+03 
1.323500e-01 3.185763e+03 
1.335900e-01 3.143208e+03 
1.347100e-01 3.103791e+03 
1.359800e-01 3.059067e+03 
1.372100e-01 3.014720e+03 
1.384300e-01 2.971073e+03 
1.395700e-01 2.929619e+03 
1.407700e-01 2.886788e+03 
1.420300e-01 2.841473e+03 
1.432800e-01 2.797547e+03 
1.444500e-01 2.756853e+03 
1.456300e-01 2.716681e+03 
1.468900e-01 2.675238e+03 
1.480500e-01 2.638053e+03 
1.491700e-01 2.603454e+03 
1.503800e-01 2.567574e+03 
1.516400e-01 2.531361e+03 
1.528200e-01 2.499734e+03 
1.540200e-01 2.468203e+03 
1.551900e-01 2.439710e+03 
1.564300e-01 2.410497e+03 
1.576600e-01 2.382914e+03 
1.588700e-01 2.357294e+03 
1.600900e-01 2.332013e+03 
1.612700e-01 2.309259e+03 
1.625400e-01 2.285222e+03 
1.637600e-01 2.262916e+03 
1.649500e-01 2.241755e+03 
1.662200e-01 2.219564e+03 
1.674000e-01 2.199221e+03 
1.685000e-01 2.180571e+03 
1.697500e-01 2.159376e+03 
1.710300e-01 2.137705e+03 
1.722200e-01 2.117912e+03 
1.734400e-01 2.096944e+03 
1.746400e-01 2.076630e+03 
1.758700e-01 2.055816e+03 
1.770900e-01 2.034820e+03 
1.782700e-01 2.014852e+03 
1.794600e-01 1.994537e+03 
1.807000e-01 1.973381e+03 
1.819100e-01 1.953086e+03 
1.830100e-01 1.934513e+03 
1.842200e-01 1.914336e+03 
1.855000e-01 1.893347e+03 
1.867000e-01 1.873857e+03 
1.879200e-01 1.854366e+03 
1.890900e-01 1.836000e+03 
1.902800e-01 1.817759e+03 
1.915200e-01 1.799056e+03 
1.926900e-01 1.781771e+03 
1.939000e-01 1.764445e+03 
1.951700e-01 1.746551e+03 
1.963100e-01 1.730852e+03 
1.975100e-01 1.714881e+03 
1.987800e-01 1.698242e+03 
2.000100e-01 1.682500e+03 
2.012500e-01 1.667156e+03 
2.023400e-01 1.653861e+03 
2.036100e-01 1.638660e+03 
2.048900e-01 1.623837e+03 
2.060400e-01 1.610714e+03 
2.072200e-01 1.597451e+03 
2.084200e-01 1.584338e+03 
2.096900e-01 1.570663e+03 
2.109200e-01 1.557613e+03 
2.121100e-01 1.545244e+03 
2.132700e-01 1.533356e+03 
2.145200e-01 1.520723e+03 
2.157200e-01 1.508811e+03 
2.168800e-01 1.497473e+03 
2.180700e-01 1.485997e+03 
2.193400e-01 1.473933e+03 
2.206000e-01 1.462161e+03 
2.217500e-01 1.451560e+03 
2.229500e-01 1.440643e+03 
2.241400e-01 1.430057e+03 
2.253500e-01 1.419436e+03 
2.264900e-01 1.409558e+03 
2.277100e-01 1.399195e+03 
2.289900e-01 1.388551e+03 
2.301500e-01 1.379030e+03 
2.313600e-01 1.369226e+03 
2.325600e-01 1.359829e+03 
2.337700e-01 1.350475e+03 
2.350000e-01 1.341086e+03 
2.362000e-01 1.332140e+03 
2.374100e-01 1.323346e+03 
2.386500e-01 1.314448e+03 
2.399100e-01 1.305521e+03 
2.410400e-01 1.297779e+03 
2.422500e-01 1.289607e+03 
2.435000e-01 1.281270e+03 
2.447300e-01 1.273192e+03 
2.458700e-01 1.265889e+03 
2.470600e-01 1.258354e+03 
2.483300e-01 1.250410e+03 
2.495600e-01 1.242829e+03 
2.507600e-01 1.235545e+03 
2.519600e-01 1.228346e+03 
2.532200e-01 1.220877e+03 
2.543700e-01 1.214113e+03 
2.555500e-01 1.207233e+03 
2.568000e-01 1.200029e+03 
2.580100e-01 1.193136e+03 
2.592400e-01 1.186136e+03 
2.604100e-01 1.179520e+03 
2.616100e-01 1.172810e+03 
2.628400e-01 1.166009e+03 
2.640600e-01 1.159239e+03 
2.652200e-01 1.152832e+03 
2.664300e-01 1.146222e+03 
2.676500e-01 1.139631e+03 
2.688400e-01 1.133187e+03 
2.700700e-01 1.126546e+03 
2.712400e-01 1.120297e+03 
2.724800e-01 1.113746e+03 
2.736700e-01 1.107464e+03 
2.748800e-01 1.101079e+03 
2.761000e-01 1.094710e+03 
2.773200e-01 1.088410e+03 
2.785400e-01 1.082147e+03 
2.797000e-01 1.076189e+03 
2.808900e-01 1.070141e+03 
2.821400e-01 1.063855e+03 
2.833900e-01 1.057634e+03 
2.845500e-01 1.051856e+03 
2.857800e-01 1.045792e+03 
2.870300e-01 1.039694e+03 
2.882100e-01 1.033998e+03 
2.893900e-01 1.028335e+03 
2.906300e-01 1.022432e+03 
2.918900e-01 1.016498e+03 
2.930500e-01 1.011090e+03 
2.942500e-01 1.005543e+03 
2.954200e-01 1.000165e+03 
2.966500e-01 9.945680e+02 
2.978900e-01 9.889828e+02 
2.990400e-01 9.838539e+02 
3.002700e-01 9.784149e+02 
3.015100e-01 9.729836e+02 
3.026800e-01 9.679091e+02 
3.038500e-01 9.628827e+02 
3.050300e-01 9.578612e+02 
3.062600e-01 9.526739e+02 
3.075000e-01 9.474960e+02 
3.087000e-01 9.425338e+02 
3.099100e-01 9.375781e+02 
3.111200e-01 9.326717e+02 
3.123100e-01 9.278952e+02 
3.135300e-01 9.230445e+02 
3.147300e-01 9.183184e+02 
3.159900e-01 9.134035e+02 
3.171800e-01 9.088086e+02 
3.183700e-01 9.042578e+02 
3.196300e-01 8.994846e+02 
3.208400e-01 8.949442e+02 
3.220300e-01 8.905198e+02 
3.232000e-01 8.862193e+02 
3.244300e-01 8.817435e+02 
3.256700e-01 8.772734e+02 
3.269200e-01 8.728094e+02 
3.280800e-01 8.687041e+02 
3.292500e-01 8.646106e+02 
3.304800e-01 8.603489e+02 
3.317100e-01 8.561261e+02 
3.328900e-01 8.521109e+02 
3.340700e-01 8.481305e+02 
3.353600e-01 8.438319e+02 
3.365300e-01 8.399732e+02 
3.377100e-01 8.361148e+02 
3.389200e-01 8.321925e+02 
3.401600e-01 8.282085e+02 
3.413700e-01 8.243652e+02 
3.425300e-01 8.207191e+02 
3.437700e-01 8.168549e+02 
3.449800e-01 8.131170e+02 
3.461800e-01 8.094417e+02 
3.473600e-01 8.058644e+02 
3.485800e-01 8.022129e+02 
3.498100e-01 7.985631e+02 
3.510200e-01 7.950032e+02 
3.522000e-01 7.915604e+02 
3.533900e-01 7.881170e+02 
3.546400e-01 7.845460e+02 
3.558400e-01 7.811477e+02 
3.570600e-01 7.777214e+02 
3.582700e-01 7.743515e+02 
3.595000e-01 7.709543e+02 
3.607100e-01 7.676493e+02 
3.618900e-01 7.644596e+02 
3.631200e-01 7.611618e+02 
3.643200e-01 7.579706e+02 
3.655500e-01 7.547263e+02 
3.667300e-01 7.516390e+02 
3.679500e-01 7.484855e+02 
3.691900e-01 7.453065e+02 
3.703600e-01 7.423309e+02 
3.715700e-01 7.392776e+02 
3.727700e-01 7.362736e+02 
3.739900e-01 7.332500e+02 
3.752000e-01 7.302866e+02 
3.763900e-01 7.273948e+02 
3.775800e-01 7.245254e+02 
3.788200e-01 7.215589e+02 
3.800300e-01 7.186870e+02 
3.812100e-01 7.159115e+02 
3.824200e-01 7.130897e+02 
3.836100e-01 7.103358e+02 
3.848600e-01 7.074655e+02 
3.860400e-01 7.047769e+02 
3.872400e-01 7.020632e+02 
3.884600e-01 6.993344e+02 
3.896500e-01 6.966964e+02 
3.908700e-01 6.940122e+02 
3.920600e-01 6.914138e+02 
3.933100e-01 6.887050e+02 
3.945300e-01 6.860815e+02 
3.957200e-01 6.835453e+02 
3.969300e-01 6.809865e+02 
3.981700e-01 6.783840e+02 
3.993500e-01 6.759258e+02 
4.094840e-01 6.555236e+02 
4.272360e-01 6.227216e+02 
4.454600e-01 5.922635e+02 
4.630560e-01 5.655095e+02 
4.804610e-01 5.412736e+02 
4.980690e-01 5.187188e+02 
5.159230e-01 4.976533e+02 
5.317440e-01 4.803382e+02 
5.489640e-01 4.628108e+02 
5.671990e-01 4.456212e+02 
5.838690e-01 4.310052e+02 
6.018840e-01 4.163012e+02 
6.202330e-01 4.023780e+02 
6.379250e-01 3.898503e+02 
6.545410e-01 3.788444e+02 
6.714560e-01 3.682929e+02 
6.892080e-01 3.579052e+02 
7.066010e-01 3.483175e+02 
7.240540e-01 3.392297e+02 
7.420450e-01 3.303958e+02 
7.593780e-01 3.223374e+02 
7.764720e-01 3.147818e+02 
7.942840e-01 3.072969e+02 
8.116170e-01 3.003528e+02 
8.288310e-01 2.937689e+02 
8.462240e-01 2.874020e+02 
8.631980e-01 2.814423e+02 
8.810700e-01 2.754213e+02 
8.989410e-01 2.696426e+02 
9.166330e-01 2.641381e+02 
9.345640e-01 2.587624e+02 
9.515980e-01 2.538327e+02 
9.688720e-01 2.489995e+02 
9.865640e-01 2.442080e+02 
1.031870e+00 2.326387e+02 
1.063490e+00 2.250583e+02 
1.097920e+00 2.172910e+02 
1.134370e+00 2.094729e+02 
1.167730e+00 2.027031e+02 
1.203830e+00 1.957310e+02 
1.240470e+00 1.890318e+02 
1.275790e+00 1.828596e+02 
1.309140e+00 1.773198e+02 
1.342970e+00 1.719076e+02 
1.378420e+00 1.665160e+02 
1.413200e+00 1.614520e+02 
1.448110e+00 1.565681e+02 
1.484090e+00 1.517725e+02 
1.518820e+00 1.473161e+02 
1.552880e+00 1.431357e+02 
1.588630e+00 1.389109e+02 
1.623230e+00 1.350007e+02 
1.657720e+00 1.312515e+02 
1.692450e+00 1.276442e+02 
1.726400e+00 1.242181e+02 
1.762200e+00 1.207421e+02 
1.797880e+00 1.174262e+02 
1.833270e+00 1.142479e+02 
1.869070e+00 1.111661e+02 
1.903200e+00 1.083331e+02 
1.937740e+00 1.055661e+02 
1.973190e+00 1.028236e+02 
2.007440e+00 1.002721e+02 
2.042160e+00 9.778233e+01 
2.077900e+00 9.529400e+01 
2.112390e+00 9.298964e+01 
2.146220e+00 9.078447e+01 
2.181600e+00 8.856683e+01 
2.216930e+00 8.642891e+01 
2.250760e+00 8.443917e+01 
2.286500e+00 8.240314e+01 
2.321770e+00 8.047134e+01 
2.355950e+00 7.866810e+01 
2.391280e+00 7.684701e+01 
2.426240e+00 7.510118e+01 
2.460670e+00 7.343522e+01 
2.495640e+00 7.179579e+01 
2.531080e+00 7.019295e+01 
2.566220e+00 6.864380e+01 
2.600830e+00 6.716579e+01 
2.635080e+00 6.575189e+01 
2.670340e+00 6.432632e+01 
2.705970e+00 6.293527e+01 
2.740040e+00 6.164746e+01 
2.774520e+00 6.037852e+01 
2.809730e+00 5.911927e+01 
2.844390e+00 5.791548e+01 
2.879960e+00 5.671381e+01 
2.914860e+00 5.556731e+01 
2.949410e+00 5.446425e+01 
2.984440e+00 5.337500e+01 
3.019760e+00 5.231089e+01 
3.054730e+00 5.128871e+01 
3.089030e+00 5.030495e+01 
3.124060e+00 4.932997e+01 
3.159560e+00 4.837169e+01 
3.194710e+00 4.744249e+01 
3.229010e+00 4.655904e+01 
3.263320e+00 4.570138e+01 
3.297930e+00 4.485869e+01 
3.332830e+00 4.402986e+01 
3.368040e+00 4.321467e+01 
3.403300e+00 4.241918e+01 
3.438450e+00 4.164521e+01 
3.473060e+00 4.090267e+01 
3.508440e+00 4.016549e+01 
3.543110e+00 3.946093e+01 
3.577470e+00 3.877498e+01 
3.613040e+00 3.808344e+01 
3.648120e+00 3.742018e+01 
3.682910e+00 3.677820e+01 
3.718050e+00 3.614464e+01 
3.753320e+00 3.552379e+01 
3.787980e+00 3.492756e+01 
3.822290e+00 3.435223e+01 
3.857020e+00 3.378484e+01 
3.891920e+00 3.322645e+01 
3.926650e+00 3.268072e+01 
3.961970e+00 3.213936e+01 
3.997360e+00 3.161112e+01 
4.031670e+00 3.111058e+01 
4.066330e+00 3.061544e+01 
4.101420e+00 3.012558e+01 
4.136200e+00 2.965230e+01 
4.170810e+00 2.919179e+01 
4.206250e+00 2.872971e+01 
4.241580e+00 2.827915e+01 
4.276300e+00 2.784615e+01 
4.310970e+00 2.742313e+01 
4.346120e+00 2.700358e+01 
4.380600e+00 2.660093e+01 
4.414730e+00 2.621067e+01 
4.450350e+00 2.581194e+01 
4.485320e+00 2.542877e+01 
4.519810e+00 2.505886e+01 
4.555430e+00 2.468483e+01 
4.590870e+00 2.432054e+01 
4.625480e+00 2.397226e+01 
4.659910e+00 2.363270e+01 
4.695230e+00 2.329165e+01 
4.729960e+00 2.296303e+01 
4.764450e+00 2.264324e+01 
4.799530e+00 2.232461e+01 
4.834910e+00 2.200958e+01 
4.869700e+00 2.170620e+01 
4.904370e+00 2.140973e+01 
4.939450e+00 2.111561e+01 
4.973940e+00 2.083224e+01 
5.008430e+00 2.055416e+01 
5.043810e+00 2.027461e+01 
5.078840e+00 2.000323e+01 
5.113500e+00 1.973969e+01 
5.148890e+00 1.947593e+01 
5.184210e+00 1.921759e+01 
5.219060e+00 1.896747e+01 
5.253660e+00 1.872402e+01 
5.288570e+00 1.848277e+01 
5.323420e+00 1.824647e+01 
5.358440e+00 1.801352e+01 
5.393590e+00 1.778384e+01 
5.428310e+00 1.756128e+01 
5.462800e+00 1.734419e+01 
5.497640e+00 1.712867e+01 
5.532670e+00 1.691611e+01 
5.567280e+00 1.670981e+01 
5.602000e+00 1.650634e+01 
5.637270e+00 1.630353e+01 
5.672410e+00 1.610497e+01 
5.707020e+00 1.591266e+01 
5.742040e+00 1.572176e+01 
5.777430e+00 1.553215e+01 
5.812210e+00 1.534887e+01 
5.846820e+00 1.516974e+01 
5.881610e+00 1.499265e+01 
5.916510e+00 1.481787e+01 
5.951600e+00 1.464538e+01 
5.986560e+00 1.447646e+01 
6.021830e+00 1.430877e+01 
6.056490e+00 1.414681e+01 
6.091160e+00 1.398752e+01 
6.125830e+00 1.383070e+01 
6.161090e+00 1.367381e+01 
6.195760e+00 1.352221e+01 
6.230420e+00 1.337296e+01 
6.265690e+00 1.322343e+01 
6.300950e+00 1.307675e+01 
6.335620e+00 1.293470e+01 
6.370880e+00 1.279241e+01 
6.405550e+00 1.265482e+01 
6.440220e+00 1.251935e+01 
6.475480e+00 1.238362e+01 
6.510150e+00 1.225226e+01 
6.544810e+00 1.212316e+01 
6.580080e+00 1.199370e+01 
6.614750e+00 1.186829e+01 
6.649410e+00 1.174500e+01 
6.684080e+00 1.162350e+01 
6.719340e+00 1.150169e+01 
6.754010e+00 1.138372e+01 
6.788680e+00 1.126765e+01 
6.823940e+00 1.115126e+01 
6.859800e+00 1.103458e+01 
6.894470e+00 1.092358e+01 
6.929140e+00 1.081419e+01 
6.963800e+00 1.070633e+01 
6.999070e+00 1.059810e+01 
7.033730e+00 1.049354e+01 
7.068400e+00 1.039035e+01 
7.103660e+00 1.028684e+01 
7.138330e+00 1.018651e+01 
7.173600e+00 1.008601e+01 
7.208260e+00 9.988567e+00 
7.243530e+00 9.890726e+00 
7.277600e+00 9.797599e+00 
7.312860e+00 9.702610e+00 
7.348120e+00 9.608878e+00 
7.382790e+00 9.517918e+00 
7.417460e+00 9.428302e+00 
7.452720e+00 9.338429e+00 
7.487390e+00 9.251198e+00 
7.522650e+00 9.163621e+00 
7.557320e+00 9.078793e+00 
7.591990e+00 8.995103e+00 
7.627250e+00 8.911065e+00 
7.662510e+00 8.828096e+00 
7.697180e+00 8.747709e+00 
7.731850e+00 8.668382e+00 
7.766510e+00 8.590057e+00 
7.801180e+00 8.512671e+00 
7.836440e+00 8.435059e+00 
7.871110e+00 8.359758e+00 
7.906380e+00 8.284091e+00 
7.941040e+00 8.210639e+00 
7.976310e+00 8.136884e+00 
8.011570e+00 8.064147e+00 
8.046240e+00 7.993487e+00 
8.080900e+00 7.923688e+00 
8.115570e+00 7.854746e+00 
8.150830e+00 7.785660e+00 
8.185500e+00 7.718533e+00 
8.220770e+00 7.651050e+00 
8.255430e+00 7.585513e+00 
8.290100e+00 7.520835e+00 
8.324770e+00 7.456918e+00 
8.359430e+00 7.393756e+00 
8.394700e+00 7.330224e+00 
8.429960e+00 7.267539e+00 
8.464630e+00 7.206701e+00 
8.499890e+00 7.145535e+00 
8.534560e+00 7.086077e+00 
8.569200e+00 7.027338e+00 
