# Parameters:
# omega_b = 0.023059, omega_m = 0.122205, n_s = 0.963386, h = 66.338583, w = -1.000000, sigma_8 = 0.838583
# z = 0.700000
#
# k[1/Mpc] # P(k):
8.694000e-04 1.376674e+04 
2.077466e-03 2.895191e+04 
3.285532e-03 4.035116e+04 
4.493598e-03 4.871144e+04 
5.701664e-03 5.454226e+04 
6.909730e-03 5.832780e+04 
8.117797e-03 6.056810e+04 
9.325863e-03 6.152121e+04 
1.053393e-02 6.143002e+04 
1.174199e-02 6.051351e+04 
1.295006e-02 5.891334e+04 
1.415813e-02 5.681675e+04 
1.536619e-02 5.438189e+04 
1.657426e-02 5.172679e+04 
1.778233e-02 4.900916e+04 
1.899039e-02 4.642059e+04 
2.019846e-02 4.391664e+04 
2.140652e-02 4.145936e+04 
2.261459e-02 3.910179e+04 
2.382266e-02 3.690573e+04 
2.503072e-02 3.489554e+04 
2.623879e-02 3.307396e+04 
2.744685e-02 3.143996e+04 
2.865492e-02 2.998459e+04 
2.986299e-02 2.869351e+04 
3.100100e-02 2.762047e+04 
3.220400e-02 2.661787e+04 
3.288100e-02 2.611059e+04 
3.424300e-02 2.519201e+04 
3.555100e-02 2.441535e+04 
3.686000e-02 2.372315e+04 
3.795000e-02 2.319595e+04 
3.929100e-02 2.259394e+04 
4.039800e-02 2.212075e+04 
4.164000e-02 2.160582e+04 
4.294400e-02 2.106279e+04 
4.415000e-02 2.056186e+04 
4.542900e-02 2.001078e+04 
4.660900e-02 1.949584e+04 
4.782300e-02 1.893770e+04 
4.892900e-02 1.842135e+04 
5.031200e-02 1.776013e+04 
5.155900e-02 1.715078e+04 
5.238100e-02 1.674687e+04 
5.378200e-02 1.605968e+04 
5.513400e-02 1.540201e+04 
5.627600e-02 1.485689e+04 
5.735300e-02 1.435664e+04 
5.870100e-02 1.375400e+04 
5.988700e-02 1.324989e+04 
6.113500e-02 1.274810e+04 
6.225900e-02 1.232389e+04 
6.340100e-02 1.192136e+04 
6.480200e-02 1.146497e+04 
6.601100e-02 1.110759e+04 
6.725500e-02 1.077316e+04 
6.829100e-02 1.052221e+04 
6.958600e-02 1.023620e+04 
7.071100e-02 1.001434e+04 
7.192300e-02 9.798901e+03 
7.307400e-02 9.614790e+03 
7.412300e-02 9.462195e+03 
7.550400e-02 9.281573e+03 
7.663100e-02 9.146260e+03 
7.791200e-02 9.004901e+03 
7.912700e-02 8.877760e+03 
8.027600e-02 8.760578e+03 
8.138400e-02 8.648453e+03 
8.272200e-02 8.511490e+03 
8.406100e-02 8.370364e+03 
8.534100e-02 8.227007e+03 
8.653800e-02 8.084356e+03 
8.759800e-02 7.953186e+03 
8.900300e-02 7.771121e+03 
9.009000e-02 7.623230e+03 
9.113300e-02 7.475642e+03 
9.239600e-02 7.294664e+03 
9.358000e-02 7.121934e+03 
9.496100e-02 6.918218e+03 
9.608400e-02 6.754741e+03 
9.727500e-02 6.584538e+03 
9.852600e-02 6.410491e+03 
9.973800e-02 6.248919e+03 
1.009000e-01 6.100176e+03 
1.020900e-01 5.958751e+03 
1.034000e-01 5.812121e+03 
1.046000e-01 5.686380e+03 
1.057200e-01 5.580795e+03 
1.069100e-01 5.474902e+03 
1.082500e-01 5.368472e+03 
1.093900e-01 5.286090e+03 
1.105400e-01 5.208359e+03 
1.116900e-01 5.139606e+03 
1.129600e-01 5.067790e+03 
1.142000e-01 5.004311e+03 
1.153300e-01 4.949030e+03 
1.166400e-01 4.888312e+03 
1.177800e-01 4.836762e+03 
1.190000e-01 4.782912e+03 
1.201200e-01 4.732241e+03 
1.213400e-01 4.677915e+03 
1.227100e-01 4.612683e+03 
1.238900e-01 4.556485e+03 
1.250700e-01 4.496895e+03 
1.263200e-01 4.433355e+03 
1.275500e-01 4.368096e+03 
1.287500e-01 4.304000e+03 
1.299900e-01 4.236280e+03 
1.311300e-01 4.174169e+03 
1.323500e-01 4.107276e+03 
1.335900e-01 4.040321e+03 
1.347100e-01 3.980448e+03 
1.359800e-01 3.914180e+03 
1.372100e-01 3.851650e+03 
1.384300e-01 3.791478e+03 
1.395700e-01 3.737472e+03 
1.407700e-01 3.682056e+03 
1.420300e-01 3.627257e+03 
1.432800e-01 3.574116e+03 
1.444500e-01 3.527733e+03 
1.456300e-01 3.481910e+03 
1.468900e-01 3.435734e+03 
1.480500e-01 3.394607e+03 
1.491700e-01 3.356380e+03 
1.503800e-01 3.316800e+03 
1.516400e-01 3.276628e+03 
1.528200e-01 3.240673e+03 
1.540200e-01 3.204806e+03 
1.551900e-01 3.170912e+03 
1.564300e-01 3.135773e+03 
1.576600e-01 3.101597e+03 
1.588700e-01 3.068621e+03 
1.600900e-01 3.035975e+03 
1.612700e-01 3.004601e+03 
1.625400e-01 2.971463e+03 
1.637600e-01 2.939835e+03 
1.649500e-01 2.909313e+03 
1.662200e-01 2.877225e+03 
1.674000e-01 2.847332e+03 
1.685000e-01 2.819935e+03 
1.697500e-01 2.788978e+03 
1.710300e-01 2.757504e+03 
1.722200e-01 2.728768e+03 
1.734400e-01 2.699250e+03 
1.746400e-01 2.670697e+03 
1.758700e-01 2.641835e+03 
1.770900e-01 2.613496e+03 
1.782700e-01 2.586551e+03 
1.794600e-01 2.559795e+03 
1.807000e-01 2.532364e+03 
1.819100e-01 2.506051e+03 
1.830100e-01 2.482659e+03 
1.842200e-01 2.457359e+03 
1.855000e-01 2.431062e+03 
1.867000e-01 2.407181e+03 
1.879200e-01 2.383294e+03 
1.890900e-01 2.360823e+03 
1.902800e-01 2.338708e+03 
1.915200e-01 2.316029e+03 
1.926900e-01 2.295069e+03 
1.939000e-01 2.274068e+03 
1.951700e-01 2.252374e+03 
1.963100e-01 2.233294e+03 
1.975100e-01 2.213762e+03 
1.987800e-01 2.193410e+03 
2.000100e-01 2.174071e+03 
2.012500e-01 2.155029e+03 
2.023400e-01 2.138528e+03 
2.036100e-01 2.119594e+03 
2.048900e-01 2.100868e+03 
2.060400e-01 2.084288e+03 
2.072200e-01 2.067508e+03 
2.084200e-01 2.050633e+03 
2.096900e-01 2.033034e+03 
2.109200e-01 2.016238e+03 
2.121100e-01 2.000022e+03 
2.132700e-01 1.984420e+03 
2.145200e-01 1.967842e+03 
2.157200e-01 1.951980e+03 
2.168800e-01 1.936776e+03 
2.180700e-01 1.921388e+03 
2.193400e-01 1.905062e+03 
2.206000e-01 1.888853e+03 
2.217500e-01 1.874260e+03 
2.229500e-01 1.859232e+03 
2.241400e-01 1.844161e+03 
2.253500e-01 1.829032e+03 
2.264900e-01 1.814964e+03 
2.277100e-01 1.799904e+03 
2.289900e-01 1.784098e+03 
2.301500e-01 1.769966e+03 
2.313600e-01 1.755412e+03 
2.325600e-01 1.740792e+03 
2.337700e-01 1.726244e+03 
2.350000e-01 1.711650e+03 
2.362000e-01 1.697450e+03 
2.374100e-01 1.683142e+03 
2.386500e-01 1.668671e+03 
2.399100e-01 1.654163e+03 
2.410400e-01 1.641164e+03 
2.422500e-01 1.627397e+03 
2.435000e-01 1.613360e+03 
2.447300e-01 1.599721e+03 
2.458700e-01 1.587209e+03 
2.470600e-01 1.574307e+03 
2.483300e-01 1.560713e+03 
2.495600e-01 1.547770e+03 
2.507600e-01 1.535373e+03 
2.519600e-01 1.523127e+03 
2.532200e-01 1.510430e+03 
2.543700e-01 1.499135e+03 
2.555500e-01 1.487785e+03 
2.568000e-01 1.475906e+03 
2.580100e-01 1.464548e+03 
2.592400e-01 1.453382e+03 
2.604100e-01 1.442993e+03 
2.616100e-01 1.432459e+03 
2.628400e-01 1.421788e+03 
2.640600e-01 1.411591e+03 
2.652200e-01 1.402109e+03 
2.664300e-01 1.392329e+03 
2.676500e-01 1.382581e+03 
2.688400e-01 1.373384e+03 
2.700700e-01 1.364113e+03 
2.712400e-01 1.355391e+03 
2.724800e-01 1.346249e+03 
2.736700e-01 1.337700e+03 
2.748800e-01 1.329232e+03 
2.761000e-01 1.320787e+03 
2.773200e-01 1.312435e+03 
2.785400e-01 1.304231e+03 
2.797000e-01 1.296634e+03 
2.808900e-01 1.288921e+03 
2.821400e-01 1.280905e+03 
2.833900e-01 1.272982e+03 
2.845500e-01 1.265812e+03 
2.857800e-01 1.258288e+03 
2.870300e-01 1.250723e+03 
2.882100e-01 1.243655e+03 
2.893900e-01 1.236708e+03 
2.906300e-01 1.229508e+03 
2.918900e-01 1.222270e+03 
2.930500e-01 1.215673e+03 
2.942500e-01 1.208923e+03 
2.954200e-01 1.202429e+03 
2.966500e-01 1.195669e+03 
2.978900e-01 1.188924e+03 
2.990400e-01 1.182730e+03 
3.002700e-01 1.176188e+03 
3.015100e-01 1.169668e+03 
3.026800e-01 1.163576e+03 
3.038500e-01 1.157542e+03 
3.050300e-01 1.151514e+03 
3.062600e-01 1.145304e+03 
3.075000e-01 1.139107e+03 
3.087000e-01 1.133167e+03 
3.099100e-01 1.127235e+03 
3.111200e-01 1.121367e+03 
3.123100e-01 1.115663e+03 
3.135300e-01 1.109871e+03 
3.147300e-01 1.104227e+03 
3.159900e-01 1.098358e+03 
3.171800e-01 1.092877e+03 
3.183700e-01 1.087452e+03 
3.196300e-01 1.081762e+03 
3.208400e-01 1.076349e+03 
3.220300e-01 1.071075e+03 
3.232000e-01 1.065952e+03 
3.244300e-01 1.060622e+03 
3.256700e-01 1.055299e+03 
3.269200e-01 1.049983e+03 
3.280800e-01 1.045094e+03 
3.292500e-01 1.040224e+03 
3.304800e-01 1.035155e+03 
3.317100e-01 1.030132e+03 
3.328900e-01 1.025356e+03 
3.340700e-01 1.020621e+03 
3.353600e-01 1.015511e+03 
3.365300e-01 1.010925e+03 
3.377100e-01 1.006339e+03 
3.389200e-01 1.001677e+03 
3.401600e-01 9.969421e+02 
3.413700e-01 9.923746e+02 
3.425300e-01 9.880416e+02 
3.437700e-01 9.834494e+02 
3.449800e-01 9.790073e+02 
3.461800e-01 9.746394e+02 
3.473600e-01 9.703883e+02 
3.485800e-01 9.660491e+02 
3.498100e-01 9.617119e+02 
3.510200e-01 9.574815e+02 
3.522000e-01 9.533903e+02 
3.533900e-01 9.492983e+02 
3.546400e-01 9.450526e+02 
3.558400e-01 9.410121e+02 
3.570600e-01 9.369383e+02 
3.582700e-01 9.329314e+02 
3.595000e-01 9.288922e+02 
3.607100e-01 9.249612e+02 
3.618900e-01 9.211660e+02 
3.631200e-01 9.172423e+02 
3.643200e-01 9.134454e+02 
3.655500e-01 9.095854e+02 
3.667300e-01 9.059120e+02 
3.679500e-01 9.021566e+02 
3.691900e-01 8.983708e+02 
3.703600e-01 8.948271e+02 
3.715700e-01 8.911910e+02 
3.727700e-01 8.876135e+02 
3.739900e-01 8.840111e+02 
3.752000e-01 8.804770e+02 
3.763900e-01 8.770285e+02 
3.775800e-01 8.736066e+02 
3.788200e-01 8.700689e+02 
3.800300e-01 8.666440e+02 
3.812100e-01 8.633313e+02 
3.824200e-01 8.599613e+02 
3.836100e-01 8.566725e+02 
3.848600e-01 8.532446e+02 
3.860400e-01 8.500336e+02 
3.872400e-01 8.467927e+02 
3.884600e-01 8.435321e+02 
3.896500e-01 8.403791e+02 
3.908700e-01 8.371710e+02 
3.920600e-01 8.340654e+02 
3.933100e-01 8.308279e+02 
3.945300e-01 8.276923e+02 
3.957200e-01 8.246549e+02 
3.969300e-01 8.215889e+02 
3.981700e-01 8.184704e+02 
3.993500e-01 8.155249e+02 
4.094840e-01 7.910668e+02 
4.272360e-01 7.516548e+02 
4.454600e-01 7.149965e+02 
4.630560e-01 6.827518e+02 
4.804610e-01 6.535539e+02 
4.980690e-01 6.263830e+02 
5.159230e-01 6.010428e+02 
5.317440e-01 5.802264e+02 
5.489640e-01 5.591814e+02 
5.671990e-01 5.385595e+02 
5.838690e-01 5.210358e+02 
6.018840e-01 5.034122e+02 
6.202330e-01 4.867021e+02 
6.379250e-01 4.716673e+02 
6.545410e-01 4.584357e+02 
6.714560e-01 4.457269e+02 
6.892080e-01 4.331968e+02 
7.066010e-01 4.215881e+02 
7.240540e-01 4.105604e+02 
7.420450e-01 3.998008e+02 
7.593780e-01 3.899550e+02 
7.764720e-01 3.806944e+02 
7.942840e-01 3.714878e+02 
8.116170e-01 3.629065e+02 
8.288310e-01 3.547453e+02 
8.462240e-01 3.468263e+02 
8.631980e-01 3.393872e+02 
8.810700e-01 3.318505e+02 
8.989410e-01 3.245956e+02 
9.166330e-01 3.176626e+02 
9.345640e-01 3.108710e+02 
9.515980e-01 3.046307e+02 
9.688720e-01 2.984964e+02 
9.865640e-01 2.924011e+02 
1.031870e+00 2.776547e+02 
1.063490e+00 2.679640e+02 
1.097920e+00 2.580148e+02 
1.134370e+00 2.480014e+02 
1.167730e+00 2.393205e+02 
1.203830e+00 2.303903e+02 
1.240470e+00 2.218134e+02 
1.275790e+00 2.139264e+02 
1.309140e+00 2.068581e+02 
1.342970e+00 1.999662e+02 
1.378420e+00 1.931152e+02 
1.413200e+00 1.866960e+02 
1.448110e+00 1.805219e+02 
1.484090e+00 1.744729e+02 
1.518820e+00 1.688728e+02 
1.552880e+00 1.636335e+02 
1.588630e+00 1.583579e+02 
1.623230e+00 1.534864e+02 
1.657720e+00 1.488307e+02 
1.692450e+00 1.443618e+02 
1.726400e+00 1.401341e+02 
1.762200e+00 1.358562e+02 
1.797880e+00 1.317897e+02 
1.833270e+00 1.279053e+02 
1.869070e+00 1.241482e+02 
1.903200e+00 1.207058e+02 
1.937740e+00 1.173539e+02 
1.973190e+00 1.140404e+02 
2.007440e+00 1.109679e+02 
2.042160e+00 1.079769e+02 
2.077900e+00 1.049977e+02 
2.112390e+00 1.022456e+02 
2.146220e+00 9.962172e+01 
2.181600e+00 9.698788e+01 
2.216930e+00 9.445670e+01 
2.250760e+00 9.210754e+01 
2.286500e+00 8.971013e+01 
2.321770e+00 8.744147e+01 
2.355950e+00 8.532797e+01 
2.391280e+00 8.319985e+01 
2.426240e+00 8.116547e+01 
2.460670e+00 7.922885e+01 
2.495640e+00 7.732704e+01 
2.531080e+00 7.547206e+01 
2.566220e+00 7.368490e+01 
2.600830e+00 7.198354e+01 
2.635080e+00 7.035888e+01 
2.670340e+00 6.872593e+01 
2.705970e+00 6.713573e+01 
2.740040e+00 6.566615e+01 
2.774520e+00 6.422096e+01 
2.809730e+00 6.279034e+01 
2.844390e+00 6.142534e+01 
2.879960e+00 6.006601e+01 
2.914860e+00 5.877201e+01 
2.949410e+00 5.752905e+01 
2.984440e+00 5.630450e+01 
3.019760e+00 5.511027e+01 
3.054730e+00 5.396474e+01 
3.089030e+00 5.286553e+01 
3.124060e+00 5.177763e+01 
3.159560e+00 5.071025e+01 
3.194710e+00 4.967766e+01 
3.229010e+00 4.869714e+01 
3.263320e+00 4.774740e+01 
3.297930e+00 4.681539e+01 
3.332830e+00 4.590043e+01 
3.368040e+00 4.500203e+01 
3.403300e+00 4.412654e+01 
3.438450e+00 4.327662e+01 
3.473060e+00 4.246202e+01 
3.508440e+00 4.165499e+01 
3.543110e+00 4.088434e+01 
3.577470e+00 4.013585e+01 
3.613040e+00 3.938196e+01 
3.648120e+00 3.866011e+01 
3.682910e+00 3.796226e+01 
3.718050e+00 3.727479e+01 
3.753320e+00 3.660190e+01 
3.787980e+00 3.595666e+01 
3.822290e+00 3.533473e+01 
3.857020e+00 3.472228e+01 
3.891920e+00 3.412024e+01 
3.926650e+00 3.353283e+01 
3.961970e+00 3.295065e+01 
3.997360e+00 3.238345e+01 
4.031670e+00 3.184640e+01 
4.066330e+00 3.131608e+01 
4.101420e+00 3.079167e+01 
4.136200e+00 3.028583e+01 
4.170810e+00 2.979384e+01 
4.206250e+00 2.930112e+01 
4.241580e+00 2.882104e+01 
4.276300e+00 2.836028e+01 
4.310970e+00 2.791057e+01 
4.346120e+00 2.746494e+01 
4.380600e+00 2.703782e+01 
4.414730e+00 2.662402e+01 
4.450350e+00 2.620191e+01 
4.485320e+00 2.579642e+01 
4.519810e+00 2.540552e+01 
4.555430e+00 2.501060e+01 
4.590870e+00 2.462625e+01 
4.625480e+00 2.425922e+01 
4.659910e+00 2.390152e+01 
4.695230e+00 2.354273e+01 
4.729960e+00 2.319722e+01 
4.764450e+00 2.286126e+01 
4.799530e+00 2.252688e+01 
4.834910e+00 2.219639e+01 
4.869700e+00 2.187854e+01 
4.904370e+00 2.156807e+01 
4.939450e+00 2.126025e+01 
4.973940e+00 2.096401e+01 
5.008430e+00 2.067339e+01 
5.043810e+00 2.038154e+01 
5.078840e+00 2.009843e+01 
5.113500e+00 1.982357e+01 
5.148890e+00 1.954888e+01 
5.184210e+00 1.927991e+01 
5.219060e+00 1.901965e+01 
5.253660e+00 1.876655e+01 
5.288570e+00 1.851582e+01 
5.323420e+00 1.827041e+01 
5.358440e+00 1.802865e+01 
5.393590e+00 1.779036e+01 
5.428310e+00 1.755968e+01 
5.462800e+00 1.733481e+01 
5.497640e+00 1.711161e+01 
5.532670e+00 1.689170e+01 
5.567280e+00 1.667837e+01 
5.602000e+00 1.646802e+01 
5.637270e+00 1.625855e+01 
5.672410e+00 1.605357e+01 
5.707020e+00 1.585509e+01 
5.742040e+00 1.565825e+01 
5.777430e+00 1.546281e+01 
5.812210e+00 1.527395e+01 
5.846820e+00 1.508952e+01 
5.881610e+00 1.490727e+01 
5.916510e+00 1.472744e+01 
5.951600e+00 1.455009e+01 
5.986560e+00 1.437649e+01 
6.021830e+00 1.420419e+01 
6.056490e+00 1.403791e+01 
6.091160e+00 1.387449e+01 
6.125830e+00 1.371365e+01 
6.161090e+00 1.355280e+01 
6.195760e+00 1.339746e+01 
6.230420e+00 1.324456e+01 
6.265690e+00 1.309141e+01 
6.300950e+00 1.294133e+01 
6.335620e+00 1.279602e+01 
6.370880e+00 1.265050e+01 
6.405550e+00 1.250990e+01 
6.440220e+00 1.237154e+01 
6.475480e+00 1.223294e+01 
6.510150e+00 1.209887e+01 
6.544810e+00 1.196717e+01 
6.580080e+00 1.183515e+01 
6.614750e+00 1.170728e+01 
6.649410e+00 1.158168e+01 
6.684080e+00 1.145793e+01 
6.719340e+00 1.133390e+01 
6.754010e+00 1.121383e+01 
6.788680e+00 1.109577e+01 
6.823940e+00 1.097742e+01 
6.859800e+00 1.085879e+01 
6.894470e+00 1.074604e+01 
6.929140e+00 1.063496e+01 
6.963800e+00 1.052545e+01 
6.999070e+00 1.041560e+01 
7.033730e+00 1.030957e+01 
7.068400e+00 1.020496e+01 
7.103660e+00 1.010003e+01 
7.138330e+00 9.998379e+00 
7.173600e+00 9.896617e+00 
7.208260e+00 9.797970e+00 
7.243530e+00 9.698941e+00 
7.277600e+00 9.604735e+00 
7.312860e+00 9.508694e+00 
7.348120e+00 9.413942e+00 
7.382790e+00 9.322009e+00 
7.417460e+00 9.231515e+00 
7.452720e+00 9.140810e+00 
7.487390e+00 9.052788e+00 
7.522650e+00 8.964434e+00 
7.557320e+00 8.878905e+00 
7.591990e+00 8.794551e+00 
7.627250e+00 8.709863e+00 
7.662510e+00 8.626267e+00 
7.697180e+00 8.545341e+00 
7.731850e+00 8.465517e+00 
7.766510e+00 8.386714e+00 
7.801180e+00 8.308871e+00 
7.836440e+00 8.230849e+00 
7.871110e+00 8.155184e+00 
7.906380e+00 8.079165e+00 
7.941040e+00 8.005383e+00 
7.976310e+00 7.931348e+00 
8.011570e+00 7.858393e+00 
8.046240e+00 7.787534e+00 
8.080900e+00 7.717548e+00 
8.115570e+00 7.648443e+00 
8.150830e+00 7.579239e+00 
8.185500e+00 7.512009e+00 
8.220770e+00 7.444433e+00 
8.255430e+00 7.378817e+00 
8.290100e+00 7.314141e+00 
8.324770e+00 7.250244e+00 
8.359430e+00 7.187111e+00 
8.394700e+00 7.123619e+00 
8.429960e+00 7.061004e+00 
8.464630e+00 7.000264e+00 
8.499890e+00 6.939205e+00 
8.534560e+00 6.879860e+00 
8.569200e+00 6.821242e+00 
