# Parameters:
# omega_b = 0.021894, omega_m = 0.140118, n_s = 1.001181, h = 61.377953, w = -1.000000, sigma_8 = 0.855906
# z = 0.700000
#
# k[1/Mpc] # P(k):
8.694000e-04 7.872517e+03 
2.077466e-03 1.735393e+04 
3.285532e-03 2.497464e+04 
4.493598e-03 3.096239e+04 
5.701664e-03 3.551600e+04 
6.909730e-03 3.883430e+04 
8.117797e-03 4.116250e+04 
9.325863e-03 4.262907e+04 
1.053393e-02 4.336971e+04 
1.174199e-02 4.351631e+04 
1.295006e-02 4.314914e+04 
1.415813e-02 4.238096e+04 
1.536619e-02 4.131180e+04 
1.657426e-02 4.001900e+04 
1.778233e-02 3.861874e+04 
1.899039e-02 3.723255e+04 
2.019846e-02 3.580447e+04 
2.140652e-02 3.431746e+04 
2.261459e-02 3.282500e+04 
2.382266e-02 3.138294e+04 
2.503072e-02 3.001908e+04 
2.623879e-02 2.874387e+04 
2.744685e-02 2.756039e+04 
2.865492e-02 2.647484e+04 
2.986299e-02 2.548430e+04 
3.100100e-02 2.463687e+04 
3.220400e-02 2.382459e+04 
3.288100e-02 2.340468e+04 
3.424300e-02 2.263110e+04 
3.555100e-02 2.196583e+04 
3.686000e-02 2.136657e+04 
3.795000e-02 2.090898e+04 
3.929100e-02 2.039031e+04 
4.039800e-02 1.998880e+04 
4.164000e-02 1.955957e+04 
4.294400e-02 1.912110e+04 
4.415000e-02 1.872514e+04 
4.542900e-02 1.830139e+04 
4.660900e-02 1.791130e+04 
4.782300e-02 1.749527e+04 
4.892900e-02 1.711209e+04 
5.031200e-02 1.662201e+04 
5.155900e-02 1.616802e+04 
5.238100e-02 1.586470e+04 
5.378200e-02 1.534304e+04 
5.513400e-02 1.483446e+04 
5.627600e-02 1.440447e+04 
5.735300e-02 1.400228e+04 
5.870100e-02 1.350678e+04 
5.988700e-02 1.308229e+04 
6.113500e-02 1.264943e+04 
6.225900e-02 1.227390e+04 
6.340100e-02 1.190858e+04 
6.480200e-02 1.148434e+04 
6.601100e-02 1.114162e+04 
6.725500e-02 1.081239e+04 
6.829100e-02 1.055830e+04 
6.958600e-02 1.026301e+04 
7.071100e-02 1.002830e+04 
7.192300e-02 9.796092e+03 
7.307400e-02 9.594482e+03 
7.412300e-02 9.425600e+03 
7.550400e-02 9.224399e+03 
7.663100e-02 9.073937e+03 
7.791200e-02 8.919105e+03 
7.912700e-02 8.784114e+03 
8.027600e-02 8.663982e+03 
8.138400e-02 8.553144e+03 
8.272200e-02 8.423768e+03 
8.406100e-02 8.296661e+03 
8.534100e-02 8.173860e+03 
8.653800e-02 8.055643e+03 
8.759800e-02 7.948719e+03 
8.900300e-02 7.802295e+03 
9.009000e-02 7.684132e+03 
9.113300e-02 7.565958e+03 
9.239600e-02 7.420336e+03 
9.358000e-02 7.280002e+03 
9.496100e-02 7.111533e+03 
9.608400e-02 6.974132e+03 
9.727500e-02 6.829166e+03 
9.852600e-02 6.676050e+03 
9.973800e-02 6.531249e+03 
1.009000e-01 6.395719e+03 
1.020900e-01 6.261363e+03 
1.034000e-01 6.119267e+03 
1.046000e-01 5.994479e+03 
1.057200e-01 5.884883e+03 
1.069100e-01 5.773195e+03 
1.082500e-01 5.655958e+03 
1.093900e-01 5.562378e+03 
1.105400e-01 5.472347e+03 
1.116900e-01 5.389480e+03 
1.129600e-01 5.302031e+03 
1.142000e-01 5.223055e+03 
1.153300e-01 5.154424e+03 
1.166400e-01 5.079253e+03 
1.177800e-01 5.017192e+03 
1.190000e-01 4.953177e+03 
1.201200e-01 4.896715e+03 
1.213400e-01 4.836823e+03 
1.227100e-01 4.771107e+03 
1.238900e-01 4.715674e+03 
1.250700e-01 4.660603e+03 
1.263200e-01 4.603035e+03 
1.275500e-01 4.546393e+03 
1.287500e-01 4.491548e+03 
1.299900e-01 4.434812e+03 
1.311300e-01 4.382872e+03 
1.323500e-01 4.327087e+03 
1.335900e-01 4.270730e+03 
1.347100e-01 4.219682e+03 
1.359800e-01 4.162374e+03 
1.372100e-01 4.106756e+03 
1.384300e-01 4.052366e+03 
1.395700e-01 4.001566e+03 
1.407700e-01 3.949117e+03 
1.420300e-01 3.894310e+03 
1.432800e-01 3.841138e+03 
1.444500e-01 3.791985e+03 
1.456300e-01 3.743423e+03 
1.468900e-01 3.692915e+03 
1.480500e-01 3.647451e+03 
1.491700e-01 3.604724e+03 
1.503800e-01 3.559875e+03 
1.516400e-01 3.514338e+03 
1.528200e-01 3.473465e+03 
1.540200e-01 3.432701e+03 
1.551900e-01 3.394685e+03 
1.564300e-01 3.355402e+03 
1.576600e-01 3.317695e+03 
1.588700e-01 3.281908e+03 
1.600900e-01 3.246545e+03 
1.612700e-01 3.213766e+03 
1.625400e-01 3.179143e+03 
1.637600e-01 3.146780e+03 
1.649500e-01 3.115942e+03 
1.662200e-01 3.083642e+03 
1.674000e-01 3.054243e+03 
1.685000e-01 3.027293e+03 
1.697500e-01 2.997049e+03 
1.710300e-01 2.966502e+03 
1.722200e-01 2.938603e+03 
1.734400e-01 2.910027e+03 
1.746400e-01 2.882379e+03 
1.758700e-01 2.854354e+03 
1.770900e-01 2.826686e+03 
1.782700e-01 2.800370e+03 
1.794600e-01 2.774014e+03 
1.807000e-01 2.746839e+03 
1.819100e-01 2.720763e+03 
1.830100e-01 2.697207e+03 
1.842200e-01 2.671659e+03 
1.855000e-01 2.645080e+03 
1.867000e-01 2.620495e+03 
1.879200e-01 2.595900e+03 
1.890900e-01 2.572699e+03 
1.902800e-01 2.549549e+03 
1.915200e-01 2.525805e+03 
1.926900e-01 2.503794e+03 
1.939000e-01 2.481522e+03 
1.951700e-01 2.458514e+03 
1.963100e-01 2.438241e+03 
1.975100e-01 2.417392e+03 
1.987800e-01 2.395665e+03 
2.000100e-01 2.375018e+03 
2.012500e-01 2.354685e+03 
2.023400e-01 2.337065e+03 
2.036100e-01 2.316868e+03 
2.048900e-01 2.296979e+03 
2.060400e-01 2.279370e+03 
2.072200e-01 2.261558e+03 
2.084200e-01 2.243793e+03 
2.096900e-01 2.225263e+03 
2.109200e-01 2.207579e+03 
2.121100e-01 2.190675e+03 
2.132700e-01 2.174418e+03 
2.145200e-01 2.157142e+03 
2.157200e-01 2.140724e+03 
2.168800e-01 2.125035e+03 
2.180700e-01 2.109154e+03 
2.193400e-01 2.092349e+03 
2.206000e-01 2.075744e+03 
2.217500e-01 2.060791e+03 
2.229500e-01 2.045391e+03 
2.241400e-01 2.030034e+03 
2.253500e-01 2.014617e+03 
2.264900e-01 2.000279e+03 
2.277100e-01 1.984950e+03 
2.289900e-01 1.968886e+03 
2.301500e-01 1.954519e+03 
2.313600e-01 1.939721e+03 
2.325600e-01 1.924874e+03 
2.337700e-01 1.910095e+03 
2.350000e-01 1.895267e+03 
2.362000e-01 1.880836e+03 
2.374100e-01 1.866292e+03 
2.386500e-01 1.851578e+03 
2.399100e-01 1.836823e+03 
2.410400e-01 1.823583e+03 
2.422500e-01 1.809556e+03 
2.435000e-01 1.795249e+03 
2.447300e-01 1.781335e+03 
2.458700e-01 1.768536e+03 
2.470600e-01 1.755334e+03 
2.483300e-01 1.741420e+03 
2.495600e-01 1.728146e+03 
2.507600e-01 1.715397e+03 
2.519600e-01 1.702801e+03 
2.532200e-01 1.689737e+03 
2.543700e-01 1.678074e+03 
2.555500e-01 1.666324e+03 
2.568000e-01 1.654024e+03 
2.580100e-01 1.642260e+03 
2.592400e-01 1.630643e+03 
2.604100e-01 1.619809e+03 
2.616100e-01 1.608822e+03 
2.628400e-01 1.597691e+03 
2.640600e-01 1.587004e+03 
2.652200e-01 1.577045e+03 
2.664300e-01 1.566772e+03 
2.676500e-01 1.556531e+03 
2.688400e-01 1.546835e+03 
2.700700e-01 1.537038e+03 
2.712400e-01 1.527821e+03 
2.724800e-01 1.518159e+03 
2.736700e-01 1.509104e+03 
2.748800e-01 1.500112e+03 
2.761000e-01 1.491145e+03 
2.773200e-01 1.482275e+03 
2.785400e-01 1.473555e+03 
2.797000e-01 1.465465e+03 
2.808900e-01 1.457251e+03 
2.821400e-01 1.448714e+03 
2.833900e-01 1.440275e+03 
2.845500e-01 1.432625e+03 
2.857800e-01 1.424596e+03 
2.870300e-01 1.416524e+03 
2.882100e-01 1.408982e+03 
2.893900e-01 1.401565e+03 
2.906300e-01 1.393877e+03 
2.918900e-01 1.386147e+03 
2.930500e-01 1.379102e+03 
2.942500e-01 1.371892e+03 
2.954200e-01 1.364951e+03 
2.966500e-01 1.357725e+03 
2.978900e-01 1.350515e+03 
2.990400e-01 1.343894e+03 
3.002700e-01 1.336895e+03 
3.015100e-01 1.329917e+03 
3.026800e-01 1.323398e+03 
3.038500e-01 1.316940e+03 
3.050300e-01 1.310488e+03 
3.062600e-01 1.303837e+03 
3.075000e-01 1.297197e+03 
3.087000e-01 1.290834e+03 
3.099100e-01 1.284479e+03 
3.111200e-01 1.278189e+03 
3.123100e-01 1.272068e+03 
3.135300e-01 1.265851e+03 
3.147300e-01 1.259794e+03 
3.159900e-01 1.253494e+03 
3.171800e-01 1.247604e+03 
3.183700e-01 1.241770e+03 
3.196300e-01 1.235650e+03 
3.208400e-01 1.229829e+03 
3.220300e-01 1.224156e+03 
3.232000e-01 1.218639e+03 
3.244300e-01 1.212895e+03 
3.256700e-01 1.207159e+03 
3.269200e-01 1.201430e+03 
3.280800e-01 1.196162e+03 
3.292500e-01 1.190905e+03 
3.304800e-01 1.185432e+03 
3.317100e-01 1.180009e+03 
3.328900e-01 1.174852e+03 
3.340700e-01 1.169740e+03 
3.353600e-01 1.164214e+03 
3.365300e-01 1.159252e+03 
3.377100e-01 1.154290e+03 
3.389200e-01 1.149246e+03 
3.401600e-01 1.144122e+03 
3.413700e-01 1.139175e+03 
3.425300e-01 1.134480e+03 
3.437700e-01 1.129504e+03 
3.449800e-01 1.124690e+03 
3.461800e-01 1.119957e+03 
3.473600e-01 1.115348e+03 
3.485800e-01 1.110640e+03 
3.498100e-01 1.105935e+03 
3.510200e-01 1.101345e+03 
3.522000e-01 1.096906e+03 
3.533900e-01 1.092466e+03 
3.546400e-01 1.087855e+03 
3.558400e-01 1.083466e+03 
3.570600e-01 1.079040e+03 
3.582700e-01 1.074688e+03 
3.595000e-01 1.070300e+03 
3.607100e-01 1.066028e+03 
3.618900e-01 1.061903e+03 
3.631200e-01 1.057638e+03 
3.643200e-01 1.053511e+03 
3.655500e-01 1.049316e+03 
3.667300e-01 1.045323e+03 
3.679500e-01 1.041237e+03 
3.691900e-01 1.037118e+03 
3.703600e-01 1.033263e+03 
3.715700e-01 1.029307e+03 
3.727700e-01 1.025415e+03 
3.739900e-01 1.021496e+03 
3.752000e-01 1.017651e+03 
3.763900e-01 1.013900e+03 
3.775800e-01 1.010177e+03 
3.788200e-01 1.006328e+03 
3.800300e-01 1.002602e+03 
3.812100e-01 9.989975e+02 
3.824200e-01 9.953297e+02 
3.836100e-01 9.917501e+02 
3.848600e-01 9.880193e+02 
3.860400e-01 9.845246e+02 
3.872400e-01 9.809974e+02 
3.884600e-01 9.774476e+02 
3.896500e-01 9.740146e+02 
3.908700e-01 9.705216e+02 
3.920600e-01 9.671403e+02 
3.933100e-01 9.636154e+02 
3.945300e-01 9.602016e+02 
3.957200e-01 9.568931e+02 
3.969300e-01 9.535529e+02 
3.981700e-01 9.501557e+02 
3.993500e-01 9.469470e+02 
4.094840e-01 9.202931e+02 
4.272360e-01 8.772907e+02 
4.454600e-01 8.371864e+02 
4.630560e-01 8.018033e+02 
4.804610e-01 7.696572e+02 
4.980690e-01 7.396446e+02 
5.159230e-01 7.115701e+02 
5.317440e-01 6.884530e+02 
5.489640e-01 6.650327e+02 
5.671990e-01 6.420448e+02 
5.838690e-01 6.224842e+02 
6.018840e-01 6.027926e+02 
6.202330e-01 5.841032e+02 
6.379250e-01 5.672730e+02 
6.545410e-01 5.524475e+02 
6.714560e-01 5.381931e+02 
6.892080e-01 5.241260e+02 
7.066010e-01 5.110729e+02 
7.240540e-01 4.986514e+02 
7.420450e-01 4.865095e+02 
7.593780e-01 4.753752e+02 
7.764720e-01 4.648780e+02 
7.942840e-01 4.544151e+02 
8.116170e-01 4.446306e+02 
8.288310e-01 4.352962e+02 
8.462240e-01 4.262123e+02 
8.631980e-01 4.176516e+02 
8.810700e-01 4.089478e+02 
8.989410e-01 4.005403e+02 
9.166330e-01 3.924788e+02 
9.345640e-01 3.845519e+02 
9.515980e-01 3.772413e+02 
9.688720e-01 3.700317e+02 
9.865640e-01 3.628390e+02 
1.031870e+00 3.453486e+02 
1.063490e+00 3.337675e+02 
1.097920e+00 3.218157e+02 
1.134370e+00 3.097197e+02 
1.167730e+00 2.991822e+02 
1.203830e+00 2.882857e+02 
1.240470e+00 2.777806e+02 
1.275790e+00 2.680771e+02 
1.309140e+00 2.593558e+02 
1.342970e+00 2.508195e+02 
1.378420e+00 2.423149e+02 
1.413200e+00 2.343245e+02 
1.448110e+00 2.266193e+02 
1.484090e+00 2.190571e+02 
1.518820e+00 2.120414e+02 
1.552880e+00 2.054657e+02 
1.588630e+00 1.988356e+02 
1.623230e+00 1.927062e+02 
1.657720e+00 1.868407e+02 
1.692450e+00 1.812056e+02 
1.726400e+00 1.758677e+02 
1.762200e+00 1.704633e+02 
1.797880e+00 1.653215e+02 
1.833270e+00 1.604074e+02 
1.869070e+00 1.556514e+02 
1.903200e+00 1.512919e+02 
1.937740e+00 1.470455e+02 
1.973190e+00 1.428461e+02 
2.007440e+00 1.389518e+02 
2.042160e+00 1.351595e+02 
2.077900e+00 1.313822e+02 
2.112390e+00 1.278919e+02 
2.146220e+00 1.245646e+02 
2.181600e+00 1.212239e+02 
2.216930e+00 1.180139e+02 
2.250760e+00 1.150351e+02 
2.286500e+00 1.119952e+02 
2.321770e+00 1.091188e+02 
2.355950e+00 1.064396e+02 
2.391280e+00 1.037420e+02 
2.426240e+00 1.011641e+02 
2.460670e+00 9.871085e+01 
2.495640e+00 9.630234e+01 
2.531080e+00 9.395343e+01 
2.566220e+00 9.169138e+01 
2.600830e+00 8.953847e+01 
2.635080e+00 8.748294e+01 
2.670340e+00 8.541796e+01 
2.705970e+00 8.340789e+01 
2.740040e+00 8.155091e+01 
2.774520e+00 7.972513e+01 
2.809730e+00 7.791870e+01 
2.844390e+00 7.619578e+01 
2.879960e+00 7.448067e+01 
2.914860e+00 7.284891e+01 
2.949410e+00 7.128214e+01 
2.984440e+00 6.973938e+01 
3.019760e+00 6.823529e+01 
3.054730e+00 6.679295e+01 
3.089030e+00 6.541016e+01 
3.124060e+00 6.404197e+01 
3.159560e+00 6.270000e+01 
3.194710e+00 6.140269e+01 
3.229010e+00 6.017128e+01 
3.263320e+00 5.897915e+01 
3.297930e+00 5.780969e+01 
3.332830e+00 5.666230e+01 
3.368040e+00 5.553629e+01 
3.403300e+00 5.443950e+01 
3.438450e+00 5.337544e+01 
3.473060e+00 5.235589e+01 
3.508440e+00 5.134649e+01 
3.543110e+00 5.038288e+01 
3.577470e+00 4.944781e+01 
3.613040e+00 4.850627e+01 
3.648120e+00 4.760522e+01 
3.682910e+00 4.673444e+01 
3.718050e+00 4.587707e+01 
3.753320e+00 4.503831e+01 
3.787980e+00 4.423455e+01 
3.822290e+00 4.346010e+01 
3.857020e+00 4.269782e+01 
3.891920e+00 4.194881e+01 
3.926650e+00 4.121855e+01 
3.961970e+00 4.049502e+01 
3.997360e+00 3.979055e+01 
4.031670e+00 3.912369e+01 
4.066330e+00 3.846572e+01 
4.101420e+00 3.781516e+01 
4.136200e+00 3.718820e+01 
4.170810e+00 3.657847e+01 
4.206250e+00 3.596826e+01 
4.241580e+00 3.537382e+01 
4.276300e+00 3.480365e+01 
4.310970e+00 3.424736e+01 
4.346120e+00 3.369632e+01 
4.380600e+00 3.316849e+01 
4.414730e+00 3.265718e+01 
4.450350e+00 3.213611e+01 
4.485320e+00 3.163559e+01 
4.519810e+00 3.115338e+01 
4.555430e+00 3.066634e+01 
4.590870e+00 3.019249e+01 
4.625480e+00 2.974024e+01 
4.659910e+00 2.929951e+01 
4.695230e+00 2.885781e+01 
4.729960e+00 2.843253e+01 
4.764450e+00 2.801913e+01 
4.799530e+00 2.760788e+01 
4.834910e+00 2.720144e+01 
4.869700e+00 2.681084e+01 
4.904370e+00 2.642936e+01 
4.939450e+00 2.605125e+01 
4.973940e+00 2.568759e+01 
5.008430e+00 2.533083e+01 
5.043810e+00 2.497273e+01 
5.078840e+00 2.462545e+01 
5.113500e+00 2.428829e+01 
5.148890e+00 2.395155e+01 
5.184210e+00 2.362185e+01 
5.219060e+00 2.330288e+01 
5.253660e+00 2.299288e+01 
5.288570e+00 2.268578e+01 
5.323420e+00 2.238531e+01 
5.358440e+00 2.208943e+01 
5.393590e+00 2.179779e+01 
5.428310e+00 2.151558e+01 
5.462800e+00 2.124053e+01 
5.497640e+00 2.096754e+01 
5.532670e+00 2.069867e+01 
5.567280e+00 2.043788e+01 
5.602000e+00 2.018074e+01 
5.637270e+00 1.992479e+01 
5.672410e+00 1.967433e+01 
5.707020e+00 1.943183e+01 
5.742040e+00 1.919143e+01 
5.777430e+00 1.895276e+01 
5.812210e+00 1.872213e+01 
5.846820e+00 1.849699e+01 
5.881610e+00 1.827454e+01 
5.916510e+00 1.805501e+01 
5.951600e+00 1.783860e+01 
5.986560e+00 1.762679e+01 
6.021830e+00 1.741656e+01 
6.056490e+00 1.721370e+01 
6.091160e+00 1.701435e+01 
6.125830e+00 1.681812e+01 
6.161090e+00 1.662191e+01 
6.195760e+00 1.643248e+01 
6.230420e+00 1.624602e+01 
6.265690e+00 1.605924e+01 
6.300950e+00 1.587627e+01 
6.335620e+00 1.569910e+01 
6.370880e+00 1.552167e+01 
6.405550e+00 1.535024e+01 
6.440220e+00 1.518153e+01 
6.475480e+00 1.501252e+01 
6.510150e+00 1.484903e+01 
6.544810e+00 1.468848e+01 
6.580080e+00 1.452752e+01 
6.614750e+00 1.437161e+01 
6.649410e+00 1.421849e+01 
6.684080e+00 1.406762e+01 
6.719340e+00 1.391640e+01 
6.754010e+00 1.377000e+01 
6.788680e+00 1.362605e+01 
6.823940e+00 1.348173e+01 
6.859800e+00 1.333707e+01 
6.894470e+00 1.319956e+01 
6.929140e+00 1.306409e+01 
6.963800e+00 1.293054e+01 
6.999070e+00 1.279655e+01 
7.033730e+00 1.266720e+01 
7.068400e+00 1.253958e+01 
7.103660e+00 1.241156e+01 
7.138330e+00 1.228754e+01 
7.173600e+00 1.216337e+01 
7.208260e+00 1.204299e+01 
7.243530e+00 1.192215e+01 
7.277600e+00 1.180717e+01 
7.312860e+00 1.168994e+01 
7.348120e+00 1.157428e+01 
7.382790e+00 1.146205e+01 
7.417460e+00 1.135154e+01 
7.452720e+00 1.124076e+01 
7.487390e+00 1.113324e+01 
7.522650e+00 1.102532e+01 
7.557320e+00 1.092083e+01 
7.591990e+00 1.081776e+01 
7.627250e+00 1.071428e+01 
7.662510e+00 1.061213e+01 
7.697180e+00 1.051321e+01 
7.731850e+00 1.041562e+01 
7.766510e+00 1.031927e+01 
7.801180e+00 1.022409e+01 
7.836440e+00 1.012867e+01 
7.871110e+00 1.003612e+01 
7.906380e+00 9.943135e+00 
7.941040e+00 9.852881e+00 
7.976310e+00 9.762283e+00 
8.011570e+00 9.672967e+00 
8.046240e+00 9.586213e+00 
8.080900e+00 9.500527e+00 
8.115570e+00 9.415911e+00 
8.150830e+00 9.331151e+00 
8.185500e+00 9.248806e+00 
8.220770e+00 9.166034e+00 
8.255430e+00 9.085661e+00 
8.290100e+00 9.006374e+00 
8.324770e+00 8.928032e+00 
8.359430e+00 8.850625e+00 
8.394700e+00 8.772776e+00 
8.429960e+00 8.695982e+00 
8.464630e+00 8.621471e+00 
8.499890e+00 8.546566e+00 
8.534560e+00 8.473763e+00 
8.569200e+00 8.401850e+00 
