# Parameters:
# omega_b = 0.021799, omega_m = 0.154449, n_s = 0.912992, h = 63.976378, w = -1.000000, sigma_8 = 0.775591
# z = 0.700000
#
# k[1/Mpc] # P(k):
8.694000e-04 6.983495e+03 
2.077466e-03 1.439225e+04 
3.285532e-03 2.008087e+04 
4.493598e-03 2.444772e+04 
5.701664e-03 2.771995e+04 
6.909730e-03 3.007947e+04 
8.117797e-03 3.172238e+04 
9.325863e-03 3.275215e+04 
1.053393e-02 3.327194e+04 
1.174199e-02 3.337839e+04 
1.295006e-02 3.312987e+04 
1.415813e-02 3.260487e+04 
1.536619e-02 3.187028e+04 
1.657426e-02 3.097203e+04 
1.778233e-02 2.995352e+04 
1.899039e-02 2.886759e+04 
2.019846e-02 2.773655e+04 
2.140652e-02 2.659625e+04 
2.261459e-02 2.546673e+04 
2.382266e-02 2.437100e+04 
2.503072e-02 2.332601e+04 
2.623879e-02 2.233955e+04 
2.744685e-02 2.141310e+04 
2.865492e-02 2.055404e+04 
2.986299e-02 1.976172e+04 
3.100100e-02 1.907625e+04 
3.220400e-02 1.841295e+04 
3.288100e-02 1.806740e+04 
3.424300e-02 1.742779e+04 
3.555100e-02 1.687603e+04 
3.686000e-02 1.637941e+04 
3.795000e-02 1.600195e+04 
3.929100e-02 1.557875e+04 
4.039800e-02 1.525584e+04 
4.164000e-02 1.491566e+04 
4.294400e-02 1.457633e+04 
4.415000e-02 1.427451e+04 
4.542900e-02 1.395747e+04 
4.660900e-02 1.366840e+04 
4.782300e-02 1.336287e+04 
4.892900e-02 1.308185e+04 
5.031200e-02 1.272203e+04 
5.155900e-02 1.238690e+04 
5.238100e-02 1.216164e+04 
5.378200e-02 1.177153e+04 
5.513400e-02 1.138718e+04 
5.627600e-02 1.105903e+04 
5.735300e-02 1.074964e+04 
5.870100e-02 1.036536e+04 
5.988700e-02 1.003376e+04 
6.113500e-02 9.693538e+03 
6.225900e-02 9.396705e+03 
6.340100e-02 9.106734e+03 
6.480200e-02 8.768946e+03 
6.601100e-02 8.495151e+03 
6.725500e-02 8.231600e+03 
6.829100e-02 8.027791e+03 
6.958600e-02 7.790722e+03 
7.071100e-02 7.602035e+03 
7.192300e-02 7.415165e+03 
7.307400e-02 7.252754e+03 
7.412300e-02 7.116577e+03 
7.550400e-02 6.954166e+03 
7.663100e-02 6.832671e+03 
7.791200e-02 6.707722e+03 
7.912700e-02 6.599094e+03 
8.027600e-02 6.502899e+03 
8.138400e-02 6.414712e+03 
8.272200e-02 6.312778e+03 
8.406100e-02 6.213932e+03 
8.534100e-02 6.120163e+03 
8.653800e-02 6.031403e+03 
8.759800e-02 5.952013e+03 
8.900300e-02 5.844589e+03 
9.009000e-02 5.758834e+03 
9.113300e-02 5.673613e+03 
9.239600e-02 5.568896e+03 
9.358000e-02 5.468130e+03 
9.496100e-02 5.346783e+03 
9.608400e-02 5.247319e+03 
9.727500e-02 5.141926e+03 
9.852600e-02 5.028936e+03 
9.973800e-02 4.921141e+03 
1.009000e-01 4.819470e+03 
1.020900e-01 4.716499e+03 
1.034000e-01 4.606567e+03 
1.046000e-01 4.508942e+03 
1.057200e-01 4.421469e+03 
1.069100e-01 4.331777e+03 
1.082500e-01 4.236045e+03 
1.093900e-01 4.158895e+03 
1.105400e-01 4.084246e+03 
1.116900e-01 4.014850e+03 
1.129600e-01 3.941518e+03 
1.142000e-01 3.875202e+03 
1.153300e-01 3.817803e+03 
1.166400e-01 3.755276e+03 
1.177800e-01 3.704382e+03 
1.190000e-01 3.652237e+03 
1.201200e-01 3.607540e+03 
1.213400e-01 3.560366e+03 
1.227100e-01 3.510642e+03 
1.238900e-01 3.469089e+03 
1.250700e-01 3.429044e+03 
1.263200e-01 3.387555e+03 
1.275500e-01 3.347550e+03 
1.287500e-01 3.309016e+03 
1.299900e-01 3.269466e+03 
1.311300e-01 3.233171e+03 
1.323500e-01 3.194056e+03 
1.335900e-01 3.154183e+03 
1.347100e-01 3.117603e+03 
1.359800e-01 3.076104e+03 
1.372100e-01 3.034976e+03 
1.384300e-01 2.994358e+03 
1.395700e-01 2.955476e+03 
1.407700e-01 2.915217e+03 
1.420300e-01 2.871916e+03 
1.432800e-01 2.829924e+03 
1.444500e-01 2.790138e+03 
1.456300e-01 2.750854e+03 
1.468900e-01 2.709614e+03 
1.480500e-01 2.672396e+03 
1.491700e-01 2.637400e+03 
1.503800e-01 2.600635e+03 
1.516400e-01 2.563392e+03 
1.528200e-01 2.530247e+03 
1.540200e-01 2.497208e+03 
1.551900e-01 2.466876e+03 
1.564300e-01 2.435660e+03 
1.576600e-01 2.406022e+03 
1.588700e-01 2.378283e+03 
1.600900e-01 2.350914e+03 
1.612700e-01 2.326177e+03 
1.625400e-01 2.300051e+03 
1.637600e-01 2.275931e+03 
1.649500e-01 2.253124e+03 
1.662200e-01 2.229272e+03 
1.674000e-01 2.207762e+03 
1.685000e-01 2.188045e+03 
1.697500e-01 2.165916e+03 
1.710300e-01 2.143566e+03 
1.722200e-01 2.123155e+03 
1.734400e-01 2.102050e+03 
1.746400e-01 2.081625e+03 
1.758700e-01 2.060827e+03 
1.770900e-01 2.040101e+03 
1.782700e-01 2.020390e+03 
1.794600e-01 2.000461e+03 
1.807000e-01 1.979788e+03 
1.819100e-01 1.959954e+03 
1.830100e-01 1.941827e+03 
1.842200e-01 1.922135e+03 
1.855000e-01 1.901645e+03 
1.867000e-01 1.882505e+03 
1.879200e-01 1.863363e+03 
1.890900e-01 1.845292e+03 
1.902800e-01 1.827174e+03 
1.915200e-01 1.808597e+03 
1.926900e-01 1.791376e+03 
1.939000e-01 1.773939e+03 
1.951700e-01 1.755932e+03 
1.963100e-01 1.740080e+03 
1.975100e-01 1.723811e+03 
1.987800e-01 1.706862e+03 
2.000100e-01 1.690786e+03 
2.012500e-01 1.675019e+03 
2.023400e-01 1.661359e+03 
2.036100e-01 1.645730e+03 
2.048900e-01 1.630440e+03 
2.060400e-01 1.616904e+03 
2.072200e-01 1.603226e+03 
2.084200e-01 1.589706e+03 
2.096900e-01 1.575607e+03 
2.109200e-01 1.562153e+03 
2.121100e-01 1.549434e+03 
2.132700e-01 1.537212e+03 
2.145200e-01 1.524224e+03 
2.157200e-01 1.511991e+03 
2.168800e-01 1.500351e+03 
2.180700e-01 1.488571e+03 
2.193400e-01 1.476178e+03 
2.206000e-01 1.464066e+03 
2.217500e-01 1.453160e+03 
2.229500e-01 1.441928e+03 
2.241400e-01 1.430944e+03 
2.253500e-01 1.419923e+03 
2.264900e-01 1.409673e+03 
2.277100e-01 1.398841e+03 
2.289900e-01 1.387628e+03 
2.301500e-01 1.377598e+03 
2.313600e-01 1.367270e+03 
2.325600e-01 1.357164e+03 
2.337700e-01 1.347105e+03 
2.350000e-01 1.337010e+03 
2.362000e-01 1.327293e+03 
2.374100e-01 1.317626e+03 
2.386500e-01 1.307844e+03 
2.399100e-01 1.298033e+03 
2.410400e-01 1.289376e+03 
2.422500e-01 1.280220e+03 
2.435000e-01 1.270880e+03 
2.447300e-01 1.261812e+03 
2.458700e-01 1.253535e+03 
2.470600e-01 1.244997e+03 
2.483300e-01 1.235996e+03 
2.495600e-01 1.227403e+03 
2.507600e-01 1.219143e+03 
2.519600e-01 1.210980e+03 
2.532200e-01 1.202511e+03 
2.543700e-01 1.194890e+03 
2.555500e-01 1.187170e+03 
2.568000e-01 1.179088e+03 
2.580100e-01 1.171356e+03 
2.592400e-01 1.163600e+03 
2.604100e-01 1.156313e+03 
2.616100e-01 1.148923e+03 
2.628400e-01 1.141434e+03 
2.640600e-01 1.134097e+03 
2.652200e-01 1.127200e+03 
2.664300e-01 1.120085e+03 
2.676500e-01 1.112991e+03 
2.688400e-01 1.106149e+03 
2.700700e-01 1.099157e+03 
2.712400e-01 1.092577e+03 
2.724800e-01 1.085681e+03 
2.736700e-01 1.079129e+03 
2.748800e-01 1.072533e+03 
2.761000e-01 1.065954e+03 
2.773200e-01 1.059447e+03 
2.785400e-01 1.053007e+03 
2.797000e-01 1.046941e+03 
2.808900e-01 1.040783e+03 
2.821400e-01 1.034384e+03 
2.833900e-01 1.028053e+03 
2.845500e-01 1.022227e+03 
2.857800e-01 1.016112e+03 
2.870300e-01 1.009965e+03 
2.882100e-01 1.004222e+03 
2.893900e-01 9.985336e+02 
2.906300e-01 9.926163e+02 
2.918900e-01 9.866671e+02 
2.930500e-01 9.812459e+02 
2.942500e-01 9.756900e+02 
2.954200e-01 9.703167e+02 
2.966500e-01 9.647242e+02 
2.978900e-01 9.591439e+02 
2.990400e-01 9.540197e+02 
3.002700e-01 9.485903e+02 
3.015100e-01 9.431710e+02 
3.026800e-01 9.381078e+02 
3.038500e-01 9.330928e+02 
3.050300e-01 9.280829e+02 
3.062600e-01 9.229087e+02 
3.075000e-01 9.177442e+02 
3.087000e-01 9.127950e+02 
3.099100e-01 9.078524e+02 
3.111200e-01 9.029587e+02 
3.123100e-01 8.981942e+02 
3.135300e-01 8.933559e+02 
3.147300e-01 8.886419e+02 
3.159900e-01 8.837398e+02 
3.171800e-01 8.791564e+02 
3.183700e-01 8.746166e+02 
3.196300e-01 8.698551e+02 
3.208400e-01 8.653260e+02 
3.220300e-01 8.609127e+02 
3.232000e-01 8.566224e+02 
3.244300e-01 8.521571e+02 
3.256700e-01 8.476975e+02 
3.269200e-01 8.432442e+02 
3.280800e-01 8.391489e+02 
3.292500e-01 8.350651e+02 
3.304800e-01 8.308138e+02 
3.317100e-01 8.266012e+02 
3.328900e-01 8.225959e+02 
3.340700e-01 8.186255e+02 
3.353600e-01 8.143387e+02 
3.365300e-01 8.104911e+02 
3.377100e-01 8.066439e+02 
3.389200e-01 8.027330e+02 
3.401600e-01 7.987607e+02 
3.413700e-01 7.949303e+02 
3.425300e-01 7.912974e+02 
3.437700e-01 7.874473e+02 
3.449800e-01 7.837232e+02 
3.461800e-01 7.800614e+02 
3.473600e-01 7.764984e+02 
3.485800e-01 7.728636e+02 
3.498100e-01 7.692305e+02 
3.510200e-01 7.656870e+02 
3.522000e-01 7.622602e+02 
3.533900e-01 7.588328e+02 
3.546400e-01 7.552826e+02 
3.558400e-01 7.519044e+02 
3.570600e-01 7.484984e+02 
3.582700e-01 7.451485e+02 
3.595000e-01 7.417716e+02 
3.607100e-01 7.384887e+02 
3.618900e-01 7.353221e+02 
3.631200e-01 7.320482e+02 
3.643200e-01 7.288803e+02 
3.655500e-01 7.256597e+02 
3.667300e-01 7.225949e+02 
3.679500e-01 7.194697e+02 
3.691900e-01 7.163192e+02 
3.703600e-01 7.133702e+02 
3.715700e-01 7.103444e+02 
3.727700e-01 7.073674e+02 
3.739900e-01 7.043725e+02 
3.752000e-01 7.014398e+02 
3.763900e-01 6.985781e+02 
3.775800e-01 6.957384e+02 
3.788200e-01 6.928028e+02 
3.800300e-01 6.899607e+02 
3.812100e-01 6.872168e+02 
3.824200e-01 6.844289e+02 
3.836100e-01 6.817081e+02 
3.848600e-01 6.788723e+02 
3.860400e-01 6.762160e+02 
3.872400e-01 6.735349e+02 
3.884600e-01 6.708414e+02 
3.896500e-01 6.682383e+02 
3.908700e-01 6.655898e+02 
3.920600e-01 6.630258e+02 
3.933100e-01 6.603530e+02 
3.945300e-01 6.577643e+02 
3.957200e-01 6.552651e+02 
3.969300e-01 6.527447e+02 
3.981700e-01 6.501813e+02 
3.993500e-01 6.477600e+02 
4.094840e-01 6.276743e+02 
4.272360e-01 5.954292e+02 
4.454600e-01 5.655181e+02 
4.630560e-01 5.392582e+02 
4.804610e-01 5.154725e+02 
4.980690e-01 4.933488e+02 
5.159230e-01 4.727007e+02 
5.317440e-01 4.557504e+02 
5.489640e-01 4.386204e+02 
5.671990e-01 4.218594e+02 
5.838690e-01 4.076395e+02 
6.018840e-01 3.933692e+02 
6.202330e-01 3.799010e+02 
6.379250e-01 3.678055e+02 
6.545410e-01 3.572117e+02 
6.714560e-01 3.470740e+02 
6.892080e-01 3.371111e+02 
7.066010e-01 3.279337e+02 
7.240540e-01 3.192454e+02 
7.420450e-01 3.108095e+02 
7.593780e-01 3.031185e+02 
7.764720e-01 2.959104e+02 
7.942840e-01 2.887726e+02 
8.116170e-01 2.821515e+02 
8.288310e-01 2.758709e+02 
8.462240e-01 2.697945e+02 
8.631980e-01 2.641042e+02 
8.810700e-01 2.583516e+02 
8.989410e-01 2.528264e+02 
9.166330e-01 2.475590e+02 
9.345640e-01 2.424116e+02 
9.515980e-01 2.376867e+02 
9.688720e-01 2.330505e+02 
9.865640e-01 2.284498e+02 
1.031870e+00 2.173265e+02 
1.063490e+00 2.100286e+02 
1.097920e+00 2.025387e+02 
1.134370e+00 1.949967e+02 
1.167730e+00 1.884615e+02 
1.203830e+00 1.817264e+02 
1.240470e+00 1.752558e+02 
1.275790e+00 1.692930e+02 
1.309140e+00 1.639426e+02 
1.342970e+00 1.587190e+02 
1.378420e+00 1.535171e+02 
1.413200e+00 1.486342e+02 
1.448110e+00 1.439306e+02 
1.484090e+00 1.393154e+02 
1.518820e+00 1.350320e+02 
1.552880e+00 1.310170e+02 
1.588630e+00 1.269647e+02 
1.623230e+00 1.232185e+02 
1.657720e+00 1.196307e+02 
1.692450e+00 1.161821e+02 
1.726400e+00 1.129131e+02 
1.762200e+00 1.096013e+02 
1.797880e+00 1.064450e+02 
1.833270e+00 1.034241e+02 
1.869070e+00 1.004995e+02 
1.903200e+00 9.781458e+01 
1.937740e+00 9.519532e+01 
1.973190e+00 9.260385e+01 
2.007440e+00 9.019545e+01 
2.042160e+00 8.784866e+01 
2.077900e+00 8.550696e+01 
2.112390e+00 8.334040e+01 
2.146220e+00 8.127104e+01 
2.181600e+00 7.919268e+01 
2.216930e+00 7.719134e+01 
2.250760e+00 7.533171e+01 
2.286500e+00 7.343148e+01 
2.321770e+00 7.163011e+01 
2.355950e+00 6.995026e+01 
2.391280e+00 6.825757e+01 
2.426240e+00 6.663664e+01 
2.460670e+00 6.509162e+01 
2.495640e+00 6.357304e+01 
2.531080e+00 6.209032e+01 
2.566220e+00 6.065912e+01 
2.600830e+00 5.929512e+01 
2.635080e+00 5.799159e+01 
2.670340e+00 5.667980e+01 
2.705970e+00 5.540090e+01 
2.740040e+00 5.421802e+01 
2.774520e+00 5.305420e+01 
2.809730e+00 5.190058e+01 
2.844390e+00 5.079881e+01 
2.879960e+00 4.970030e+01 
2.914860e+00 4.865359e+01 
2.949410e+00 4.764747e+01 
2.984440e+00 4.665513e+01 
3.019760e+00 4.568662e+01 
3.054730e+00 4.475703e+01 
3.089030e+00 4.386388e+01 
3.124060e+00 4.297936e+01 
3.159560e+00 4.211080e+01 
3.194710e+00 4.126971e+01 
3.229010e+00 4.047063e+01 
3.263320e+00 3.969578e+01 
3.297930e+00 3.893501e+01 
3.332830e+00 3.818755e+01 
3.368040e+00 3.745314e+01 
3.403300e+00 3.673709e+01 
3.438450e+00 3.604118e+01 
3.473060e+00 3.537393e+01 
3.508440e+00 3.471229e+01 
3.543110e+00 3.408028e+01 
3.577470e+00 3.346584e+01 
3.613040e+00 3.284674e+01 
3.648120e+00 3.225349e+01 
3.682910e+00 3.167969e+01 
3.718050e+00 3.111399e+01 
3.753320e+00 3.056004e+01 
3.787980e+00 3.002852e+01 
3.822290e+00 2.951598e+01 
3.857020e+00 2.901094e+01 
3.891920e+00 2.851428e+01 
3.926650e+00 2.802937e+01 
3.961970e+00 2.754861e+01 
3.997360e+00 2.707992e+01 
4.031670e+00 2.663601e+01 
4.066330e+00 2.619737e+01 
4.101420e+00 2.576355e+01 
4.136200e+00 2.534485e+01 
4.170810e+00 2.493758e+01 
4.206250e+00 2.452937e+01 
4.241580e+00 2.413153e+01 
4.276300e+00 2.374949e+01 
4.310970e+00 2.337649e+01 
4.346120e+00 2.300675e+01 
4.380600e+00 2.265221e+01 
4.414730e+00 2.230869e+01 
4.450350e+00 2.195808e+01 
4.485320e+00 2.162125e+01 
4.519810e+00 2.129634e+01 
4.555430e+00 2.096800e+01 
4.590870e+00 2.064838e+01 
4.625480e+00 2.034302e+01 
4.659910e+00 2.004540e+01 
4.695230e+00 1.974675e+01 
4.729960e+00 1.945911e+01 
4.764450e+00 1.917935e+01 
4.799530e+00 1.890080e+01 
4.834910e+00 1.862548e+01 
4.869700e+00 1.836057e+01 
4.904370e+00 1.810177e+01 
4.939450e+00 1.784515e+01 
4.973940e+00 1.759811e+01 
5.008430e+00 1.735573e+01 
5.043810e+00 1.711224e+01 
5.078840e+00 1.687599e+01 
5.113500e+00 1.664662e+01 
5.148890e+00 1.641727e+01 
5.184210e+00 1.619270e+01 
5.219060e+00 1.597537e+01 
5.253660e+00 1.576399e+01 
5.288570e+00 1.555458e+01 
5.323420e+00 1.534958e+01 
5.358440e+00 1.514759e+01 
5.393590e+00 1.494850e+01 
5.428310e+00 1.475571e+01 
5.462800e+00 1.456774e+01 
5.497640e+00 1.438117e+01 
5.532670e+00 1.419731e+01 
5.567280e+00 1.401893e+01 
5.602000e+00 1.384305e+01 
5.637270e+00 1.366785e+01 
5.672410e+00 1.349640e+01 
5.707020e+00 1.333038e+01 
5.742040e+00 1.316570e+01 
5.777430e+00 1.300219e+01 
5.812210e+00 1.284418e+01 
5.846820e+00 1.268986e+01 
5.881610e+00 1.253736e+01 
5.916510e+00 1.238687e+01 
5.951600e+00 1.223846e+01 
5.986560e+00 1.209319e+01 
6.021830e+00 1.194900e+01 
6.056490e+00 1.180983e+01 
6.091160e+00 1.167302e+01 
6.125830e+00 1.153836e+01 
6.161090e+00 1.140371e+01 
6.195760e+00 1.127367e+01 
6.230420e+00 1.114568e+01 
6.265690e+00 1.101747e+01 
6.300950e+00 1.089183e+01 
6.335620e+00 1.077018e+01 
6.370880e+00 1.064834e+01 
6.405550e+00 1.053062e+01 
6.440220e+00 1.041476e+01 
6.475480e+00 1.029870e+01 
6.510150e+00 1.018643e+01 
6.544810e+00 1.007616e+01 
6.580080e+00 9.965608e+00 
6.614750e+00 9.858534e+00 
6.649410e+00 9.753367e+00 
6.684080e+00 9.649750e+00 
6.719340e+00 9.545894e+00 
6.754010e+00 9.445358e+00 
6.788680e+00 9.346511e+00 
6.823940e+00 9.247414e+00 
6.859800e+00 9.148085e+00 
6.894470e+00 9.053671e+00 
6.929140e+00 8.960663e+00 
6.963800e+00 8.868969e+00 
6.999070e+00 8.776984e+00 
7.033730e+00 8.688203e+00 
7.068400e+00 8.600607e+00 
7.103660e+00 8.512742e+00 
7.138330e+00 8.427630e+00 
7.173600e+00 8.342436e+00 
7.208260e+00 8.259846e+00 
7.243530e+00 8.176933e+00 
7.277600e+00 8.098067e+00 
7.312860e+00 8.017673e+00 
7.348120e+00 7.938354e+00 
7.382790e+00 7.861392e+00 
7.417460e+00 7.785630e+00 
7.452720e+00 7.709690e+00 
7.487390e+00 7.635992e+00 
7.522650e+00 7.562013e+00 
7.557320e+00 7.490423e+00 
7.591990e+00 7.419823e+00 
7.627250e+00 7.348941e+00 
7.662510e+00 7.278969e+00 
7.697180e+00 7.211236e+00 
7.731850e+00 7.144425e+00 
7.766510e+00 7.078466e+00 
7.801180e+00 7.013306e+00 
7.836440e+00 6.948010e+00 
7.871110e+00 6.884694e+00 
7.906380e+00 6.821078e+00 
7.941040e+00 6.759331e+00 
7.976310e+00 6.697371e+00 
8.011570e+00 6.636315e+00 
8.046240e+00 6.577010e+00 
8.080900e+00 6.518433e+00 
8.115570e+00 6.460596e+00 
8.150830e+00 6.402698e+00 
8.185500e+00 6.346448e+00 
8.220770e+00 6.289905e+00 
8.255430e+00 6.234999e+00 
8.290100e+00 6.180883e+00 
8.324770e+00 6.127417e+00 
8.359430e+00 6.074587e+00 
8.394700e+00 6.021453e+00 
8.429960e+00 5.969065e+00 
8.464630e+00 5.918258e+00 
8.499890e+00 5.867181e+00 
8.534560e+00 5.817536e+00 
8.569200e+00 5.768495e+00 
