# Parameters:
# omega_b = 0.021736, omega_m = 0.131850, n_s = 0.930315, h = 71.535433, w = -1.000000, sigma_8 = 0.740945
# z = 0.700000
#
# k[1/Mpc] # P(k):
8.694000e-04 8.919151e+03 
2.077466e-03 1.835818e+04 
3.285532e-03 2.540406e+04 
4.493598e-03 3.058622e+04 
5.701664e-03 3.425903e+04 
6.909730e-03 3.670844e+04 
8.117797e-03 3.822472e+04 
9.325863e-03 3.896121e+04 
1.053393e-02 3.906472e+04 
1.174199e-02 3.866883e+04 
1.295006e-02 3.785689e+04 
1.415813e-02 3.673740e+04 
1.536619e-02 3.540089e+04 
1.657426e-02 3.390994e+04 
1.778233e-02 3.232052e+04 
1.899039e-02 3.070102e+04 
2.019846e-02 2.908709e+04 
2.140652e-02 2.752266e+04 
2.261459e-02 2.602993e+04 
2.382266e-02 2.463136e+04 
2.503072e-02 2.334030e+04 
2.623879e-02 2.216012e+04 
2.744685e-02 2.109109e+04 
2.865492e-02 2.013086e+04 
2.986299e-02 1.927226e+04 
3.100100e-02 1.855342e+04 
3.220400e-02 1.787806e+04 
3.288100e-02 1.753521e+04 
3.424300e-02 1.691413e+04 
3.555100e-02 1.639044e+04 
3.686000e-02 1.592710e+04 
3.795000e-02 1.557771e+04 
3.929100e-02 1.518526e+04 
4.039800e-02 1.488172e+04 
4.164000e-02 1.455569e+04 
4.294400e-02 1.421725e+04 
4.415000e-02 1.390682e+04 
4.542900e-02 1.356600e+04 
4.660900e-02 1.324647e+04 
4.782300e-02 1.289676e+04 
4.892900e-02 1.256999e+04 
5.031200e-02 1.214591e+04 
5.155900e-02 1.174868e+04 
5.238100e-02 1.148214e+04 
5.378200e-02 1.102312e+04 
5.513400e-02 1.057705e+04 
5.627600e-02 1.020270e+04 
5.735300e-02 9.856028e+03 
5.870100e-02 9.434903e+03 
5.988700e-02 9.080336e+03 
6.113500e-02 8.725706e+03 
6.225900e-02 8.424891e+03 
6.340100e-02 8.139092e+03 
6.480200e-02 7.815122e+03 
6.601100e-02 7.561924e+03 
6.725500e-02 7.325769e+03 
6.829100e-02 7.149411e+03 
6.958600e-02 6.949320e+03 
7.071100e-02 6.795116e+03 
7.192300e-02 6.646291e+03 
7.307400e-02 6.519921e+03 
7.412300e-02 6.415784e+03 
7.550400e-02 6.293335e+03 
7.663100e-02 6.202042e+03 
7.791200e-02 6.107218e+03 
7.912700e-02 6.022241e+03 
8.027600e-02 5.944145e+03 
8.138400e-02 5.869599e+03 
8.272200e-02 5.778788e+03 
8.406100e-02 5.685518e+03 
8.534100e-02 5.591210e+03 
8.653800e-02 5.497744e+03 
8.759800e-02 5.412011e+03 
8.900300e-02 5.293287e+03 
9.009000e-02 5.197009e+03 
9.113300e-02 5.100881e+03 
9.239600e-02 4.982832e+03 
9.358000e-02 4.869821e+03 
9.496100e-02 4.735617e+03 
9.608400e-02 4.627183e+03 
9.727500e-02 4.513655e+03 
9.852600e-02 4.395636e+03 
9.973800e-02 4.285083e+03 
1.009000e-01 4.182491e+03 
1.020900e-01 4.082791e+03 
1.034000e-01 3.978465e+03 
1.046000e-01 3.887984e+03 
1.057200e-01 3.810482e+03 
1.069100e-01 3.732293e+03 
1.082500e-01 3.652419e+03 
1.093900e-01 3.590088e+03 
1.105400e-01 3.530969e+03 
1.116900e-01 3.478399e+03 
1.129600e-01 3.423524e+03 
1.142000e-01 3.375394e+03 
1.153300e-01 3.333914e+03 
1.166400e-01 3.289031e+03 
1.177800e-01 3.251955e+03 
1.190000e-01 3.213703e+03 
1.201200e-01 3.179151e+03 
1.213400e-01 3.142353e+03 
1.227100e-01 3.099982e+03 
1.238900e-01 3.063744e+03 
1.250700e-01 3.026114e+03 
1.263200e-01 2.986128e+03 
1.275500e-01 2.945358e+03 
1.287500e-01 2.905231e+03 
1.299900e-01 2.862710e+03 
1.311300e-01 2.823390e+03 
1.323500e-01 2.780578e+03 
1.335900e-01 2.737204e+03 
1.347100e-01 2.697747e+03 
1.359800e-01 2.653558e+03 
1.372100e-01 2.610843e+03 
1.384300e-01 2.569299e+03 
1.395700e-01 2.530960e+03 
1.407700e-01 2.491504e+03 
1.420300e-01 2.451156e+03 
1.432800e-01 2.412055e+03 
1.444500e-01 2.376918e+03 
1.456300e-01 2.342233e+03 
1.468900e-01 2.306941e+03 
1.480500e-01 2.275420e+03 
1.491700e-01 2.246173e+03 
1.503800e-01 2.215951e+03 
1.516400e-01 2.185409e+03 
1.528200e-01 2.158578e+03 
1.540200e-01 2.131826e+03 
1.551900e-01 2.107274e+03 
1.564300e-01 2.082005e+03 
1.576600e-01 2.057867e+03 
1.588700e-01 2.035101e+03 
1.600900e-01 2.012607e+03 
1.612700e-01 1.991754e+03 
1.625400e-01 1.969729e+03 
1.637600e-01 1.948994e+03 
1.649500e-01 1.929148e+03 
1.662200e-01 1.908298e+03 
1.674000e-01 1.888960e+03 
1.685000e-01 1.871234e+03 
1.697500e-01 1.851096e+03 
1.710300e-01 1.830513e+03 
1.722200e-01 1.811719e+03 
1.734400e-01 1.791995e+03 
1.746400e-01 1.772899e+03 
1.758700e-01 1.753439e+03 
1.770900e-01 1.734011e+03 
1.782700e-01 1.715540e+03 
1.794600e-01 1.696931e+03 
1.807000e-01 1.677676e+03 
1.819100e-01 1.659210e+03 
1.830100e-01 1.642530e+03 
1.842200e-01 1.624449e+03 
1.855000e-01 1.605655e+03 
1.867000e-01 1.588398e+03 
1.879200e-01 1.571144e+03 
1.890900e-01 1.554908e+03 
1.902800e-01 1.538882e+03 
1.915200e-01 1.522454e+03 
1.926900e-01 1.507288e+03 
1.939000e-01 1.492134e+03 
1.951700e-01 1.476485e+03 
1.963100e-01 1.462758e+03 
1.975100e-01 1.448794e+03 
1.987800e-01 1.434248e+03 
2.000100e-01 1.420474e+03 
2.012500e-01 1.407020e+03 
2.023400e-01 1.395364e+03 
2.036100e-01 1.382025e+03 
2.048900e-01 1.368958e+03 
2.060400e-01 1.357392e+03 
2.072200e-01 1.345698e+03 
2.084200e-01 1.334060e+03 
2.096900e-01 1.321924e+03 
2.109200e-01 1.310344e+03 
2.121100e-01 1.299280e+03 
2.132700e-01 1.288641e+03 
2.145200e-01 1.277338e+03 
2.157200e-01 1.266605e+03 
2.168800e-01 1.256353e+03 
2.180700e-01 1.245978e+03 
2.193400e-01 1.235027e+03 
2.206000e-01 1.224253e+03 
2.217500e-01 1.214554e+03 
2.229500e-01 1.204567e+03 
2.241400e-01 1.194723e+03 
2.253500e-01 1.184847e+03 
2.264900e-01 1.175662e+03 
2.277100e-01 1.165940e+03 
2.289900e-01 1.155854e+03 
2.301500e-01 1.146836e+03 
2.313600e-01 1.137551e+03 
2.325600e-01 1.128456e+03 
2.337700e-01 1.119404e+03 
2.350000e-01 1.110322e+03 
2.362000e-01 1.101587e+03 
2.374100e-01 1.092904e+03 
2.386500e-01 1.084120e+03 
2.399100e-01 1.075311e+03 
2.410400e-01 1.067561e+03 
2.422500e-01 1.059369e+03 
2.435000e-01 1.051014e+03 
2.447300e-01 1.042910e+03 
2.458700e-01 1.035542e+03 
2.470600e-01 1.027943e+03 
2.483300e-01 1.019933e+03 
2.495600e-01 1.012304e+03 
2.507600e-01 1.004993e+03 
2.519600e-01 9.977696e+02 
2.532200e-01 9.902770e+02 
2.543700e-01 9.835580e+02 
2.555500e-01 9.767685e+02 
2.568000e-01 9.696611e+02 
2.580100e-01 9.628630e+02 
2.592400e-01 9.560711e+02 
2.604100e-01 9.497011e+02 
2.616100e-01 9.432415e+02 
2.628400e-01 9.366966e+02 
2.640600e-01 9.303078e+02 
2.652200e-01 9.243120e+02 
2.664300e-01 9.181271e+02 
2.676500e-01 9.119614e+02 
2.688400e-01 9.060293e+02 
2.700700e-01 8.999755e+02 
2.712400e-01 8.942803e+02 
2.724800e-01 8.883107e+02 
2.736700e-01 8.826479e+02 
2.748800e-01 8.769552e+02 
2.761000e-01 8.712783e+02 
2.773200e-01 8.656635e+02 
2.785400e-01 8.601096e+02 
2.797000e-01 8.548842e+02 
2.808900e-01 8.495795e+02 
2.821400e-01 8.440671e+02 
2.833900e-01 8.386149e+02 
2.845500e-01 8.336007e+02 
2.857800e-01 8.283391e+02 
2.870300e-01 8.230494e+02 
2.882100e-01 8.181083e+02 
2.893900e-01 8.132151e+02 
2.906300e-01 8.081251e+02 
2.918900e-01 8.030080e+02 
2.930500e-01 7.983455e+02 
2.942500e-01 7.935680e+02 
2.954200e-01 7.889492e+02 
2.966500e-01 7.841424e+02 
2.978900e-01 7.793465e+02 
2.990400e-01 7.749429e+02 
3.002700e-01 7.702791e+02 
3.015100e-01 7.656251e+02 
3.026800e-01 7.612774e+02 
3.038500e-01 7.569713e+02 
3.050300e-01 7.526701e+02 
3.062600e-01 7.482308e+02 
3.075000e-01 7.438001e+02 
3.087000e-01 7.395545e+02 
3.099100e-01 7.353150e+02 
3.111200e-01 7.311196e+02 
3.123100e-01 7.270383e+02 
3.135300e-01 7.228941e+02 
3.147300e-01 7.188568e+02 
3.159900e-01 7.146586e+02 
3.171800e-01 7.107371e+02 
3.183700e-01 7.068553e+02 
3.196300e-01 7.027844e+02 
3.208400e-01 6.989125e+02 
3.220300e-01 6.951398e+02 
3.232000e-01 6.914764e+02 
3.244300e-01 6.876653e+02 
3.256700e-01 6.838594e+02 
3.269200e-01 6.800591e+02 
3.280800e-01 6.765645e+02 
3.292500e-01 6.730838e+02 
3.304800e-01 6.694616e+02 
3.317100e-01 6.658727e+02 
3.328900e-01 6.624606e+02 
3.340700e-01 6.590785e+02 
3.353600e-01 6.554310e+02 
3.365300e-01 6.521589e+02 
3.377100e-01 6.488873e+02 
3.389200e-01 6.455619e+02 
3.401600e-01 6.421844e+02 
3.413700e-01 6.389298e+02 
3.425300e-01 6.358448e+02 
3.437700e-01 6.325754e+02 
3.449800e-01 6.294132e+02 
3.461800e-01 6.263042e+02 
3.473600e-01 6.232799e+02 
3.485800e-01 6.201967e+02 
3.498100e-01 6.171152e+02 
3.510200e-01 6.141099e+02 
3.522000e-01 6.112036e+02 
3.533900e-01 6.082971e+02 
3.546400e-01 6.052892e+02 
3.558400e-01 6.024273e+02 
3.570600e-01 5.995420e+02 
3.582700e-01 5.967044e+02 
3.595000e-01 5.938440e+02 
3.607100e-01 5.910642e+02 
3.618900e-01 5.883836e+02 
3.631200e-01 5.856123e+02 
3.643200e-01 5.829308e+02 
3.655500e-01 5.802049e+02 
3.667300e-01 5.776110e+02 
3.679500e-01 5.749679e+02 
3.691900e-01 5.723035e+02 
3.703600e-01 5.698097e+02 
3.715700e-01 5.672510e+02 
3.727700e-01 5.647337e+02 
3.739900e-01 5.622015e+02 
3.752000e-01 5.597222e+02 
3.763900e-01 5.573029e+02 
3.775800e-01 5.549025e+02 
3.788200e-01 5.524210e+02 
3.800300e-01 5.500187e+02 
3.812100e-01 5.477001e+02 
3.824200e-01 5.453449e+02 
3.836100e-01 5.430465e+02 
3.848600e-01 5.406511e+02 
3.860400e-01 5.384073e+02 
3.872400e-01 5.361428e+02 
3.884600e-01 5.338683e+02 
3.896500e-01 5.316705e+02 
3.908700e-01 5.294344e+02 
3.920600e-01 5.272698e+02 
3.933100e-01 5.250133e+02 
3.945300e-01 5.228280e+02 
3.957200e-01 5.207198e+02 
3.969300e-01 5.185943e+02 
3.981700e-01 5.164325e+02 
3.993500e-01 5.143907e+02 
4.094840e-01 4.974624e+02 
4.272360e-01 4.703390e+02 
4.454600e-01 4.452628e+02 
4.630560e-01 4.233281e+02 
4.804610e-01 4.035279e+02 
4.980690e-01 3.851731e+02 
5.159230e-01 3.680874e+02 
5.317440e-01 3.540914e+02 
5.489640e-01 3.399693e+02 
5.671990e-01 3.261676e+02 
5.838690e-01 3.144695e+02 
6.018840e-01 3.027375e+02 
6.202330e-01 2.916755e+02 
6.379250e-01 2.817485e+02 
6.545410e-01 2.730630e+02 
6.714560e-01 2.647632e+02 
6.892080e-01 2.566167e+02 
7.066010e-01 2.491310e+02 
7.240540e-01 2.420605e+02 
7.420450e-01 2.352152e+02 
7.593780e-01 2.289935e+02 
7.764720e-01 2.231819e+02 
7.942840e-01 2.174480e+02 
8.116170e-01 2.121544e+02 
8.288310e-01 2.071544e+02 
8.462240e-01 2.023370e+02 
8.631980e-01 1.978460e+02 
8.810700e-01 1.933269e+02 
8.989410e-01 1.890066e+02 
9.166330e-01 1.849072e+02 
9.345640e-01 1.809214e+02 
9.515980e-01 1.772798e+02 
9.688720e-01 1.737224e+02 
9.865640e-01 1.702104e+02 
1.031870e+00 1.617729e+02 
1.063490e+00 1.562884e+02 
1.097920e+00 1.506966e+02 
1.134370e+00 1.450996e+02 
1.167730e+00 1.402781e+02 
1.203830e+00 1.353357e+02 
1.240470e+00 1.306063e+02 
1.275790e+00 1.262664e+02 
1.309140e+00 1.223822e+02 
1.342970e+00 1.186030e+02 
1.378420e+00 1.148454e+02 
1.413200e+00 1.113253e+02 
1.448110e+00 1.079400e+02 
1.484090e+00 1.046215e+02 
1.518820e+00 1.015434e+02 
1.552880e+00 9.866078e+01 
1.588630e+00 9.575068e+01 
1.623230e+00 9.306090e+01 
1.657720e+00 9.048478e+01 
1.692450e+00 8.800831e+01 
1.726400e+00 8.565954e+01 
1.762200e+00 8.327855e+01 
1.797880e+00 8.100781e+01 
1.833270e+00 7.883224e+01 
1.869070e+00 7.672469e+01 
1.903200e+00 7.478780e+01 
1.937740e+00 7.289624e+01 
1.973190e+00 7.102295e+01 
2.007440e+00 6.927940e+01 
2.042160e+00 6.757905e+01 
2.077900e+00 6.587947e+01 
2.112390e+00 6.430564e+01 
2.146220e+00 6.279931e+01 
2.181600e+00 6.128542e+01 
2.216930e+00 5.982506e+01 
2.250760e+00 5.846600e+01 
2.286500e+00 5.707532e+01 
2.321770e+00 5.575516e+01 
2.355950e+00 5.452261e+01 
2.391280e+00 5.327852e+01 
2.426240e+00 5.208505e+01 
2.460670e+00 5.094567e+01 
2.495640e+00 4.982423e+01 
2.531080e+00 4.872778e+01 
2.566220e+00 4.766720e+01 
2.600830e+00 4.665501e+01 
2.635080e+00 4.568664e+01 
2.670340e+00 4.470992e+01 
2.705970e+00 4.375628e+01 
2.740040e+00 4.287310e+01 
2.774520e+00 4.200300e+01 
2.809730e+00 4.113894e+01 
2.844390e+00 4.031254e+01 
2.879960e+00 3.948720e+01 
2.914860e+00 3.869934e+01 
2.949410e+00 3.794104e+01 
2.984440e+00 3.719178e+01 
3.019760e+00 3.645960e+01 
3.054730e+00 3.575610e+01 
3.089030e+00 3.507840e+01 
3.124060e+00 3.440657e+01 
3.159560e+00 3.374603e+01 
3.194710e+00 3.310507e+01 
3.229010e+00 3.249546e+01 
3.263320e+00 3.190327e+01 
3.297930e+00 3.132123e+01 
3.332830e+00 3.074842e+01 
3.368040e+00 3.018477e+01 
3.403300e+00 2.963451e+01 
3.438450e+00 2.909872e+01 
3.473060e+00 2.858455e+01 
3.508440e+00 2.807375e+01 
3.543110e+00 2.758544e+01 
3.577470e+00 2.710960e+01 
3.613040e+00 2.662977e+01 
3.648120e+00 2.616929e+01 
3.682910e+00 2.572344e+01 
3.718050e+00 2.528320e+01 
3.753320e+00 2.485159e+01 
3.787980e+00 2.443681e+01 
3.822290e+00 2.403644e+01 
3.857020e+00 2.364142e+01 
3.891920e+00 2.325251e+01 
3.926650e+00 2.287215e+01 
3.961970e+00 2.249472e+01 
3.997360e+00 2.212621e+01 
4.031670e+00 2.177695e+01 
4.066330e+00 2.143119e+01 
4.101420e+00 2.108909e+01 
4.136200e+00 2.075829e+01 
4.170810e+00 2.043641e+01 
4.206250e+00 2.011320e+01 
4.241580e+00 1.979800e+01 
4.276300e+00 1.949491e+01 
4.310970e+00 1.919871e+01 
4.346120e+00 1.890483e+01 
4.380600e+00 1.862265e+01 
4.414730e+00 1.834914e+01 
4.450350e+00 1.806943e+01 
4.485320e+00 1.780063e+01 
4.519810e+00 1.754099e+01 
4.555430e+00 1.727839e+01 
4.590870e+00 1.702257e+01 
4.625480e+00 1.677786e+01 
4.659910e+00 1.653929e+01 
4.695230e+00 1.629949e+01 
4.729960e+00 1.606842e+01 
4.764450e+00 1.584349e+01 
4.799530e+00 1.561928e+01 
4.834910e+00 1.539762e+01 
4.869700e+00 1.518400e+01 
4.904370e+00 1.497523e+01 
4.939450e+00 1.476808e+01 
4.973940e+00 1.456839e+01 
5.008430e+00 1.437244e+01 
5.043810e+00 1.417539e+01 
5.078840e+00 1.398405e+01 
5.113500e+00 1.379824e+01 
5.148890e+00 1.361219e+01 
5.184210e+00 1.342996e+01 
5.219060e+00 1.325352e+01 
5.253660e+00 1.308170e+01 
5.288570e+00 1.291145e+01 
5.323420e+00 1.274466e+01 
5.358440e+00 1.258017e+01 
5.393590e+00 1.241801e+01 
5.428310e+00 1.226083e+01 
5.462800e+00 1.210750e+01 
5.497640e+00 1.195529e+01 
5.532670e+00 1.180513e+01 
5.567280e+00 1.165939e+01 
5.602000e+00 1.151566e+01 
5.637270e+00 1.137235e+01 
5.672410e+00 1.123205e+01 
5.707020e+00 1.109618e+01 
5.742040e+00 1.096127e+01 
5.777430e+00 1.082727e+01 
5.812210e+00 1.069777e+01 
5.846820e+00 1.057117e+01 
5.881610e+00 1.044602e+01 
5.916510e+00 1.032251e+01 
5.951600e+00 1.020061e+01 
5.986560e+00 1.008124e+01 
6.021830e+00 9.962742e+00 
6.056490e+00 9.848303e+00 
6.091160e+00 9.735758e+00 
6.125830e+00 9.624967e+00 
6.161090e+00 9.514138e+00 
6.195760e+00 9.407040e+00 
6.230420e+00 9.301614e+00 
6.265690e+00 9.195998e+00 
6.300950e+00 9.092402e+00 
6.335620e+00 8.992089e+00 
6.370880e+00 8.891613e+00 
6.405550e+00 8.794483e+00 
6.440220e+00 8.698869e+00 
6.475480e+00 8.603076e+00 
6.510150e+00 8.510382e+00 
6.544810e+00 8.419293e+00 
6.580080e+00 8.327960e+00 
6.614750e+00 8.239493e+00 
6.649410e+00 8.152552e+00 
6.684080e+00 8.066876e+00 
6.719340e+00 7.980997e+00 
6.754010e+00 7.897845e+00 
6.788680e+00 7.816060e+00 
6.823940e+00 7.734063e+00 
6.859800e+00 7.651866e+00 
6.894470e+00 7.573704e+00 
6.929140e+00 7.496691e+00 
6.963800e+00 7.420762e+00 
6.999070e+00 7.344584e+00 
7.033730e+00 7.271032e+00 
7.068400e+00 7.198457e+00 
7.103660e+00 7.125654e+00 
7.138330e+00 7.055118e+00 
7.173600e+00 6.984489e+00 
7.208260e+00 6.916014e+00 
7.243530e+00 6.847267e+00 
7.277600e+00 6.781864e+00 
7.312860e+00 6.715181e+00 
7.348120e+00 6.649385e+00 
7.382790e+00 6.585541e+00 
7.417460e+00 6.522683e+00 
7.452720e+00 6.459670e+00 
7.487390e+00 6.398514e+00 
7.522650e+00 6.337120e+00 
7.557320e+00 6.277695e+00 
7.591990e+00 6.219086e+00 
7.627250e+00 6.160239e+00 
7.662510e+00 6.102143e+00 
7.697180e+00 6.045900e+00 
7.731850e+00 5.990419e+00 
7.766510e+00 5.935641e+00 
7.801180e+00 5.881525e+00 
7.836440e+00 5.827287e+00 
7.871110e+00 5.774687e+00 
7.906380e+00 5.721835e+00 
7.941040e+00 5.670533e+00 
7.976310e+00 5.619054e+00 
8.011570e+00 5.568326e+00 
8.046240e+00 5.519050e+00 
8.080900e+00 5.470377e+00 
8.115570e+00 5.422314e+00 
8.150830e+00 5.374192e+00 
8.185500e+00 5.327437e+00 
8.220770e+00 5.280436e+00 
8.255430e+00 5.234793e+00 
8.290100e+00 5.189814e+00 
8.324770e+00 5.145373e+00 
8.359430e+00 5.101458e+00 
8.394700e+00 5.057289e+00 
8.429960e+00 5.013736e+00 
8.464630e+00 4.971495e+00 
8.499890e+00 4.929027e+00 
8.534560e+00 4.887746e+00 
8.569200e+00 4.846967e+00 
