# Parameters:
# omega_b = 0.022492, omega_m = 0.129921, n_s = 0.936614, h = 81.220472, w = -1.000000, sigma_8 = 0.759843
# z = 0.700000
#
# k[1/Mpc] # P(k):
8.694000e-04 8.908320e+03 
2.077466e-03 1.837678e+04 
3.285532e-03 2.546356e+04 
4.493598e-03 3.067555e+04 
5.701664e-03 3.434713e+04 
6.909730e-03 3.677509e+04 
8.117797e-03 3.826108e+04 
9.325863e-03 3.896197e+04 
1.053393e-02 3.902449e+04 
1.174199e-02 3.858039e+04 
1.295006e-02 3.771530e+04 
1.415813e-02 3.654111e+04 
1.536619e-02 3.514862e+04 
1.657426e-02 3.359385e+04 
1.778233e-02 3.188486e+04 
1.899039e-02 3.006457e+04 
2.019846e-02 2.826719e+04 
2.140652e-02 2.659235e+04 
2.261459e-02 2.503432e+04 
2.382266e-02 2.359283e+04 
2.503072e-02 2.227510e+04 
2.623879e-02 2.108235e+04 
2.744685e-02 2.001448e+04 
2.865492e-02 1.906601e+04 
2.986299e-02 1.822788e+04 
3.100100e-02 1.753588e+04 
3.220400e-02 1.689494e+04 
3.288100e-02 1.657420e+04 
3.424300e-02 1.600118e+04 
3.555100e-02 1.552653e+04 
3.686000e-02 1.511390e+04 
3.795000e-02 1.480679e+04 
3.929100e-02 1.446550e+04 
4.039800e-02 1.420190e+04 
4.164000e-02 1.391736e+04 
4.294400e-02 1.361662e+04 
4.415000e-02 1.333591e+04 
4.542900e-02 1.301894e+04 
4.660900e-02 1.271581e+04 
4.782300e-02 1.237485e+04 
4.892900e-02 1.205130e+04 
5.031200e-02 1.162471e+04 
5.155900e-02 1.121991e+04 
5.238100e-02 1.094654e+04 
5.378200e-02 1.047379e+04 
5.513400e-02 1.001347e+04 
5.627600e-02 9.627732e+03 
5.735300e-02 9.271827e+03 
5.870100e-02 8.842116e+03 
5.988700e-02 8.483292e+03 
6.113500e-02 8.127829e+03 
6.225900e-02 7.829820e+03 
6.340100e-02 7.550258e+03 
6.480200e-02 7.237555e+03 
6.601100e-02 6.997804e+03 
6.725500e-02 6.778165e+03 
6.829100e-02 6.617601e+03 
6.958600e-02 6.438371e+03 
7.071100e-02 6.303315e+03 
7.192300e-02 6.175484e+03 
7.307400e-02 6.068983e+03 
7.412300e-02 5.982577e+03 
7.550400e-02 5.882484e+03 
7.663100e-02 5.808357e+03 
7.791200e-02 5.731246e+03 
7.912700e-02 5.661008e+03 
8.027600e-02 5.595089e+03 
8.138400e-02 5.530741e+03 
8.272200e-02 5.450132e+03 
8.406100e-02 5.364939e+03 
8.534100e-02 5.276230e+03 
8.653800e-02 5.186533e+03 
8.759800e-02 5.103360e+03 
8.900300e-02 4.987014e+03 
9.009000e-02 4.891938e+03 
9.113300e-02 4.796606e+03 
9.239600e-02 4.679310e+03 
9.358000e-02 4.566854e+03 
9.496100e-02 4.433280e+03 
9.608400e-02 4.325454e+03 
9.727500e-02 4.212683e+03 
9.852600e-02 4.095753e+03 
9.973800e-02 3.986516e+03 
1.009000e-01 3.885398e+03 
1.020900e-01 3.787814e+03 
1.034000e-01 3.686186e+03 
1.046000e-01 3.598544e+03 
1.057200e-01 3.524466e+03 
1.069100e-01 3.450160e+03 
1.082500e-01 3.375527e+03 
1.093900e-01 3.318186e+03 
1.105400e-01 3.264346e+03 
1.116900e-01 3.217779e+03 
1.129600e-01 3.169626e+03 
1.142000e-01 3.128535e+03 
1.153300e-01 3.093457e+03 
1.166400e-01 3.056050e+03 
1.177800e-01 3.025301e+03 
1.190000e-01 2.993658e+03 
1.201200e-01 2.964642e+03 
1.213400e-01 2.933670e+03 
1.227100e-01 2.896727e+03 
1.238900e-01 2.864812e+03 
1.250700e-01 2.830613e+03 
1.263200e-01 2.793847e+03 
1.275500e-01 2.755438e+03 
1.287500e-01 2.717213e+03 
1.299900e-01 2.676066e+03 
1.311300e-01 2.637748e+03 
1.323500e-01 2.595635e+03 
1.335900e-01 2.552852e+03 
1.347100e-01 2.513779e+03 
1.359800e-01 2.470040e+03 
1.372100e-01 2.427777e+03 
1.384300e-01 2.386765e+03 
1.395700e-01 2.349098e+03 
1.407700e-01 2.310389e+03 
1.420300e-01 2.271197e+03 
1.432800e-01 2.233234e+03 
1.444500e-01 2.199602e+03 
1.456300e-01 2.166412e+03 
1.468900e-01 2.133029e+03 
1.480500e-01 2.103334e+03 
1.491700e-01 2.075977e+03 
1.503800e-01 2.047962e+03 
1.516400e-01 2.019723e+03 
1.528200e-01 1.995233e+03 
1.540200e-01 1.970813e+03 
1.551900e-01 1.948628e+03 
1.564300e-01 1.925850e+03 
1.576600e-01 1.904159e+03 
1.588700e-01 1.883785e+03 
1.600900e-01 1.863652e+03 
1.612700e-01 1.844993e+03 
1.625400e-01 1.825282e+03 
1.637600e-01 1.806637e+03 
1.649500e-01 1.788740e+03 
1.662200e-01 1.769900e+03 
1.674000e-01 1.752222e+03 
1.685000e-01 1.736017e+03 
1.697500e-01 1.717462e+03 
1.710300e-01 1.698354e+03 
1.722200e-01 1.680907e+03 
1.734400e-01 1.662335e+03 
1.746400e-01 1.644345e+03 
1.758700e-01 1.625950e+03 
1.770900e-01 1.607459e+03 
1.782700e-01 1.589883e+03 
1.794600e-01 1.572115e+03 
1.807000e-01 1.553690e+03 
1.819100e-01 1.536024e+03 
1.830100e-01 1.520059e+03 
1.842200e-01 1.502754e+03 
1.855000e-01 1.484772e+03 
1.867000e-01 1.468320e+03 
1.879200e-01 1.451873e+03 
1.890900e-01 1.436416e+03 
1.902800e-01 1.421245e+03 
1.915200e-01 1.405695e+03 
1.926900e-01 1.391369e+03 
1.939000e-01 1.377144e+03 
1.951700e-01 1.362457e+03 
1.963100e-01 1.349601e+03 
1.975100e-01 1.336597e+03 
1.987800e-01 1.323051e+03 
2.000100e-01 1.310248e+03 
2.012500e-01 1.297792e+03 
2.023400e-01 1.287001e+03 
2.036100e-01 1.274659e+03 
2.048900e-01 1.262597e+03 
2.060400e-01 1.251920e+03 
2.072200e-01 1.241126e+03 
2.084200e-01 1.230386e+03 
2.096900e-01 1.219187e+03 
2.109200e-01 1.208501e+03 
2.121100e-01 1.198282e+03 
2.132700e-01 1.188456e+03 
2.145200e-01 1.178016e+03 
2.157200e-01 1.168103e+03 
2.168800e-01 1.158636e+03 
2.180700e-01 1.149055e+03 
2.193400e-01 1.138951e+03 
2.206000e-01 1.129031e+03 
2.217500e-01 1.120100e+03 
2.229500e-01 1.110905e+03 
2.241400e-01 1.101904e+03 
2.253500e-01 1.092873e+03 
2.264900e-01 1.084476e+03 
2.277100e-01 1.075636e+03 
2.289900e-01 1.066520e+03 
2.301500e-01 1.058368e+03 
2.313600e-01 1.049974e+03 
2.325600e-01 1.041875e+03 
2.337700e-01 1.033814e+03 
2.350000e-01 1.025725e+03 
2.362000e-01 1.018001e+03 
2.374100e-01 1.010388e+03 
2.386500e-01 1.002687e+03 
2.399100e-01 9.949625e+02 
2.410400e-01 9.882509e+02 
2.422500e-01 9.811666e+02 
2.435000e-01 9.739397e+02 
2.447300e-01 9.669408e+02 
2.458700e-01 9.606239e+02 
2.470600e-01 9.541067e+02 
2.483300e-01 9.472365e+02 
2.495600e-01 9.406959e+02 
2.507600e-01 9.344334e+02 
2.519600e-01 9.282446e+02 
2.532200e-01 9.218241e+02 
2.543700e-01 9.160436e+02 
2.555500e-01 9.101863e+02 
2.568000e-01 9.040540e+02 
2.580100e-01 8.981877e+02 
2.592400e-01 8.922754e+02 
2.604100e-01 8.867074e+02 
2.616100e-01 8.810605e+02 
2.628400e-01 8.753384e+02 
2.640600e-01 8.696877e+02 
2.652200e-01 8.643586e+02 
2.664300e-01 8.588608e+02 
2.676500e-01 8.533797e+02 
2.688400e-01 8.480518e+02 
2.700700e-01 8.425804e+02 
2.712400e-01 8.374328e+02 
2.724800e-01 8.320369e+02 
2.736700e-01 8.268810e+02 
2.748800e-01 8.216597e+02 
2.761000e-01 8.164527e+02 
2.773200e-01 8.113024e+02 
2.785400e-01 8.061900e+02 
2.797000e-01 8.013427e+02 
2.808900e-01 7.964215e+02 
2.821400e-01 7.913078e+02 
2.833900e-01 7.862481e+02 
2.845500e-01 7.815601e+02 
2.857800e-01 7.766409e+02 
2.870300e-01 7.716954e+02 
2.882100e-01 7.670758e+02 
2.893900e-01 7.624864e+02 
2.906300e-01 7.577046e+02 
2.918900e-01 7.528976e+02 
2.930500e-01 7.485174e+02 
2.942500e-01 7.440266e+02 
2.954200e-01 7.396762e+02 
2.966500e-01 7.351488e+02 
2.978900e-01 7.306317e+02 
2.990400e-01 7.264841e+02 
3.002700e-01 7.220880e+02 
3.015100e-01 7.176995e+02 
3.026800e-01 7.135998e+02 
3.038500e-01 7.095395e+02 
3.050300e-01 7.054837e+02 
3.062600e-01 7.012964e+02 
3.075000e-01 6.971172e+02 
3.087000e-01 6.931127e+02 
3.099100e-01 6.891140e+02 
3.111200e-01 6.851570e+02 
3.123100e-01 6.813081e+02 
3.135300e-01 6.773998e+02 
3.147300e-01 6.735925e+02 
3.159900e-01 6.696335e+02 
3.171800e-01 6.659360e+02 
3.183700e-01 6.622767e+02 
3.196300e-01 6.584390e+02 
3.208400e-01 6.547889e+02 
3.220300e-01 6.512324e+02 
3.232000e-01 6.477800e+02 
3.244300e-01 6.441888e+02 
3.256700e-01 6.406025e+02 
3.269200e-01 6.370215e+02 
3.280800e-01 6.337287e+02 
3.292500e-01 6.304497e+02 
3.304800e-01 6.270377e+02 
3.317100e-01 6.236571e+02 
3.328900e-01 6.204431e+02 
3.340700e-01 6.172573e+02 
3.353600e-01 6.138223e+02 
3.365300e-01 6.107411e+02 
3.377100e-01 6.076603e+02 
3.389200e-01 6.045289e+02 
3.401600e-01 6.013485e+02 
3.413700e-01 5.982840e+02 
3.425300e-01 5.953792e+02 
3.437700e-01 5.923010e+02 
3.449800e-01 5.893236e+02 
3.461800e-01 5.863964e+02 
3.473600e-01 5.835489e+02 
3.485800e-01 5.806459e+02 
3.498100e-01 5.777446e+02 
3.510200e-01 5.749149e+02 
3.522000e-01 5.721786e+02 
3.533900e-01 5.694420e+02 
3.546400e-01 5.666097e+02 
3.558400e-01 5.639150e+02 
3.570600e-01 5.611982e+02 
3.582700e-01 5.585263e+02 
3.595000e-01 5.558330e+02 
3.607100e-01 5.532153e+02 
3.618900e-01 5.506907e+02 
3.631200e-01 5.480807e+02 
3.643200e-01 5.455554e+02 
3.655500e-01 5.429882e+02 
3.667300e-01 5.405453e+02 
3.679500e-01 5.380555e+02 
3.691900e-01 5.355456e+02 
3.703600e-01 5.331965e+02 
3.715700e-01 5.307862e+02 
3.727700e-01 5.284150e+02 
3.739900e-01 5.260294e+02 
3.752000e-01 5.236932e+02 
3.763900e-01 5.214137e+02 
3.775800e-01 5.191519e+02 
3.788200e-01 5.168136e+02 
3.800300e-01 5.145501e+02 
3.812100e-01 5.123651e+02 
3.824200e-01 5.101454e+02 
3.836100e-01 5.079792e+02 
3.848600e-01 5.057216e+02 
3.860400e-01 5.036069e+02 
3.872400e-01 5.014726e+02 
3.884600e-01 4.993287e+02 
3.896500e-01 4.972569e+02 
3.908700e-01 4.951489e+02 
3.920600e-01 4.931084e+02 
3.933100e-01 4.909814e+02 
3.945300e-01 4.889213e+02 
3.957200e-01 4.869339e+02 
3.969300e-01 4.849301e+02 
3.981700e-01 4.828921e+02 
3.993500e-01 4.809672e+02 
4.094840e-01 4.650086e+02 
4.272360e-01 4.394446e+02 
4.454600e-01 4.158273e+02 
4.630560e-01 3.951882e+02 
4.804610e-01 3.765739e+02 
4.980690e-01 3.593313e+02 
5.159230e-01 3.432869e+02 
5.317440e-01 3.301454e+02 
5.489640e-01 3.168829e+02 
5.671990e-01 3.039147e+02 
5.838690e-01 2.929174e+02 
6.018840e-01 2.818811e+02 
6.202330e-01 2.714678e+02 
6.379250e-01 2.621191e+02 
6.545410e-01 2.539349e+02 
6.714560e-01 2.461138e+02 
6.892080e-01 2.384365e+02 
7.066010e-01 2.313841e+02 
7.240540e-01 2.247256e+02 
7.420450e-01 2.182839e+02 
7.593780e-01 2.124343e+02 
7.764720e-01 2.069760e+02 
7.942840e-01 2.015968e+02 
8.116170e-01 1.966389e+02 
8.288310e-01 1.919633e+02 
8.462240e-01 1.874656e+02 
8.631980e-01 1.832797e+02 
8.810700e-01 1.790750e+02 
8.989410e-01 1.750626e+02 
9.166330e-01 1.712625e+02 
9.345640e-01 1.675748e+02 
9.515980e-01 1.642118e+02 
9.688720e-01 1.609325e+02 
9.865640e-01 1.577015e+02 
1.031870e+00 1.499588e+02 
1.063490e+00 1.449436e+02 
1.097920e+00 1.398444e+02 
1.134370e+00 1.347507e+02 
1.167730e+00 1.303727e+02 
1.203830e+00 1.258933e+02 
1.240470e+00 1.216121e+02 
1.275790e+00 1.176888e+02 
1.309140e+00 1.141799e+02 
1.342970e+00 1.107683e+02 
1.378420e+00 1.073773e+02 
1.413200e+00 1.042017e+02 
1.448110e+00 1.011475e+02 
1.484090e+00 9.815338e+01 
1.518820e+00 9.537486e+01 
1.552880e+00 9.277238e+01 
1.588630e+00 9.014309e+01 
1.623230e+00 8.771171e+01 
1.657720e+00 8.538160e+01 
1.692450e+00 8.314050e+01 
1.726400e+00 8.101253e+01 
1.762200e+00 7.885346e+01 
1.797880e+00 7.679276e+01 
1.833270e+00 7.481622e+01 
1.869070e+00 7.289980e+01 
1.903200e+00 7.113671e+01 
1.937740e+00 6.941316e+01 
1.973190e+00 6.770439e+01 
2.007440e+00 6.611217e+01 
2.042160e+00 6.455801e+01 
2.077900e+00 6.300239e+01 
2.112390e+00 6.156077e+01 
2.146220e+00 6.017870e+01 
2.181600e+00 5.878862e+01 
2.216930e+00 5.744606e+01 
2.250760e+00 5.619502e+01 
2.286500e+00 5.491340e+01 
2.321770e+00 5.369563e+01 
2.355950e+00 5.255771e+01 
2.391280e+00 5.140732e+01 
2.426240e+00 5.030241e+01 
2.460670e+00 4.924642e+01 
2.495640e+00 4.820600e+01 
2.531080e+00 4.718767e+01 
2.566220e+00 4.620126e+01 
2.600830e+00 4.525893e+01 
2.635080e+00 4.435665e+01 
2.670340e+00 4.344506e+01 
2.705970e+00 4.255418e+01 
2.740040e+00 4.172841e+01 
2.774520e+00 4.091397e+01 
2.809730e+00 4.010422e+01 
2.844390e+00 3.932903e+01 
2.879960e+00 3.855395e+01 
2.914860e+00 3.781314e+01 
2.949410e+00 3.709952e+01 
2.984440e+00 3.639357e+01 
3.019760e+00 3.570310e+01 
3.054730e+00 3.503920e+01 
3.089030e+00 3.439856e+01 
3.124060e+00 3.376303e+01 
3.159560e+00 3.313765e+01 
3.194710e+00 3.252999e+01 
3.229010e+00 3.195165e+01 
3.263320e+00 3.138917e+01 
3.297930e+00 3.083596e+01 
3.332830e+00 3.029094e+01 
3.368040e+00 2.975411e+01 
3.403300e+00 2.922961e+01 
3.438450e+00 2.871828e+01 
3.473060e+00 2.822734e+01 
3.508440e+00 2.773902e+01 
3.543110e+00 2.727196e+01 
3.577470e+00 2.681616e+01 
3.613040e+00 2.635631e+01 
3.648120e+00 2.591458e+01 
3.682910e+00 2.548661e+01 
3.718050e+00 2.506358e+01 
3.753320e+00 2.464856e+01 
3.787980e+00 2.424934e+01 
3.822290e+00 2.386374e+01 
3.857020e+00 2.348298e+01 
3.891920e+00 2.310785e+01 
3.926650e+00 2.274057e+01 
3.961970e+00 2.237594e+01 
3.997360e+00 2.201959e+01 
4.031670e+00 2.168170e+01 
4.066330e+00 2.134682e+01 
4.101420e+00 2.101540e+01 
4.136200e+00 2.069457e+01 
4.170810e+00 2.038232e+01 
4.206250e+00 2.006841e+01 
4.241580e+00 1.976217e+01 
4.276300e+00 1.946744e+01 
4.310970e+00 1.917924e+01 
4.346120e+00 1.889315e+01 
4.380600e+00 1.861820e+01 
4.414730e+00 1.835165e+01 
4.450350e+00 1.807873e+01 
4.485320e+00 1.781641e+01 
4.519810e+00 1.756280e+01 
4.555430e+00 1.730617e+01 
4.590870e+00 1.705606e+01 
4.625480e+00 1.681662e+01 
4.659910e+00 1.658314e+01 
4.695230e+00 1.634822e+01 
4.729960e+00 1.612178e+01 
4.764450e+00 1.590125e+01 
4.799530e+00 1.568126e+01 
4.834910e+00 1.546373e+01 
4.869700e+00 1.525391e+01 
4.904370e+00 1.504879e+01 
4.939450e+00 1.484517e+01 
4.973940e+00 1.464874e+01 
5.008430e+00 1.445595e+01 
5.043810e+00 1.426194e+01 
5.078840e+00 1.407347e+01 
5.113500e+00 1.389042e+01 
5.148890e+00 1.370697e+01 
5.184210e+00 1.352724e+01 
5.219060e+00 1.335317e+01 
5.253660e+00 1.318353e+01 
5.288570e+00 1.301541e+01 
5.323420e+00 1.285062e+01 
5.358440e+00 1.268802e+01 
5.393590e+00 1.252770e+01 
5.428310e+00 1.237221e+01 
5.462800e+00 1.222046e+01 
5.497640e+00 1.206979e+01 
5.532670e+00 1.192106e+01 
5.567280e+00 1.177666e+01 
5.602000e+00 1.163424e+01 
5.637270e+00 1.149213e+01 
5.672410e+00 1.135297e+01 
5.707020e+00 1.121819e+01 
5.742040e+00 1.108426e+01 
5.777430e+00 1.095121e+01 
5.812210e+00 1.082260e+01 
5.846820e+00 1.069680e+01 
5.881610e+00 1.057241e+01 
5.916510e+00 1.044963e+01 
5.951600e+00 1.032838e+01 
5.986560e+00 1.020961e+01 
6.021830e+00 1.009169e+01 
6.056490e+00 9.977765e+00 
6.091160e+00 9.865678e+00 
6.125830e+00 9.755324e+00 
6.161090e+00 9.644899e+00 
6.195760e+00 9.538138e+00 
6.230420e+00 9.433032e+00 
6.265690e+00 9.327721e+00 
6.300950e+00 9.224353e+00 
6.335620e+00 9.124249e+00 
6.370880e+00 9.023971e+00 
6.405550e+00 8.926986e+00 
6.440220e+00 8.831487e+00 
6.475480e+00 8.735801e+00 
6.510150e+00 8.643185e+00 
6.544810e+00 8.552126e+00 
6.580080e+00 8.460814e+00 
6.614750e+00 8.372358e+00 
6.649410e+00 8.285379e+00 
6.684080e+00 8.199650e+00 
6.719340e+00 8.113707e+00 
6.754010e+00 8.030474e+00 
6.788680e+00 7.948571e+00 
6.823940e+00 7.866446e+00 
6.859800e+00 7.784114e+00 
6.894470e+00 7.705786e+00 
6.929140e+00 7.628591e+00 
6.963800e+00 7.552474e+00 
6.999070e+00 7.476099e+00 
7.033730e+00 7.402315e+00 
7.068400e+00 7.329505e+00 
7.103660e+00 7.256459e+00 
7.138330e+00 7.185668e+00 
7.173600e+00 7.114752e+00 
7.208260e+00 7.045992e+00 
7.243530e+00 6.976953e+00 
7.277600e+00 6.911249e+00 
7.312860e+00 6.844240e+00 
7.348120e+00 6.778116e+00 
7.382790e+00 6.713948e+00 
7.417460e+00 6.650744e+00 
7.452720e+00 6.587368e+00 
7.487390e+00 6.525854e+00 
7.522650e+00 6.464096e+00 
7.557320e+00 6.404292e+00 
7.591990e+00 6.345296e+00 
7.627250e+00 6.286055e+00 
7.662510e+00 6.227566e+00 
7.697180e+00 6.170918e+00 
7.731850e+00 6.115025e+00 
7.766510e+00 6.059837e+00 
7.801180e+00 6.005310e+00 
7.836440e+00 5.950640e+00 
7.871110e+00 5.897606e+00 
7.906380e+00 5.844313e+00 
7.941040e+00 5.792580e+00 
7.976310e+00 5.740654e+00 
8.011570e+00 5.689467e+00 
8.046240e+00 5.639741e+00 
8.080900e+00 5.590620e+00 
8.115570e+00 5.542107e+00 
8.150830e+00 5.493510e+00 
8.185500e+00 5.446292e+00 
8.220770e+00 5.398821e+00 
8.255430e+00 5.352718e+00 
8.290100e+00 5.307263e+00 
8.324770e+00 5.262346e+00 
8.359430e+00 5.217957e+00 
8.394700e+00 5.173309e+00 
8.429960e+00 5.129270e+00 
8.464630e+00 5.086543e+00 
8.499890e+00 5.043584e+00 
8.534560e+00 5.001824e+00 
8.569200e+00 4.960567e+00 
