# Parameters:
# omega_b = 0.022996, omega_m = 0.138740, n_s = 1.037402, h = 79.803150, w = -1.000000, sigma_8 = 0.871654
# z = 0.700000
#
# k[1/Mpc] # P(k):
8.694000e-04 5.870033e+03 
2.077466e-03 1.331542e+04 
3.285532e-03 1.944387e+04 
4.493598e-03 2.434659e+04 
5.701664e-03 2.811127e+04 
6.909730e-03 3.088730e+04 
8.117797e-03 3.287143e+04 
9.325863e-03 3.416270e+04 
1.053393e-02 3.486226e+04 
1.174199e-02 3.506658e+04 
1.295006e-02 3.484004e+04 
1.415813e-02 3.427544e+04 
1.536619e-02 3.345021e+04 
1.657426e-02 3.240980e+04 
1.778233e-02 3.113884e+04 
1.899039e-02 2.967027e+04 
2.019846e-02 2.817559e+04 
2.140652e-02 2.677461e+04 
2.261459e-02 2.545302e+04 
2.382266e-02 2.420756e+04 
2.503072e-02 2.304992e+04 
2.623879e-02 2.198652e+04 
2.744685e-02 2.102101e+04 
2.865492e-02 2.015411e+04 
2.986299e-02 1.938091e+04 
3.100100e-02 1.873754e+04 
3.220400e-02 1.813824e+04 
3.288100e-02 1.783738e+04 
3.424300e-02 1.729878e+04 
3.555100e-02 1.685241e+04 
3.686000e-02 1.646509e+04 
3.795000e-02 1.617767e+04 
3.929100e-02 1.585996e+04 
4.039800e-02 1.561556e+04 
4.164000e-02 1.535231e+04 
4.294400e-02 1.507396e+04 
4.415000e-02 1.481334e+04 
4.542900e-02 1.451672e+04 
4.660900e-02 1.423098e+04 
4.782300e-02 1.390562e+04 
4.892900e-02 1.359402e+04 
5.031200e-02 1.317856e+04 
5.155900e-02 1.277938e+04 
5.238100e-02 1.250727e+04 
5.378200e-02 1.203218e+04 
5.513400e-02 1.156375e+04 
5.627600e-02 1.116682e+04 
5.735300e-02 1.079710e+04 
5.870100e-02 1.034609e+04 
5.988700e-02 9.965585e+03 
6.113500e-02 9.584879e+03 
6.225900e-02 9.262496e+03 
6.340100e-02 8.957198e+03 
6.480200e-02 8.612551e+03 
6.601100e-02 8.345285e+03 
6.725500e-02 8.098098e+03 
6.829100e-02 7.915617e+03 
6.958600e-02 7.710501e+03 
7.071100e-02 7.554682e+03 
7.192300e-02 7.406350e+03 
7.307400e-02 7.282278e+03 
7.412300e-02 7.181491e+03 
7.550400e-02 7.065033e+03 
7.663100e-02 6.979295e+03 
7.791200e-02 6.891384e+03 
7.912700e-02 6.812890e+03 
8.027600e-02 6.740502e+03 
8.138400e-02 6.670885e+03 
8.272200e-02 6.584960e+03 
8.406100e-02 6.495169e+03 
8.534100e-02 6.402325e+03 
8.653800e-02 6.308453e+03 
8.759800e-02 6.221191e+03 
8.900300e-02 6.098540e+03 
9.009000e-02 5.997576e+03 
9.113300e-02 5.895472e+03 
9.239600e-02 5.768972e+03 
9.358000e-02 5.646558e+03 
9.496100e-02 5.499437e+03 
9.608400e-02 5.379609e+03 
9.727500e-02 5.253404e+03 
9.852600e-02 5.120738e+03 
9.973800e-02 4.995900e+03 
1.009000e-01 4.879590e+03 
1.020900e-01 4.765843e+03 
1.034000e-01 4.646644e+03 
1.046000e-01 4.543111e+03 
1.057200e-01 4.454541e+03 
1.069100e-01 4.365296e+03 
1.082500e-01 4.274658e+03 
1.093900e-01 4.204456e+03 
1.105400e-01 4.138191e+03 
1.116900e-01 4.080279e+03 
1.129600e-01 4.020220e+03 
1.142000e-01 3.968635e+03 
1.153300e-01 3.924620e+03 
1.166400e-01 3.877712e+03 
1.177800e-01 3.839494e+03 
1.190000e-01 3.800331e+03 
1.201200e-01 3.765137e+03 
1.213400e-01 3.727703e+03 
1.227100e-01 3.684245e+03 
1.238900e-01 3.646929e+03 
1.250700e-01 3.607634e+03 
1.263200e-01 3.565586e+03 
1.275500e-01 3.522068e+03 
1.287500e-01 3.478860e+03 
1.299900e-01 3.432496e+03 
1.311300e-01 3.389266e+03 
1.323500e-01 3.341681e+03 
1.335900e-01 3.293156e+03 
1.347100e-01 3.248614e+03 
1.359800e-01 3.198527e+03 
1.372100e-01 3.149727e+03 
1.384300e-01 3.102143e+03 
1.395700e-01 3.057971e+03 
1.407700e-01 3.012475e+03 
1.420300e-01 2.965755e+03 
1.432800e-01 2.920463e+03 
1.444500e-01 2.879736e+03 
1.456300e-01 2.839519e+03 
1.468900e-01 2.798687e+03 
1.480500e-01 2.762237e+03 
1.491700e-01 2.728517e+03 
1.503800e-01 2.693807e+03 
1.516400e-01 2.658780e+03 
1.528200e-01 2.628268e+03 
1.540200e-01 2.597837e+03 
1.551900e-01 2.570182e+03 
1.564300e-01 2.541782e+03 
1.576600e-01 2.514780e+03 
1.588700e-01 2.489472e+03 
1.600900e-01 2.464470e+03 
1.612700e-01 2.441468e+03 
1.625400e-01 2.417168e+03 
1.637600e-01 2.394298e+03 
1.649500e-01 2.372411e+03 
1.662200e-01 2.349397e+03 
1.674000e-01 2.327957e+03 
1.685000e-01 2.308302e+03 
1.697500e-01 2.285842e+03 
1.710300e-01 2.262760e+03 
1.722200e-01 2.241678e+03 
1.734400e-01 2.219281e+03 
1.746400e-01 2.197580e+03 
1.758700e-01 2.175372e+03 
1.770900e-01 2.153018e+03 
1.782700e-01 2.131759e+03 
1.794600e-01 2.110224e+03 
1.807000e-01 2.087858e+03 
1.819100e-01 2.066402e+03 
1.830100e-01 2.046919e+03 
1.842200e-01 2.025777e+03 
1.855000e-01 2.003791e+03 
1.867000e-01 1.983560e+03 
1.879200e-01 1.963325e+03 
1.890900e-01 1.944285e+03 
1.902800e-01 1.925509e+03 
1.915200e-01 1.906256e+03 
1.926900e-01 1.888490e+03 
1.939000e-01 1.870770e+03 
1.951700e-01 1.852466e+03 
1.963100e-01 1.836425e+03 
1.975100e-01 1.820154e+03 
1.987800e-01 1.803199e+03 
2.000100e-01 1.787161e+03 
2.012500e-01 1.771537e+03 
2.023400e-01 1.757998e+03 
2.036100e-01 1.742510e+03 
2.048900e-01 1.727372e+03 
2.060400e-01 1.713970e+03 
2.072200e-01 1.700418e+03 
2.084200e-01 1.686948e+03 
2.096900e-01 1.672898e+03 
2.109200e-01 1.659490e+03 
2.121100e-01 1.646683e+03 
2.132700e-01 1.634367e+03 
2.145200e-01 1.621279e+03 
2.157200e-01 1.608859e+03 
2.168800e-01 1.597001e+03 
2.180700e-01 1.584997e+03 
2.193400e-01 1.572332e+03 
2.206000e-01 1.559887e+03 
2.217500e-01 1.548680e+03 
2.229500e-01 1.537138e+03 
2.241400e-01 1.525820e+03 
2.253500e-01 1.514463e+03 
2.264900e-01 1.503899e+03 
2.277100e-01 1.492752e+03 
2.289900e-01 1.481231e+03 
2.301500e-01 1.470926e+03 
2.313600e-01 1.460313e+03 
2.325600e-01 1.450018e+03 
2.337700e-01 1.439768e+03 
2.350000e-01 1.429482e+03 
2.362000e-01 1.419630e+03 
2.374100e-01 1.409889e+03 
2.386500e-01 1.400031e+03 
2.399100e-01 1.390143e+03 
2.410400e-01 1.381505e+03 
2.422500e-01 1.372380e+03 
2.435000e-01 1.363071e+03 
2.447300e-01 1.354046e+03 
2.458700e-01 1.345865e+03 
2.470600e-01 1.337424e+03 
2.483300e-01 1.328525e+03 
2.495600e-01 1.320042e+03 
2.507600e-01 1.311905e+03 
2.519600e-01 1.303864e+03 
2.532200e-01 1.295520e+03 
2.543700e-01 1.288005e+03 
2.555500e-01 1.280387e+03 
2.568000e-01 1.272410e+03 
2.580100e-01 1.264779e+03 
2.592400e-01 1.257096e+03 
2.604100e-01 1.249863e+03 
2.616100e-01 1.242527e+03 
2.628400e-01 1.235093e+03 
2.640600e-01 1.227767e+03 
2.652200e-01 1.220863e+03 
2.664300e-01 1.213740e+03 
2.676500e-01 1.206638e+03 
2.688400e-01 1.199751e+03 
2.700700e-01 1.192689e+03 
2.712400e-01 1.186045e+03 
2.724800e-01 1.179079e+03 
2.736700e-01 1.172435e+03 
2.748800e-01 1.165720e+03 
2.761000e-01 1.159023e+03 
2.773200e-01 1.152398e+03 
2.785400e-01 1.145828e+03 
2.797000e-01 1.139614e+03 
2.808900e-01 1.133305e+03 
2.821400e-01 1.126748e+03 
2.833900e-01 1.120260e+03 
2.845500e-01 1.114265e+03 
2.857800e-01 1.107974e+03 
2.870300e-01 1.101648e+03 
2.882100e-01 1.095739e+03 
2.893900e-01 1.089877e+03 
2.906300e-01 1.083775e+03 
2.918900e-01 1.077640e+03 
2.930500e-01 1.072049e+03 
2.942500e-01 1.066316e+03 
2.954200e-01 1.060767e+03 
2.966500e-01 1.054991e+03 
2.978900e-01 1.049227e+03 
2.990400e-01 1.043934e+03 
3.002700e-01 1.038326e+03 
3.015100e-01 1.032727e+03 
3.026800e-01 1.027495e+03 
3.038500e-01 1.022313e+03 
3.050300e-01 1.017136e+03 
3.062600e-01 1.011792e+03 
3.075000e-01 1.006457e+03 
3.087000e-01 1.001345e+03 
3.099100e-01 9.962386e+02 
3.111200e-01 9.911838e+02 
3.123100e-01 9.862636e+02 
3.135300e-01 9.812668e+02 
3.147300e-01 9.763984e+02 
3.159900e-01 9.713353e+02 
3.171800e-01 9.666018e+02 
3.183700e-01 9.619137e+02 
3.196300e-01 9.569965e+02 
3.208400e-01 9.523189e+02 
3.220300e-01 9.477607e+02 
3.232000e-01 9.433300e+02 
3.244300e-01 9.387184e+02 
3.256700e-01 9.341125e+02 
3.269200e-01 9.295129e+02 
3.280800e-01 9.252828e+02 
3.292500e-01 9.210640e+02 
3.304800e-01 9.166717e+02 
3.317100e-01 9.123193e+02 
3.328900e-01 9.081808e+02 
3.340700e-01 9.040782e+02 
3.353600e-01 8.996458e+02 
3.365300e-01 8.956663e+02 
3.377100e-01 8.916870e+02 
3.389200e-01 8.876418e+02 
3.401600e-01 8.835329e+02 
3.413700e-01 8.795675e+02 
3.425300e-01 8.758044e+02 
3.437700e-01 8.718161e+02 
3.449800e-01 8.679582e+02 
3.461800e-01 8.641647e+02 
3.473600e-01 8.604716e+02 
3.485800e-01 8.566998e+02 
3.498100e-01 8.529296e+02 
3.510200e-01 8.492522e+02 
3.522000e-01 8.456959e+02 
3.533900e-01 8.421388e+02 
3.546400e-01 8.384462e+02 
3.558400e-01 8.349319e+02 
3.570600e-01 8.313886e+02 
3.582700e-01 8.279036e+02 
3.595000e-01 8.243903e+02 
3.607100e-01 8.209705e+02 
3.618900e-01 8.176684e+02 
3.631200e-01 8.142543e+02 
3.643200e-01 8.109507e+02 
3.655500e-01 8.075920e+02 
3.667300e-01 8.043958e+02 
3.679500e-01 8.011268e+02 
3.691900e-01 7.978313e+02 
3.703600e-01 7.947466e+02 
3.715700e-01 7.915815e+02 
3.727700e-01 7.884674e+02 
3.739900e-01 7.853319e+02 
3.752000e-01 7.822567e+02 
3.763900e-01 7.792559e+02 
3.775800e-01 7.762782e+02 
3.788200e-01 7.731998e+02 
3.800300e-01 7.702196e+02 
3.812100e-01 7.673372e+02 
3.824200e-01 7.644053e+02 
3.836100e-01 7.615439e+02 
3.848600e-01 7.585616e+02 
3.860400e-01 7.557680e+02 
3.872400e-01 7.529484e+02 
3.884600e-01 7.501112e+02 
3.896500e-01 7.473676e+02 
3.908700e-01 7.445760e+02 
3.920600e-01 7.418735e+02 
3.933100e-01 7.390564e+02 
3.945300e-01 7.363280e+02 
3.957200e-01 7.336872e+02 
3.969300e-01 7.310222e+02 
3.981700e-01 7.283116e+02 
3.993500e-01 7.257514e+02 
4.094840e-01 7.044929e+02 
4.272360e-01 6.702676e+02 
4.454600e-01 6.384481e+02 
4.630560e-01 6.104706e+02 
4.804610e-01 5.851102e+02 
4.980690e-01 5.614866e+02 
5.159230e-01 5.394027e+02 
5.317440e-01 5.212283e+02 
5.489640e-01 5.028057e+02 
5.671990e-01 4.847062e+02 
5.838690e-01 4.692908e+02 
6.018840e-01 4.537550e+02 
6.202330e-01 4.390080e+02 
6.379250e-01 4.257204e+02 
6.545410e-01 4.140201e+02 
6.714560e-01 4.027856e+02 
6.892080e-01 3.917098e+02 
7.066010e-01 3.814681e+02 
7.240540e-01 3.717479e+02 
7.420450e-01 3.622865e+02 
7.593780e-01 3.536472e+02 
7.764720e-01 3.455394e+02 
7.942840e-01 3.374994e+02 
8.116170e-01 3.300324e+02 
8.288310e-01 3.229493e+02 
8.462240e-01 3.160963e+02 
8.631980e-01 3.096778e+02 
8.810700e-01 3.031904e+02 
8.989410e-01 2.969616e+02 
9.166330e-01 2.910264e+02 
9.345640e-01 2.852270e+02 
9.515980e-01 2.799072e+02 
9.688720e-01 2.746904e+02 
9.865640e-01 2.695167e+02 
1.031870e+00 2.570213e+02 
1.063490e+00 2.488273e+02 
1.097920e+00 2.404303e+02 
1.134370e+00 2.319713e+02 
1.167730e+00 2.246423e+02 
1.203830e+00 2.170904e+02 
1.240470e+00 2.098284e+02 
1.275790e+00 2.031335e+02 
1.309140e+00 1.971211e+02 
1.342970e+00 1.912408e+02 
1.378420e+00 1.853801e+02 
1.413200e+00 1.798716e+02 
1.448110e+00 1.745531e+02 
1.484090e+00 1.693276e+02 
1.518820e+00 1.644672e+02 
1.552880e+00 1.599049e+02 
1.588630e+00 1.552905e+02 
1.623230e+00 1.510162e+02 
1.657720e+00 1.469149e+02 
1.692450e+00 1.429665e+02 
1.726400e+00 1.392120e+02 
1.762200e+00 1.353996e+02 
1.797880e+00 1.317611e+02 
1.833270e+00 1.282710e+02 
1.869070e+00 1.248836e+02 
1.903200e+00 1.217679e+02 
1.937740e+00 1.187228e+02 
1.973190e+00 1.157017e+02 
2.007440e+00 1.128897e+02 
2.042160e+00 1.101438e+02 
2.077900e+00 1.073974e+02 
2.112390e+00 1.048530e+02 
2.146220e+00 1.024159e+02 
2.181600e+00 9.996321e+01 
2.216930e+00 9.759773e+01 
2.250760e+00 9.539446e+01 
2.286500e+00 9.313844e+01 
2.321770e+00 9.099728e+01 
2.355950e+00 8.899776e+01 
2.391280e+00 8.697607e+01 
2.426240e+00 8.503714e+01 
2.460670e+00 8.318609e+01 
2.495640e+00 8.136353e+01 
2.531080e+00 7.958053e+01 
2.566220e+00 7.785647e+01 
2.600830e+00 7.621083e+01 
2.635080e+00 7.463587e+01 
2.670340e+00 7.304653e+01 
2.705970e+00 7.149524e+01 
2.740040e+00 7.005853e+01 
2.774520e+00 6.864181e+01 
2.809730e+00 6.723536e+01 
2.844390e+00 6.589035e+01 
2.879960e+00 6.454706e+01 
2.914860e+00 6.326478e+01 
2.949410e+00 6.203062e+01 
2.984440e+00 6.081137e+01 
3.019760e+00 5.961976e+01 
3.054730e+00 5.847474e+01 
3.089030e+00 5.737205e+01 
3.124060e+00 5.627887e+01 
3.159560e+00 5.520401e+01 
3.194710e+00 5.416124e+01 
3.229010e+00 5.316953e+01 
3.263320e+00 5.220634e+01 
3.297930e+00 5.125970e+01 
3.332830e+00 5.032825e+01 
3.368040e+00 4.941178e+01 
3.403300e+00 4.851716e+01 
3.438450e+00 4.764638e+01 
3.473060e+00 4.681079e+01 
3.508440e+00 4.598087e+01 
3.543110e+00 4.518748e+01 
3.577470e+00 4.441464e+01 
3.613040e+00 4.363535e+01 
3.648120e+00 4.288767e+01 
3.682910e+00 4.216379e+01 
3.718050e+00 4.144912e+01 
3.753320e+00 4.074861e+01 
3.787980e+00 4.007569e+01 
3.822290e+00 3.942618e+01 
3.857020e+00 3.878543e+01 
3.891920e+00 3.815468e+01 
3.926650e+00 3.753799e+01 
3.961970e+00 3.692612e+01 
3.997360e+00 3.632891e+01 
4.031670e+00 3.576289e+01 
4.066330e+00 3.520279e+01 
4.101420e+00 3.464858e+01 
4.136200e+00 3.411294e+01 
4.170810e+00 3.359167e+01 
4.206250e+00 3.306842e+01 
4.241580e+00 3.255812e+01 
4.276300e+00 3.206757e+01 
4.310970e+00 3.158823e+01 
4.346120e+00 3.111270e+01 
4.380600e+00 3.065620e+01 
4.414730e+00 3.021369e+01 
4.450350e+00 2.976143e+01 
4.485320e+00 2.932674e+01 
4.519810e+00 2.890698e+01 
4.555430e+00 2.848246e+01 
4.590870e+00 2.806892e+01 
4.625480e+00 2.767343e+01 
4.659910e+00 2.728781e+01 
4.695230e+00 2.690036e+01 
4.729960e+00 2.652698e+01 
4.764450e+00 2.616355e+01 
4.799530e+00 2.580133e+01 
4.834910e+00 2.544316e+01 
4.869700e+00 2.509815e+01 
4.904370e+00 2.476094e+01 
4.939450e+00 2.442634e+01 
4.973940e+00 2.410389e+01 
5.008430e+00 2.378741e+01 
5.043810e+00 2.346918e+01 
5.078840e+00 2.316019e+01 
5.113500e+00 2.286008e+01 
5.148890e+00 2.255963e+01 
5.184210e+00 2.226530e+01 
5.219060e+00 2.198029e+01 
5.253660e+00 2.170279e+01 
5.288570e+00 2.142777e+01 
5.323420e+00 2.115835e+01 
5.358440e+00 2.089267e+01 
5.393590e+00 2.063069e+01 
5.428310e+00 2.037677e+01 
5.462800e+00 2.012904e+01 
5.497640e+00 1.988305e+01 
5.532670e+00 1.964039e+01 
5.567280e+00 1.940482e+01 
5.602000e+00 1.917247e+01 
5.637270e+00 1.894078e+01 
5.672410e+00 1.871392e+01 
5.707020e+00 1.849418e+01 
5.742040e+00 1.827597e+01 
5.777430e+00 1.805919e+01 
5.812210e+00 1.784963e+01 
5.846820e+00 1.764475e+01 
5.881610e+00 1.744216e+01 
5.916510e+00 1.724219e+01 
5.951600e+00 1.704478e+01 
5.986560e+00 1.685142e+01 
6.021830e+00 1.665943e+01 
6.056490e+00 1.647396e+01 
6.091160e+00 1.629150e+01 
6.125830e+00 1.611185e+01 
6.161090e+00 1.593208e+01 
6.195760e+00 1.575831e+01 
6.230420e+00 1.558722e+01 
6.265690e+00 1.541577e+01 
6.300950e+00 1.524753e+01 
6.335620e+00 1.508458e+01 
6.370880e+00 1.492133e+01 
6.405550e+00 1.476341e+01 
6.440220e+00 1.460789e+01 
6.475480e+00 1.445205e+01 
6.510150e+00 1.430120e+01 
6.544810e+00 1.415289e+01 
6.580080e+00 1.400415e+01 
6.614750e+00 1.386004e+01 
6.649410e+00 1.371831e+01 
6.684080e+00 1.357860e+01 
6.719340e+00 1.343853e+01 
6.754010e+00 1.330284e+01 
6.788680e+00 1.316927e+01 
6.823940e+00 1.303533e+01 
6.859800e+00 1.290103e+01 
6.894470e+00 1.277321e+01 
6.929140e+00 1.264722e+01 
6.963800e+00 1.252298e+01 
6.999070e+00 1.239830e+01 
7.033730e+00 1.227776e+01 
7.068400e+00 1.215881e+01 
7.103660e+00 1.203946e+01 
7.138330e+00 1.192376e+01 
7.173600e+00 1.180780e+01 
7.208260e+00 1.169535e+01 
7.243530e+00 1.158244e+01 
7.277600e+00 1.147492e+01 
7.312860e+00 1.136522e+01 
7.348120e+00 1.125695e+01 
7.382790e+00 1.115188e+01 
7.417460e+00 1.104831e+01 
7.452720e+00 1.094441e+01 
7.487390e+00 1.084355e+01 
7.522650e+00 1.074229e+01 
7.557320e+00 1.064414e+01 
7.591990e+00 1.054729e+01 
7.627250e+00 1.045003e+01 
7.662510e+00 1.035399e+01 
7.697180e+00 1.026090e+01 
7.731850e+00 1.016900e+01 
7.766510e+00 1.007826e+01 
7.801180e+00 9.988595e+00 
7.836440e+00 9.898626e+00 
7.871110e+00 9.811304e+00 
7.906380e+00 9.723551e+00 
7.941040e+00 9.638361e+00 
7.976310e+00 9.552781e+00 
8.011570e+00 9.468338e+00 
8.046240e+00 9.386302e+00 
8.080900e+00 9.305259e+00 
8.115570e+00 9.225194e+00 
8.150830e+00 9.144908e+00 
8.185500e+00 9.066896e+00 
8.220770e+00 8.988464e+00 
8.255430e+00 8.912289e+00 
8.290100e+00 8.837046e+00 
8.324770e+00 8.762677e+00 
8.359430e+00 8.689181e+00 
8.394700e+00 8.615253e+00 
8.429960e+00 8.542275e+00 
8.464630e+00 8.471414e+00 
8.499890e+00 8.400166e+00 
8.534560e+00 8.330905e+00 
8.569200e+00 8.262478e+00 
