# Parameters:
# omega_b = 0.022634, omega_m = 0.123583, n_s = 0.996457, h = 69.881890, w = -1.000000, sigma_8 = 0.770866
# z = 0.700000
#
# k[1/Mpc] # P(k):
8.694000e-04 9.139612e+03 
2.077466e-03 1.979136e+04 
3.285532e-03 2.801880e+04 
4.493598e-03 3.418826e+04 
5.701664e-03 3.861056e+04 
6.909730e-03 4.158817e+04 
8.117797e-03 4.345180e+04 
9.325863e-03 4.437488e+04 
1.053393e-02 4.452690e+04 
1.174199e-02 4.406448e+04 
1.295006e-02 4.308799e+04 
1.415813e-02 4.173123e+04 
1.536619e-02 4.010787e+04 
1.657426e-02 3.830156e+04 
1.778233e-02 3.641104e+04 
1.899039e-02 3.455405e+04 
2.019846e-02 3.272802e+04 
2.140652e-02 3.094019e+04 
2.261459e-02 2.922746e+04 
2.382266e-02 2.762925e+04 
2.503072e-02 2.616330e+04 
2.623879e-02 2.483289e+04 
2.744685e-02 2.363865e+04 
2.865492e-02 2.257500e+04 
2.986299e-02 2.163207e+04 
3.100100e-02 2.085005e+04 
3.220400e-02 2.012148e+04 
3.288100e-02 1.975425e+04 
3.424300e-02 1.909226e+04 
3.555100e-02 1.853609e+04 
3.686000e-02 1.804402e+04 
3.795000e-02 1.767147e+04 
3.929100e-02 1.724863e+04 
4.039800e-02 1.691700e+04 
4.164000e-02 1.655583e+04 
4.294400e-02 1.617281e+04 
4.415000e-02 1.581698e+04 
4.542900e-02 1.542064e+04 
4.660900e-02 1.504655e+04 
4.782300e-02 1.463490e+04 
4.892900e-02 1.425013e+04 
5.031200e-02 1.375157e+04 
5.155900e-02 1.328660e+04 
5.238100e-02 1.297597e+04 
5.378200e-02 1.244370e+04 
5.513400e-02 1.193024e+04 
5.627600e-02 1.150230e+04 
5.735300e-02 1.110827e+04 
5.870100e-02 1.063253e+04 
5.988700e-02 1.023427e+04 
6.113500e-02 9.838061e+03 
6.225900e-02 9.503790e+03 
6.340100e-02 9.187721e+03 
6.480200e-02 8.830982e+03 
6.601100e-02 8.553797e+03 
6.725500e-02 8.296568e+03 
6.829100e-02 8.105632e+03 
6.958600e-02 7.889953e+03 
7.071100e-02 7.724799e+03 
7.192300e-02 7.566312e+03 
7.307400e-02 7.432507e+03 
7.412300e-02 7.322773e+03 
7.550400e-02 7.194333e+03 
7.663100e-02 7.098732e+03 
7.791200e-02 6.999206e+03 
7.912700e-02 6.909188e+03 
8.027600e-02 6.825439e+03 
8.138400e-02 6.744403e+03 
8.272200e-02 6.643924e+03 
8.406100e-02 6.538702e+03 
8.534100e-02 6.429973e+03 
8.653800e-02 6.320458e+03 
8.759800e-02 6.219078e+03 
8.900300e-02 6.077461e+03 
9.009000e-02 5.961856e+03 
9.113300e-02 5.846117e+03 
9.239600e-02 5.703929e+03 
9.358000e-02 5.567959e+03 
9.496100e-02 5.407277e+03 
9.608400e-02 5.278161e+03 
9.727500e-02 5.143604e+03 
9.852600e-02 5.005623e+03 
9.973800e-02 4.877386e+03 
1.009000e-01 4.759216e+03 
1.020900e-01 4.646568e+03 
1.034000e-01 4.529713e+03 
1.046000e-01 4.429438e+03 
1.057200e-01 4.345253e+03 
1.069100e-01 4.260883e+03 
1.082500e-01 4.176309e+03 
1.093900e-01 4.111119e+03 
1.105400e-01 4.049779e+03 
1.116900e-01 3.996062e+03 
1.129600e-01 3.940180e+03 
1.142000e-01 3.891437e+03 
1.153300e-01 3.849270e+03 
1.166400e-01 3.803399e+03 
1.177800e-01 3.764800e+03 
1.190000e-01 3.724644e+03 
1.201200e-01 3.687019e+03 
1.213400e-01 3.646711e+03 
1.227100e-01 3.598166e+03 
1.238900e-01 3.556256e+03 
1.250700e-01 3.511505e+03 
1.263200e-01 3.463604e+03 
1.275500e-01 3.414009e+03 
1.287500e-01 3.365028e+03 
1.299900e-01 3.312867e+03 
1.311300e-01 3.264735e+03 
1.323500e-01 3.212473e+03 
1.335900e-01 3.159862e+03 
1.347100e-01 3.112425e+03 
1.359800e-01 3.059694e+03 
1.372100e-01 3.009482e+03 
1.384300e-01 2.961009e+03 
1.395700e-01 2.917122e+03 
1.407700e-01 2.872063e+03 
1.420300e-01 2.827121e+03 
1.432800e-01 2.783554e+03 
1.444500e-01 2.745352e+03 
1.456300e-01 2.707624e+03 
1.468900e-01 2.669683e+03 
1.480500e-01 2.635921e+03 
1.491700e-01 2.604681e+03 
1.503800e-01 2.572515e+03 
1.516400e-01 2.539968e+03 
1.528200e-01 2.511253e+03 
1.540200e-01 2.482612e+03 
1.551900e-01 2.455999e+03 
1.564300e-01 2.428521e+03 
1.576600e-01 2.402021e+03 
1.588700e-01 2.376723e+03 
1.600900e-01 2.351694e+03 
1.612700e-01 2.327954e+03 
1.625400e-01 2.302877e+03 
1.637600e-01 2.278994e+03 
1.649500e-01 2.255975e+03 
1.662200e-01 2.231753e+03 
1.674000e-01 2.209075e+03 
1.685000e-01 2.188289e+03 
1.697500e-01 2.164648e+03 
1.710300e-01 2.140459e+03 
1.722200e-01 2.118374e+03 
1.734400e-01 2.095308e+03 
1.746400e-01 2.072981e+03 
1.758700e-01 2.050293e+03 
1.770900e-01 2.027776e+03 
1.782700e-01 2.006368e+03 
1.794600e-01 1.984936e+03 
1.807000e-01 1.962849e+03 
1.819100e-01 1.941665e+03 
1.830100e-01 1.922695e+03 
1.842200e-01 1.902157e+03 
1.855000e-01 1.880813e+03 
1.867000e-01 1.861373e+03 
1.879200e-01 1.841932e+03 
1.890900e-01 1.823653e+03 
1.902800e-01 1.805700e+03 
1.915200e-01 1.787292e+03 
1.926900e-01 1.770307e+03 
1.939000e-01 1.753371e+03 
1.951700e-01 1.735879e+03 
1.963100e-01 1.720532e+03 
1.975100e-01 1.704918e+03 
1.987800e-01 1.688650e+03 
2.000100e-01 1.673232e+03 
2.012500e-01 1.658139e+03 
2.023400e-01 1.645063e+03 
2.036100e-01 1.630079e+03 
2.048900e-01 1.615341e+03 
2.060400e-01 1.602294e+03 
2.072200e-01 1.589094e+03 
2.084200e-01 1.575871e+03 
2.096900e-01 1.562081e+03 
2.109200e-01 1.548922e+03 
2.121100e-01 1.536247e+03 
2.132700e-01 1.524053e+03 
2.145200e-01 1.511097e+03 
2.157200e-01 1.498713e+03 
2.168800e-01 1.486848e+03 
2.180700e-01 1.474839e+03 
2.193400e-01 1.462111e+03 
2.206000e-01 1.449495e+03 
2.217500e-01 1.438137e+03 
2.229500e-01 1.426441e+03 
2.241400e-01 1.414761e+03 
2.253500e-01 1.403038e+03 
2.264900e-01 1.392137e+03 
2.277100e-01 1.380511e+03 
2.289900e-01 1.368354e+03 
2.301500e-01 1.357485e+03 
2.313600e-01 1.346293e+03 
2.325600e-01 1.335152e+03 
2.337700e-01 1.324065e+03 
2.350000e-01 1.312943e+03 
2.362000e-01 1.302170e+03 
2.374100e-01 1.291374e+03 
2.386500e-01 1.280455e+03 
2.399100e-01 1.269507e+03 
2.410400e-01 1.259773e+03 
2.422500e-01 1.249474e+03 
2.435000e-01 1.238972e+03 
2.447300e-01 1.228776e+03 
2.458700e-01 1.219463e+03 
2.470600e-01 1.209858e+03 
2.483300e-01 1.199736e+03 
2.495600e-01 1.190103e+03 
2.507600e-01 1.180880e+03 
2.519600e-01 1.171770e+03 
2.532200e-01 1.162321e+03 
2.543700e-01 1.153896e+03 
2.555500e-01 1.145413e+03 
2.568000e-01 1.136535e+03 
2.580100e-01 1.128045e+03 
2.592400e-01 1.119650e+03 
2.604100e-01 1.111816e+03 
2.616100e-01 1.103872e+03 
2.628400e-01 1.095824e+03 
2.640600e-01 1.088071e+03 
2.652200e-01 1.080836e+03 
2.664300e-01 1.073373e+03 
2.676500e-01 1.065934e+03 
2.688400e-01 1.058860e+03 
2.700700e-01 1.051694e+03 
2.712400e-01 1.044953e+03 
2.724800e-01 1.037887e+03 
2.736700e-01 1.031240e+03 
2.748800e-01 1.024616e+03 
2.761000e-01 1.018010e+03 
2.773200e-01 1.011476e+03 
2.785400e-01 1.005040e+03 
2.797000e-01 9.990395e+02 
2.808900e-01 9.929477e+02 
2.821400e-01 9.866174e+02 
2.833900e-01 9.803583e+02 
2.845500e-01 9.746538e+02 
2.857800e-01 9.686676e+02 
2.870300e-01 9.626492e+02 
2.882100e-01 9.570271e+02 
2.893900e-01 9.514821e+02 
2.906300e-01 9.457259e+02 
2.918900e-01 9.399388e+02 
2.930500e-01 9.346654e+02 
2.942500e-01 9.292661e+02 
2.954200e-01 9.240595e+02 
2.966500e-01 9.186407e+02 
2.978900e-01 9.132338e+02 
2.990400e-01 9.082689e+02 
3.002700e-01 9.030177e+02 
3.015100e-01 8.977806e+02 
3.026800e-01 8.928879e+02 
3.038500e-01 8.880417e+02 
3.050300e-01 8.832007e+02 
3.062600e-01 8.782093e+02 
3.075000e-01 8.732273e+02 
3.087000e-01 8.684531e+02 
3.099100e-01 8.636853e+02 
3.111200e-01 8.589678e+02 
3.123100e-01 8.543798e+02 
3.135300e-01 8.497209e+02 
3.147300e-01 8.451819e+02 
3.159900e-01 8.404617e+02 
3.171800e-01 8.360526e+02 
3.183700e-01 8.316882e+02 
3.196300e-01 8.271108e+02 
3.208400e-01 8.227569e+02 
3.220300e-01 8.185143e+02 
3.232000e-01 8.143939e+02 
3.244300e-01 8.101071e+02 
3.256700e-01 8.058258e+02 
3.269200e-01 8.015505e+02 
3.280800e-01 7.976190e+02 
3.292500e-01 7.937022e+02 
3.304800e-01 7.896259e+02 
3.317100e-01 7.855867e+02 
3.328900e-01 7.817464e+02 
3.340700e-01 7.779394e+02 
3.353600e-01 7.738319e+02 
3.365300e-01 7.701463e+02 
3.377100e-01 7.664610e+02 
3.389200e-01 7.627148e+02 
3.401600e-01 7.589098e+02 
3.413700e-01 7.552413e+02 
3.425300e-01 7.517625e+02 
3.437700e-01 7.480757e+02 
3.449800e-01 7.445096e+02 
3.461800e-01 7.410033e+02 
3.473600e-01 7.375914e+02 
3.485800e-01 7.341110e+02 
3.498100e-01 7.306322e+02 
3.510200e-01 7.272392e+02 
3.522000e-01 7.239580e+02 
3.533900e-01 7.206762e+02 
3.546400e-01 7.172758e+02 
3.558400e-01 7.140400e+02 
3.570600e-01 7.107777e+02 
3.582700e-01 7.075691e+02 
3.595000e-01 7.043347e+02 
3.607100e-01 7.011891e+02 
3.618900e-01 6.981542e+02 
3.631200e-01 6.950164e+02 
3.643200e-01 6.919802e+02 
3.655500e-01 6.888935e+02 
3.667300e-01 6.859561e+02 
3.679500e-01 6.829584e+02 
3.691900e-01 6.799364e+02 
3.703600e-01 6.771078e+02 
3.715700e-01 6.742055e+02 
3.727700e-01 6.713500e+02 
3.739900e-01 6.684763e+02 
3.752000e-01 6.656601e+02 
3.763900e-01 6.629121e+02 
3.775800e-01 6.601854e+02 
3.788200e-01 6.573664e+02 
3.800300e-01 6.546374e+02 
3.812100e-01 6.520009e+02 
3.824200e-01 6.493210e+02 
3.836100e-01 6.467057e+02 
3.848600e-01 6.439798e+02 
3.860400e-01 6.414265e+02 
3.872400e-01 6.388494e+02 
3.884600e-01 6.362589e+02 
3.896500e-01 6.337549e+02 
3.908700e-01 6.312072e+02 
3.920600e-01 6.287408e+02 
3.933100e-01 6.261698e+02 
3.945300e-01 6.236797e+02 
3.957200e-01 6.212735e+02 
3.969300e-01 6.188462e+02 
3.981700e-01 6.163776e+02 
3.993500e-01 6.140458e+02 
4.094840e-01 5.946999e+02 
4.272360e-01 5.636284e+02 
4.454600e-01 5.348292e+02 
4.630560e-01 5.095806e+02 
4.804610e-01 4.867560e+02 
4.980690e-01 4.655598e+02 
5.159230e-01 4.458048e+02 
5.317440e-01 4.295961e+02 
5.489640e-01 4.132179e+02 
5.671990e-01 3.971824e+02 
5.838690e-01 3.835675e+02 
6.018840e-01 3.698884e+02 
6.202330e-01 3.569533e+02 
6.379250e-01 3.453271e+02 
6.545410e-01 3.351257e+02 
6.714560e-01 3.253553e+02 
6.892080e-01 3.157456e+02 
7.066010e-01 3.068864e+02 
7.240540e-01 2.984992e+02 
7.420450e-01 2.903555e+02 
7.593780e-01 2.829354e+02 
7.764720e-01 2.759872e+02 
7.942840e-01 2.691133e+02 
8.116170e-01 2.627462e+02 
8.288310e-01 2.567185e+02 
8.462240e-01 2.508973e+02 
8.631980e-01 2.454567e+02 
8.810700e-01 2.399696e+02 
8.989410e-01 2.347119e+02 
9.166330e-01 2.297116e+02 
9.345640e-01 2.248374e+02 
9.515980e-01 2.203758e+02 
9.688720e-01 2.160083e+02 
9.865640e-01 2.116871e+02 
1.031870e+00 2.012810e+02 
1.063490e+00 1.944903e+02 
1.097920e+00 1.875507e+02 
1.134370e+00 1.805887e+02 
1.167730e+00 1.745769e+02 
1.203830e+00 1.684047e+02 
1.240470e+00 1.624882e+02 
1.275790e+00 1.570528e+02 
1.309140e+00 1.521838e+02 
1.342970e+00 1.474396e+02 
1.378420e+00 1.427211e+02 
1.413200e+00 1.382980e+02 
1.448110e+00 1.340411e+02 
1.484090e+00 1.298668e+02 
1.518820e+00 1.259948e+02 
1.552880e+00 1.223679e+02 
1.588630e+00 1.187074e+02 
1.623230e+00 1.153232e+02 
1.657720e+00 1.120824e+02 
1.692450e+00 1.089672e+02 
1.726400e+00 1.060126e+02 
1.762200e+00 1.030175e+02 
1.797880e+00 1.001630e+02 
1.833270e+00 9.742929e+01 
1.869070e+00 9.478075e+01 
1.903200e+00 9.234789e+01 
1.937740e+00 8.997320e+01 
1.973190e+00 8.762131e+01 
2.007440e+00 8.543416e+01 
2.042160e+00 8.330134e+01 
2.077900e+00 8.117081e+01 
2.112390e+00 7.919875e+01 
2.146220e+00 7.731254e+01 
2.181600e+00 7.541669e+01 
2.216930e+00 7.358947e+01 
2.250760e+00 7.188962e+01 
2.286500e+00 7.015092e+01 
2.321770e+00 6.850164e+01 
2.355950e+00 6.696241e+01 
2.391280e+00 6.540887e+01 
2.426240e+00 6.391975e+01 
2.460670e+00 6.249897e+01 
2.495640e+00 6.110107e+01 
2.531080e+00 5.973480e+01 
2.566220e+00 5.841447e+01 
2.600830e+00 5.715498e+01 
2.635080e+00 5.595037e+01 
2.670340e+00 5.473608e+01 
2.705970e+00 5.355121e+01 
2.740040e+00 5.245434e+01 
2.774520e+00 5.137385e+01 
2.809730e+00 5.030163e+01 
2.844390e+00 4.927667e+01 
2.879960e+00 4.825363e+01 
2.914860e+00 4.727758e+01 
2.949410e+00 4.633852e+01 
2.984440e+00 4.541123e+01 
3.019760e+00 4.450542e+01 
3.054730e+00 4.363535e+01 
3.089030e+00 4.279791e+01 
3.124060e+00 4.196797e+01 
3.159560e+00 4.115232e+01 
3.194710e+00 4.036136e+01 
3.229010e+00 3.960932e+01 
3.263320e+00 3.887923e+01 
3.297930e+00 3.816188e+01 
3.332830e+00 3.745627e+01 
3.368040e+00 3.676224e+01 
3.403300e+00 3.608494e+01 
3.438450e+00 3.542590e+01 
3.473060e+00 3.479362e+01 
3.508440e+00 3.416585e+01 
3.543110e+00 3.356584e+01 
3.577470e+00 3.298157e+01 
3.613040e+00 3.239254e+01 
3.648120e+00 3.182754e+01 
3.682910e+00 3.128066e+01 
3.718050e+00 3.074092e+01 
3.753320e+00 3.021195e+01 
3.787980e+00 2.970386e+01 
3.822290e+00 2.921357e+01 
3.857020e+00 2.873002e+01 
3.891920e+00 2.825410e+01 
3.926650e+00 2.778888e+01 
3.961970e+00 2.732737e+01 
3.997360e+00 2.687698e+01 
4.031670e+00 2.645019e+01 
4.066330e+00 2.602792e+01 
4.101420e+00 2.561016e+01 
4.136200e+00 2.520643e+01 
4.170810e+00 2.481360e+01 
4.206250e+00 2.441937e+01 
4.241580e+00 2.403498e+01 
4.276300e+00 2.366550e+01 
4.310970e+00 2.330452e+01 
4.346120e+00 2.294647e+01 
4.380600e+00 2.260279e+01 
4.414730e+00 2.226971e+01 
4.450350e+00 2.192927e+01 
4.485320e+00 2.160212e+01 
4.519810e+00 2.128626e+01 
4.555430e+00 2.096686e+01 
4.590870e+00 2.065577e+01 
4.625480e+00 2.035830e+01 
4.659910e+00 2.006830e+01 
4.695230e+00 1.977693e+01 
4.729960e+00 1.949620e+01 
4.764450e+00 1.922300e+01 
4.799530e+00 1.895074e+01 
4.834910e+00 1.868159e+01 
4.869700e+00 1.842232e+01 
4.904370e+00 1.816895e+01 
4.939450e+00 1.791759e+01 
4.973940e+00 1.767536e+01 
5.008430e+00 1.743767e+01 
5.043810e+00 1.719870e+01 
5.078840e+00 1.696671e+01 
5.113500e+00 1.674143e+01 
5.148890e+00 1.651594e+01 
5.184210e+00 1.629508e+01 
5.219060e+00 1.608126e+01 
5.253660e+00 1.587309e+01 
5.288570e+00 1.566681e+01 
5.323420e+00 1.546477e+01 
5.358440e+00 1.526555e+01 
5.393590e+00 1.506915e+01 
5.428310e+00 1.487883e+01 
5.462800e+00 1.469319e+01 
5.497640e+00 1.450889e+01 
5.532670e+00 1.432712e+01 
5.567280e+00 1.415070e+01 
5.602000e+00 1.397672e+01 
5.637270e+00 1.380329e+01 
5.672410e+00 1.363349e+01 
5.707020e+00 1.346906e+01 
5.742040e+00 1.330582e+01 
5.777430e+00 1.314368e+01 
5.812210e+00 1.298698e+01 
5.846820e+00 1.283381e+01 
5.881610e+00 1.268240e+01 
5.916510e+00 1.253297e+01 
5.951600e+00 1.238549e+01 
5.986560e+00 1.224108e+01 
6.021830e+00 1.209772e+01 
6.056490e+00 1.195928e+01 
6.091160e+00 1.182313e+01 
6.125830e+00 1.168911e+01 
6.161090e+00 1.155503e+01 
6.195760e+00 1.142547e+01 
6.230420e+00 1.129793e+01 
6.265690e+00 1.117016e+01 
6.300950e+00 1.104483e+01 
6.335620e+00 1.092347e+01 
6.370880e+00 1.080191e+01 
6.405550e+00 1.068439e+01 
6.440220e+00 1.056870e+01 
6.475480e+00 1.045279e+01 
6.510150e+00 1.034063e+01 
6.544810e+00 1.023040e+01 
6.580080e+00 1.011988e+01 
6.614750e+00 1.001282e+01 
6.649410e+00 9.907591e+00 
6.684080e+00 9.803894e+00 
6.719340e+00 9.699946e+00 
6.754010e+00 9.599292e+00 
6.788680e+00 9.500275e+00 
6.823940e+00 9.400999e+00 
6.859800e+00 9.301479e+00 
6.894470e+00 9.206831e+00 
6.929140e+00 9.113567e+00 
6.963800e+00 9.021614e+00 
6.999070e+00 8.929356e+00 
7.033730e+00 8.840254e+00 
7.068400e+00 8.752336e+00 
7.103660e+00 8.664138e+00 
7.138330e+00 8.578676e+00 
7.173600e+00 8.493084e+00 
7.208260e+00 8.410102e+00 
7.243530e+00 8.326788e+00 
7.277600e+00 8.247509e+00 
7.312860e+00 8.166664e+00 
7.348120e+00 8.086894e+00 
7.382790e+00 8.009489e+00 
7.417460e+00 7.933260e+00 
7.452720e+00 7.856832e+00 
7.487390e+00 7.782656e+00 
7.522650e+00 7.708190e+00 
7.557320e+00 7.636088e+00 
7.591990e+00 7.564964e+00 
7.627250e+00 7.493550e+00 
7.662510e+00 7.423048e+00 
7.697180e+00 7.354772e+00 
7.731850e+00 7.287412e+00 
7.766510e+00 7.220906e+00 
7.801180e+00 7.155201e+00 
7.836440e+00 7.089329e+00 
7.871110e+00 7.025433e+00 
7.906380e+00 6.961231e+00 
7.941040e+00 6.898911e+00 
7.976310e+00 6.836360e+00 
8.011570e+00 6.774703e+00 
8.046240e+00 6.714810e+00 
8.080900e+00 6.655649e+00 
8.115570e+00 6.597224e+00 
8.150830e+00 6.538701e+00 
8.185500e+00 6.481842e+00 
8.220770e+00 6.424683e+00 
8.255430e+00 6.369174e+00 
8.290100e+00 6.314442e+00 
8.324770e+00 6.260361e+00 
8.359430e+00 6.206920e+00 
8.394700e+00 6.153170e+00 
8.429960e+00 6.100153e+00 
8.464630e+00 6.048717e+00 
8.499890e+00 5.997005e+00 
8.534560e+00 5.946739e+00 
8.569200e+00 5.897083e+00 
