# Parameters:
# omega_b = 0.021878, omega_m = 0.132402, n_s = 0.883071, h = 85.000000, w = -1.000000, sigma_8 = 0.821260
# z = 0.700000
#
# k[1/Mpc] # P(k):
8.694000e-04 1.196688e+04 
2.077466e-03 2.356381e+04 
3.285532e-03 3.191670e+04 
4.493598e-03 3.788006e+04 
5.701664e-03 4.196292e+04 
6.909730e-03 4.456508e+04 
8.117797e-03 4.606645e+04 
9.325863e-03 4.666438e+04 
1.053393e-02 4.653875e+04 
1.174199e-02 4.584782e+04 
1.295006e-02 4.469290e+04 
1.415813e-02 4.320352e+04 
1.536619e-02 4.148271e+04 
1.657426e-02 3.958896e+04 
1.778233e-02 3.750366e+04 
1.899039e-02 3.524724e+04 
2.019846e-02 3.301993e+04 
2.140652e-02 3.097468e+04 
2.261459e-02 2.909296e+04 
2.382266e-02 2.736099e+04 
2.503072e-02 2.578287e+04 
2.623879e-02 2.435818e+04 
2.744685e-02 2.308557e+04 
2.865492e-02 2.195724e+04 
2.986299e-02 2.096164e+04 
3.100100e-02 2.014044e+04 
3.220400e-02 1.938038e+04 
3.288100e-02 1.900015e+04 
3.424300e-02 1.832086e+04 
3.555100e-02 1.775808e+04 
3.686000e-02 1.726853e+04 
3.795000e-02 1.690396e+04 
3.929100e-02 1.649843e+04 
4.039800e-02 1.618510e+04 
4.164000e-02 1.584695e+04 
4.294400e-02 1.548996e+04 
4.415000e-02 1.515731e+04 
4.542900e-02 1.478288e+04 
4.660900e-02 1.442578e+04 
4.782300e-02 1.402580e+04 
4.892900e-02 1.364745e+04 
5.031200e-02 1.315048e+04 
5.155900e-02 1.268089e+04 
5.238100e-02 1.236471e+04 
5.378200e-02 1.181960e+04 
5.513400e-02 1.129089e+04 
5.627600e-02 1.084928e+04 
5.735300e-02 1.044287e+04 
5.870100e-02 9.953449e+03 
5.988700e-02 9.545694e+03 
6.113500e-02 9.142523e+03 
6.225900e-02 8.805053e+03 
6.340100e-02 8.488788e+03 
6.480200e-02 8.135236e+03 
6.601100e-02 7.864160e+03 
6.725500e-02 7.615626e+03 
6.829100e-02 7.433605e+03 
6.958600e-02 7.230017e+03 
7.071100e-02 7.076065e+03 
7.192300e-02 6.929781e+03 
7.307400e-02 6.807336e+03 
7.412300e-02 6.707532e+03 
7.550400e-02 6.591253e+03 
7.663100e-02 6.504783e+03 
7.791200e-02 6.414483e+03 
7.912700e-02 6.332238e+03 
8.027600e-02 6.255233e+03 
8.138400e-02 6.180331e+03 
8.272200e-02 6.087002e+03 
8.406100e-02 5.988981e+03 
8.534100e-02 5.887634e+03 
8.653800e-02 5.785717e+03 
8.759800e-02 5.691518e+03 
8.900300e-02 5.560177e+03 
9.009000e-02 5.453145e+03 
9.113300e-02 5.346034e+03 
9.239600e-02 5.214407e+03 
9.358000e-02 5.088376e+03 
9.496100e-02 4.938871e+03 
9.608400e-02 4.818280e+03 
9.727500e-02 4.692232e+03 
9.852600e-02 4.561689e+03 
9.973800e-02 4.439795e+03 
1.009000e-01 4.327012e+03 
1.020900e-01 4.218266e+03 
1.034000e-01 4.105043e+03 
1.046000e-01 4.007431e+03 
1.057200e-01 3.924931e+03 
1.069100e-01 3.842170e+03 
1.082500e-01 3.758998e+03 
1.093900e-01 3.695036e+03 
1.105400e-01 3.634941e+03 
1.116900e-01 3.582843e+03 
1.129600e-01 3.528917e+03 
1.142000e-01 3.482744e+03 
1.153300e-01 3.443261e+03 
1.166400e-01 3.401044e+03 
1.177800e-01 3.366255e+03 
1.190000e-01 3.330410e+03 
1.201200e-01 3.297503e+03 
1.213400e-01 3.262370e+03 
1.227100e-01 3.220510e+03 
1.238900e-01 3.184371e+03 
1.250700e-01 3.145739e+03 
1.263200e-01 3.104258e+03 
1.275500e-01 3.061033e+03 
1.287500e-01 3.018089e+03 
1.299900e-01 2.971974e+03 
1.311300e-01 2.929105e+03 
1.323500e-01 2.882100e+03 
1.335900e-01 2.834425e+03 
1.347100e-01 2.790980e+03 
1.359800e-01 2.742401e+03 
1.372100e-01 2.695570e+03 
1.384300e-01 2.650160e+03 
1.395700e-01 2.608540e+03 
1.407700e-01 2.565775e+03 
1.420300e-01 2.522563e+03 
1.432800e-01 2.480703e+03 
1.444500e-01 2.443658e+03 
1.456300e-01 2.407098e+03 
1.468900e-01 2.370315e+03 
1.480500e-01 2.337591e+03 
1.491700e-01 2.307419e+03 
1.503800e-01 2.276490e+03 
1.516400e-01 2.245295e+03 
1.528200e-01 2.218165e+03 
1.540200e-01 2.191112e+03 
1.551900e-01 2.166449e+03 
1.564300e-01 2.141105e+03 
1.576600e-01 2.116926e+03 
1.588700e-01 2.094160e+03 
1.600900e-01 2.071661e+03 
1.612700e-01 2.050744e+03 
1.625400e-01 2.028649e+03 
1.637600e-01 2.007741e+03 
1.649500e-01 1.987668e+03 
1.662200e-01 1.966543e+03 
1.674000e-01 1.946751e+03 
1.685000e-01 1.928610e+03 
1.697500e-01 1.907876e+03 
1.710300e-01 1.886562e+03 
1.722200e-01 1.867101e+03 
1.734400e-01 1.846478e+03 
1.746400e-01 1.826504e+03 
1.758700e-01 1.806109e+03 
1.770900e-01 1.785664e+03 
1.782700e-01 1.766229e+03 
1.794600e-01 1.746624e+03 
1.807000e-01 1.726320e+03 
1.819100e-01 1.706852e+03 
1.830100e-01 1.689292e+03 
1.842200e-01 1.670262e+03 
1.855000e-01 1.650488e+03 
1.867000e-01 1.632414e+03 
1.879200e-01 1.614344e+03 
1.890900e-01 1.597359e+03 
1.902800e-01 1.580687e+03 
1.915200e-01 1.563596e+03 
1.926900e-01 1.547846e+03 
1.939000e-01 1.532193e+03 
1.951700e-01 1.516030e+03 
1.963100e-01 1.501874e+03 
1.975100e-01 1.487536e+03 
1.987800e-01 1.472599e+03 
2.000100e-01 1.458472e+03 
2.012500e-01 1.444708e+03 
2.023400e-01 1.432784e+03 
2.036100e-01 1.419140e+03 
2.048900e-01 1.405786e+03 
2.060400e-01 1.393966e+03 
2.072200e-01 1.382014e+03 
2.084200e-01 1.370113e+03 
2.096900e-01 1.357703e+03 
2.109200e-01 1.345862e+03 
2.121100e-01 1.334539e+03 
2.132700e-01 1.323651e+03 
2.145200e-01 1.312083e+03 
2.157200e-01 1.301110e+03 
2.168800e-01 1.290634e+03 
2.180700e-01 1.280033e+03 
2.193400e-01 1.268863e+03 
2.206000e-01 1.257913e+03 
2.217500e-01 1.248055e+03 
2.229500e-01 1.237904e+03 
2.241400e-01 1.228005e+03 
2.253500e-01 1.218074e+03 
2.264900e-01 1.208839e+03 
2.277100e-01 1.199136e+03 
2.289900e-01 1.189152e+03 
2.301500e-01 1.180224e+03 
2.313600e-01 1.171032e+03 
2.325600e-01 1.162207e+03 
2.337700e-01 1.153423e+03 
2.350000e-01 1.144609e+03 
2.362000e-01 1.136209e+03 
2.374100e-01 1.127953e+03 
2.386500e-01 1.119599e+03 
2.399100e-01 1.111220e+03 
2.410400e-01 1.103965e+03 
2.422500e-01 1.096309e+03 
2.435000e-01 1.088499e+03 
2.447300e-01 1.080939e+03 
2.458700e-01 1.074128e+03 
2.470600e-01 1.067101e+03 
2.483300e-01 1.059693e+03 
2.495600e-01 1.052640e+03 
2.507600e-01 1.045887e+03 
2.519600e-01 1.039213e+03 
2.532200e-01 1.032289e+03 
2.543700e-01 1.026046e+03 
2.555500e-01 1.019714e+03 
2.568000e-01 1.013085e+03 
2.580100e-01 1.006743e+03 
2.592400e-01 1.000335e+03 
2.604100e-01 9.942929e+02 
2.616100e-01 9.881647e+02 
2.628400e-01 9.819546e+02 
2.640600e-01 9.758015e+02 
2.652200e-01 9.699904e+02 
2.664300e-01 9.639951e+02 
2.676500e-01 9.580179e+02 
2.688400e-01 9.521917e+02 
2.700700e-01 9.461985e+02 
2.712400e-01 9.405599e+02 
2.724800e-01 9.346490e+02 
2.736700e-01 9.289904e+02 
2.748800e-01 9.232493e+02 
2.761000e-01 9.175235e+02 
2.773200e-01 9.118600e+02 
2.785400e-01 9.062330e+02 
2.797000e-01 9.008872e+02 
2.808900e-01 8.954599e+02 
2.821400e-01 8.898200e+02 
2.833900e-01 8.842392e+02 
2.845500e-01 8.790600e+02 
2.857800e-01 8.736252e+02 
2.870300e-01 8.681611e+02 
2.882100e-01 8.630569e+02 
2.893900e-01 8.579831e+02 
2.906300e-01 8.526950e+02 
2.918900e-01 8.473787e+02 
2.930500e-01 8.425344e+02 
2.942500e-01 8.375670e+02 
2.954200e-01 8.327533e+02 
2.966500e-01 8.277435e+02 
2.978900e-01 8.227449e+02 
2.990400e-01 8.181552e+02 
3.002700e-01 8.132908e+02 
3.015100e-01 8.084350e+02 
3.026800e-01 8.038985e+02 
3.038500e-01 7.994055e+02 
3.050300e-01 7.949174e+02 
3.062600e-01 7.902844e+02 
3.075000e-01 7.856603e+02 
3.087000e-01 7.812292e+02 
3.099100e-01 7.768044e+02 
3.111200e-01 7.724264e+02 
3.123100e-01 7.681690e+02 
3.135300e-01 7.638458e+02 
3.147300e-01 7.596340e+02 
3.159900e-01 7.552544e+02 
3.171800e-01 7.511648e+02 
3.183700e-01 7.471179e+02 
3.196300e-01 7.428736e+02 
3.208400e-01 7.388367e+02 
3.220300e-01 7.349032e+02 
3.232000e-01 7.310851e+02 
3.244300e-01 7.271136e+02 
3.256700e-01 7.231474e+02 
3.269200e-01 7.191870e+02 
3.280800e-01 7.155452e+02 
3.292500e-01 7.119193e+02 
3.304800e-01 7.081463e+02 
3.317100e-01 7.044080e+02 
3.328900e-01 7.008538e+02 
3.340700e-01 6.973307e+02 
3.353600e-01 6.935318e+02 
3.365300e-01 6.901241e+02 
3.377100e-01 6.867168e+02 
3.389200e-01 6.832533e+02 
3.401600e-01 6.797356e+02 
3.413700e-01 6.763455e+02 
3.425300e-01 6.731317e+02 
3.437700e-01 6.697258e+02 
3.449800e-01 6.664315e+02 
3.461800e-01 6.631925e+02 
3.473600e-01 6.600415e+02 
3.485800e-01 6.568283e+02 
3.498100e-01 6.536168e+02 
3.510200e-01 6.504845e+02 
3.522000e-01 6.474556e+02 
3.533900e-01 6.444262e+02 
3.546400e-01 6.412891e+02 
3.558400e-01 6.383040e+02 
3.570600e-01 6.352946e+02 
3.582700e-01 6.323348e+02 
3.595000e-01 6.293512e+02 
3.607100e-01 6.264503e+02 
3.618900e-01 6.236518e+02 
3.631200e-01 6.207586e+02 
3.643200e-01 6.179591e+02 
3.655500e-01 6.151131e+02 
3.667300e-01 6.124049e+02 
3.679500e-01 6.096425e+02 
3.691900e-01 6.068577e+02 
3.703600e-01 6.042512e+02 
3.715700e-01 6.015768e+02 
3.727700e-01 5.989457e+02 
3.739900e-01 5.962978e+02 
3.752000e-01 5.937033e+02 
3.763900e-01 5.911717e+02 
3.775800e-01 5.886597e+02 
3.788200e-01 5.860628e+02 
3.800300e-01 5.835489e+02 
3.812100e-01 5.811206e+02 
3.824200e-01 5.786529e+02 
3.836100e-01 5.762446e+02 
3.848600e-01 5.737345e+02 
3.860400e-01 5.713834e+02 
3.872400e-01 5.690105e+02 
3.884600e-01 5.666257e+02 
3.896500e-01 5.643208e+02 
3.908700e-01 5.619756e+02 
3.920600e-01 5.597053e+02 
3.933100e-01 5.573388e+02 
3.945300e-01 5.550468e+02 
3.957200e-01 5.528330e+02 
3.969300e-01 5.506001e+02 
3.981700e-01 5.483292e+02 
3.993500e-01 5.461842e+02 
4.094840e-01 5.283942e+02 
4.272360e-01 4.998519e+02 
4.454600e-01 4.734441e+02 
4.630560e-01 4.503367e+02 
4.804610e-01 4.294861e+02 
4.980690e-01 4.101584e+02 
5.159230e-01 3.921718e+02 
5.317440e-01 3.774327e+02 
5.489640e-01 3.625546e+02 
5.671990e-01 3.480001e+02 
5.838690e-01 3.356515e+02 
6.018840e-01 3.232517e+02 
6.202330e-01 3.115348e+02 
6.379250e-01 3.010096e+02 
6.545410e-01 2.917813e+02 
6.714560e-01 2.829502e+02 
6.892080e-01 2.742711e+02 
7.066010e-01 2.662805e+02 
7.240540e-01 2.587248e+02 
7.420450e-01 2.513995e+02 
7.593780e-01 2.447354e+02 
7.764720e-01 2.385054e+02 
7.942840e-01 2.323532e+02 
8.116170e-01 2.266680e+02 
8.288310e-01 2.212968e+02 
8.462240e-01 2.161200e+02 
8.631980e-01 2.112922e+02 
8.810700e-01 2.064341e+02 
8.989410e-01 2.017898e+02 
9.166330e-01 1.973827e+02 
9.345640e-01 1.930973e+02 
9.515980e-01 1.891838e+02 
9.688720e-01 1.853610e+02 
9.865640e-01 1.815883e+02 
1.031870e+00 1.725319e+02 
1.063490e+00 1.666496e+02 
1.097920e+00 1.606580e+02 
1.134370e+00 1.546662e+02 
1.167730e+00 1.495079e+02 
1.203830e+00 1.442273e+02 
1.240470e+00 1.391765e+02 
1.275790e+00 1.345474e+02 
1.309140e+00 1.304068e+02 
1.342970e+00 1.263805e+02 
1.378420e+00 1.223800e+02 
1.413200e+00 1.186348e+02 
1.448110e+00 1.150342e+02 
1.484090e+00 1.115061e+02 
1.518820e+00 1.082355e+02 
1.552880e+00 1.051741e+02 
1.588630e+00 1.020849e+02 
1.623230e+00 9.922970e+01 
1.657720e+00 9.649625e+01 
1.692450e+00 9.386903e+01 
1.726400e+00 9.137750e+01 
1.762200e+00 8.885162e+01 
1.797880e+00 8.644402e+01 
1.833270e+00 8.413764e+01 
1.869070e+00 8.190299e+01 
1.903200e+00 7.984965e+01 
1.937740e+00 7.784477e+01 
1.973190e+00 7.585860e+01 
2.007440e+00 7.401056e+01 
2.042160e+00 7.220803e+01 
2.077900e+00 7.040626e+01 
2.112390e+00 6.873810e+01 
2.146220e+00 6.714126e+01 
2.181600e+00 6.553600e+01 
2.216930e+00 6.398775e+01 
2.250760e+00 6.254658e+01 
2.286500e+00 6.107171e+01 
2.321770e+00 5.967192e+01 
2.355950e+00 5.836495e+01 
2.391280e+00 5.704498e+01 
2.426240e+00 5.577881e+01 
2.460670e+00 5.456995e+01 
2.495640e+00 5.337990e+01 
2.531080e+00 5.221618e+01 
2.566220e+00 5.109056e+01 
2.600830e+00 5.001623e+01 
2.635080e+00 4.898826e+01 
2.670340e+00 4.795104e+01 
2.705970e+00 4.693830e+01 
2.740040e+00 4.600028e+01 
2.774520e+00 4.507578e+01 
2.809730e+00 4.415763e+01 
2.844390e+00 4.327941e+01 
2.879960e+00 4.240222e+01 
2.914860e+00 4.156464e+01 
2.949410e+00 4.075836e+01 
2.984440e+00 3.996157e+01 
3.019760e+00 3.918282e+01 
3.054730e+00 3.843447e+01 
3.089030e+00 3.771334e+01 
3.124060e+00 3.699837e+01 
3.159560e+00 3.629533e+01 
3.194710e+00 3.561294e+01 
3.229010e+00 3.496383e+01 
3.263320e+00 3.433318e+01 
3.297930e+00 3.371323e+01 
3.332830e+00 3.310299e+01 
3.368040e+00 3.250235e+01 
3.403300e+00 3.191588e+01 
3.438450e+00 3.134472e+01 
3.473060e+00 3.079656e+01 
3.508440e+00 3.025185e+01 
3.543110e+00 2.973104e+01 
3.577470e+00 2.922337e+01 
3.613040e+00 2.871137e+01 
3.648120e+00 2.821994e+01 
3.682910e+00 2.774406e+01 
3.718050e+00 2.727406e+01 
3.753320e+00 2.681319e+01 
3.787980e+00 2.637019e+01 
3.822290e+00 2.594253e+01 
3.857020e+00 2.552050e+01 
3.891920e+00 2.510492e+01 
3.926650e+00 2.469836e+01 
3.961970e+00 2.429489e+01 
3.997360e+00 2.390087e+01 
4.031670e+00 2.352739e+01 
4.066330e+00 2.315754e+01 
4.101420e+00 2.279158e+01 
4.136200e+00 2.243759e+01 
4.170810e+00 2.209312e+01 
4.206250e+00 2.174714e+01 
4.241580e+00 2.140970e+01 
4.276300e+00 2.108515e+01 
4.310970e+00 2.076793e+01 
4.346120e+00 2.045315e+01 
4.380600e+00 2.015082e+01 
4.414730e+00 1.985776e+01 
4.450350e+00 1.955795e+01 
4.485320e+00 1.926982e+01 
4.519810e+00 1.899143e+01 
4.555430e+00 1.870984e+01 
4.590870e+00 1.843548e+01 
4.625480e+00 1.817298e+01 
4.659910e+00 1.791705e+01 
4.695230e+00 1.765971e+01 
4.729960e+00 1.741170e+01 
4.764450e+00 1.717026e+01 
4.799530e+00 1.692954e+01 
4.834910e+00 1.669153e+01 
4.869700e+00 1.646210e+01 
4.904370e+00 1.623784e+01 
4.939450e+00 1.601530e+01 
4.973940e+00 1.580071e+01 
5.008430e+00 1.559013e+01 
5.043810e+00 1.537831e+01 
5.078840e+00 1.517261e+01 
5.113500e+00 1.497285e+01 
5.148890e+00 1.477276e+01 
5.184210e+00 1.457677e+01 
5.219060e+00 1.438698e+01 
5.253660e+00 1.420210e+01 
5.288570e+00 1.401890e+01 
5.323420e+00 1.383938e+01 
5.358440e+00 1.366231e+01 
5.393590e+00 1.348773e+01 
5.428310e+00 1.331849e+01 
5.462800e+00 1.315335e+01 
5.497640e+00 1.298941e+01 
5.532670e+00 1.282764e+01 
5.567280e+00 1.267061e+01 
5.602000e+00 1.251575e+01 
5.637270e+00 1.236129e+01 
5.672410e+00 1.221005e+01 
5.707020e+00 1.206359e+01 
5.742040e+00 1.191811e+01 
5.777430e+00 1.177360e+01 
5.812210e+00 1.163393e+01 
5.846820e+00 1.149736e+01 
5.881610e+00 1.136233e+01 
5.916510e+00 1.122906e+01 
5.951600e+00 1.109749e+01 
5.986560e+00 1.096863e+01 
6.021830e+00 1.084071e+01 
6.056490e+00 1.071715e+01 
6.091160e+00 1.059561e+01 
6.125830e+00 1.047597e+01 
6.161090e+00 1.035626e+01 
6.195760e+00 1.024054e+01 
6.230420e+00 1.012663e+01 
6.265690e+00 1.001251e+01 
6.300950e+00 9.900523e+00 
6.335620e+00 9.792084e+00 
6.370880e+00 9.683463e+00 
6.405550e+00 9.578436e+00 
6.440220e+00 9.475034e+00 
6.475480e+00 9.371436e+00 
6.510150e+00 9.271172e+00 
6.544810e+00 9.172615e+00 
6.580080e+00 9.073790e+00 
6.614750e+00 8.978061e+00 
6.649410e+00 8.883952e+00 
6.684080e+00 8.791204e+00 
6.719340e+00 8.698230e+00 
6.754010e+00 8.608197e+00 
6.788680e+00 8.519618e+00 
6.823940e+00 8.430805e+00 
6.859800e+00 8.341772e+00 
6.894470e+00 8.257087e+00 
6.929140e+00 8.173635e+00 
6.963800e+00 8.091354e+00 
6.999070e+00 8.008799e+00 
7.033730e+00 7.929061e+00 
7.068400e+00 7.850380e+00 
7.103660e+00 7.771449e+00 
7.138330e+00 7.694962e+00 
7.173600e+00 7.618350e+00 
7.208260e+00 7.544072e+00 
7.243530e+00 7.469497e+00 
7.277600e+00 7.398531e+00 
7.312860e+00 7.326161e+00 
7.348120e+00 7.254752e+00 
7.382790e+00 7.185459e+00 
7.417460e+00 7.117220e+00 
7.452720e+00 7.048803e+00 
7.487390e+00 6.982401e+00 
7.522650e+00 6.915738e+00 
7.557320e+00 6.851189e+00 
7.591990e+00 6.787515e+00 
7.627250e+00 6.723580e+00 
7.662510e+00 6.660461e+00 
7.697180e+00 6.599337e+00 
7.731850e+00 6.539033e+00 
7.766510e+00 6.479493e+00 
7.801180e+00 6.420670e+00 
7.836440e+00 6.361696e+00 
7.871110e+00 6.304492e+00 
7.906380e+00 6.247012e+00 
7.941040e+00 6.191217e+00 
7.976310e+00 6.135220e+00 
8.011570e+00 6.080028e+00 
8.046240e+00 6.026414e+00 
8.080900e+00 5.973455e+00 
8.115570e+00 5.921154e+00 
8.150830e+00 5.868766e+00 
8.185500e+00 5.817865e+00 
8.220770e+00 5.766696e+00 
8.255430e+00 5.717004e+00 
8.290100e+00 5.668018e+00 
8.324770e+00 5.619615e+00 
8.359430e+00 5.571785e+00 
8.394700e+00 5.523676e+00 
8.429960e+00 5.476226e+00 
8.464630e+00 5.430191e+00 
8.499890e+00 5.383909e+00 
8.534560e+00 5.338921e+00 
8.569200e+00 5.294477e+00 
