# Parameters:
# omega_b = 0.021531, omega_m = 0.133780, n_s = 0.897244, h = 79.330709, w = -1.000000, sigma_8 = 0.748819
# z = 0.900000
#
# k[1/Mpc] # P(k):
8.694000e-04 7.909394e+03 
2.077466e-03 1.578761e+04 
3.285532e-03 2.155117e+04 
4.493598e-03 2.573273e+04 
5.701664e-03 2.865418e+04 
6.909730e-03 3.056911e+04 
8.117797e-03 3.172725e+04 
9.325863e-03 3.225782e+04 
1.053393e-02 3.228225e+04 
1.174199e-02 3.190809e+04 
1.295006e-02 3.120389e+04 
1.415813e-02 3.025762e+04 
1.536619e-02 2.914037e+04 
1.657426e-02 2.789456e+04 
1.778233e-02 2.652074e+04 
1.899039e-02 2.504705e+04 
2.019846e-02 2.358433e+04 
2.140652e-02 2.221878e+04 
2.261459e-02 2.094493e+04 
2.382266e-02 1.976127e+04 
2.503072e-02 1.867395e+04 
2.623879e-02 1.768421e+04 
2.744685e-02 1.679240e+04 
2.865492e-02 1.599514e+04 
2.986299e-02 1.528619e+04 
3.100100e-02 1.469599e+04 
3.220400e-02 1.414564e+04 
3.288100e-02 1.386819e+04 
3.424300e-02 1.336962e+04 
3.555100e-02 1.295376e+04 
3.686000e-02 1.259043e+04 
3.795000e-02 1.231942e+04 
3.929100e-02 1.201844e+04 
4.039800e-02 1.178741e+04 
4.164000e-02 1.153997e+04 
4.294400e-02 1.128240e+04 
4.415000e-02 1.104467e+04 
4.542900e-02 1.078032e+04 
4.660900e-02 1.052985e+04 
4.782300e-02 1.025079e+04 
4.892900e-02 9.987351e+03 
5.031200e-02 9.641054e+03 
5.155900e-02 9.313049e+03 
5.238100e-02 9.091538e+03 
5.378200e-02 8.708055e+03 
5.513400e-02 8.333734e+03 
5.627600e-02 8.019086e+03 
5.735300e-02 7.727862e+03 
5.870100e-02 7.374845e+03 
5.988700e-02 7.078791e+03 
6.113500e-02 6.784084e+03 
6.225900e-02 6.535725e+03 
6.340100e-02 6.301516e+03 
6.480200e-02 6.038204e+03 
6.601100e-02 5.834683e+03 
6.725500e-02 5.646900e+03 
6.829100e-02 5.508439e+03 
6.958600e-02 5.352748e+03 
7.071100e-02 5.234296e+03 
7.192300e-02 5.121298e+03 
7.307400e-02 5.026348e+03 
7.412300e-02 4.948751e+03 
7.550400e-02 4.858318e+03 
7.663100e-02 4.791210e+03 
7.791200e-02 4.721584e+03 
7.912700e-02 4.658965e+03 
8.027600e-02 4.600994e+03 
8.138400e-02 4.545223e+03 
8.272200e-02 4.476604e+03 
8.406100e-02 4.405355e+03 
8.534100e-02 4.332512e+03 
8.653800e-02 4.259744e+03 
8.759800e-02 4.192683e+03 
8.900300e-02 4.099362e+03 
9.009000e-02 4.023314e+03 
9.113300e-02 3.947065e+03 
9.239600e-02 3.853148e+03 
9.358000e-02 3.762872e+03 
9.496100e-02 3.655146e+03 
9.608400e-02 3.567813e+03 
9.727500e-02 3.476165e+03 
9.852600e-02 3.380195e+03 
9.973800e-02 3.290099e+03 
1.009000e-01 3.206341e+03 
1.020900e-01 3.124574e+03 
1.034000e-01 3.039022e+03 
1.046000e-01 2.964824e+03 
1.057200e-01 2.901383e+03 
1.069100e-01 2.837515e+03 
1.082500e-01 2.772673e+03 
1.093900e-01 2.722516e+03 
1.105400e-01 2.675214e+03 
1.116900e-01 2.633904e+03 
1.129600e-01 2.591090e+03 
1.142000e-01 2.554372e+03 
1.153300e-01 2.523082e+03 
1.166400e-01 2.489792e+03 
1.177800e-01 2.462720e+03 
1.190000e-01 2.434995e+03 
1.201200e-01 2.410159e+03 
1.213400e-01 2.383748e+03 
1.227100e-01 2.353245e+03 
1.238900e-01 2.327060e+03 
1.250700e-01 2.299518e+03 
1.263200e-01 2.270042e+03 
1.275500e-01 2.239539e+03 
1.287500e-01 2.209234e+03 
1.299900e-01 2.176690e+03 
1.311300e-01 2.146311e+03 
1.323500e-01 2.112823e+03 
1.335900e-01 2.078643e+03 
1.347100e-01 2.047225e+03 
1.359800e-01 2.011862e+03 
1.372100e-01 1.977317e+03 
1.384300e-01 1.943630e+03 
1.395700e-01 1.912300e+03 
1.407700e-01 1.880059e+03 
1.420300e-01 1.846895e+03 
1.432800e-01 1.814783e+03 
1.444500e-01 1.785925e+03 
1.456300e-01 1.757459e+03 
1.468900e-01 1.728653e+03 
1.480500e-01 1.702984e+03 
1.491700e-01 1.679316e+03 
1.503800e-01 1.655048e+03 
1.516400e-01 1.630613e+03 
1.528200e-01 1.609504e+03 
1.540200e-01 1.588463e+03 
1.551900e-01 1.569537e+03 
1.564300e-01 1.550157e+03 
1.576600e-01 1.531829e+03 
1.588700e-01 1.514767e+03 
1.600900e-01 1.497923e+03 
1.612700e-01 1.482558e+03 
1.625400e-01 1.466330e+03 
1.637600e-01 1.451085e+03 
1.649500e-01 1.436515e+03 
1.662200e-01 1.421185e+03 
1.674000e-01 1.406848e+03 
1.685000e-01 1.393707e+03 
1.697500e-01 1.378643e+03 
1.710300e-01 1.363113e+03 
1.722200e-01 1.348934e+03 
1.734400e-01 1.333733e+03 
1.746400e-01 1.319005e+03 
1.758700e-01 1.303906e+03 
1.770900e-01 1.288650e+03 
1.782700e-01 1.274150e+03 
1.794600e-01 1.259431e+03 
1.807000e-01 1.244129e+03 
1.819100e-01 1.229461e+03 
1.830100e-01 1.216146e+03 
1.842200e-01 1.201708e+03 
1.855000e-01 1.186706e+03 
1.867000e-01 1.172942e+03 
1.879200e-01 1.159185e+03 
1.890900e-01 1.146259e+03 
1.902800e-01 1.133573e+03 
1.915200e-01 1.120572e+03 
1.926900e-01 1.108605e+03 
1.939000e-01 1.096747e+03 
1.951700e-01 1.084506e+03 
1.963100e-01 1.073800e+03 
1.975100e-01 1.062993e+03 
1.987800e-01 1.051737e+03 
2.000100e-01 1.041114e+03 
2.012500e-01 1.030812e+03 
2.023400e-01 1.021889e+03 
2.036100e-01 1.011689e+03 
2.048900e-01 1.001740e+03 
2.060400e-01 9.929346e+02 
2.072200e-01 9.840344e+02 
2.084200e-01 9.751954e+02 
2.096900e-01 9.659795e+02 
2.109200e-01 9.571872e+02 
2.121100e-01 9.487794e+02 
2.132700e-01 9.406961e+02 
2.145200e-01 9.321091e+02 
2.157200e-01 9.239443e+02 
2.168800e-01 9.161421e+02 
2.180700e-01 9.082469e+02 
2.193400e-01 8.999150e+02 
2.206000e-01 8.917213e+02 
2.217500e-01 8.843459e+02 
2.229500e-01 8.767525e+02 
2.241400e-01 8.692914e+02 
2.253500e-01 8.618066e+02 
2.264900e-01 8.548475e+02 
2.277100e-01 8.475074e+02 
2.289900e-01 8.399233e+02 
2.301500e-01 8.331426e+02 
2.313600e-01 8.261620e+02 
2.325600e-01 8.193979e+02 
2.337700e-01 8.126663e+02 
2.350000e-01 8.059134e+02 
2.362000e-01 7.994590e+02 
2.374100e-01 7.930913e+02 
2.386500e-01 7.866500e+02 
2.399100e-01 7.801909e+02 
2.410400e-01 7.745620e+02 
2.422500e-01 7.686193e+02 
2.435000e-01 7.625581e+02 
2.447300e-01 7.566889e+02 
2.458700e-01 7.513924e+02 
2.470600e-01 7.459288e+02 
2.483300e-01 7.401701e+02 
2.495600e-01 7.346885e+02 
2.507600e-01 7.294409e+02 
2.519600e-01 7.242556e+02 
2.532200e-01 7.188770e+02 
2.543700e-01 7.140424e+02 
2.555500e-01 7.091494e+02 
2.568000e-01 7.040272e+02 
2.580100e-01 6.991278e+02 
2.592400e-01 6.942022e+02 
2.604100e-01 6.895690e+02 
2.616100e-01 6.848706e+02 
2.628400e-01 6.801103e+02 
2.640600e-01 6.754203e+02 
2.652200e-01 6.710018e+02 
2.664300e-01 6.664439e+02 
2.676500e-01 6.619005e+02 
2.688400e-01 6.574943e+02 
2.700700e-01 6.529761e+02 
2.712400e-01 6.487257e+02 
2.724800e-01 6.442709e+02 
2.736700e-01 6.400223e+02 
2.748800e-01 6.357280e+02 
2.761000e-01 6.314459e+02 
2.773200e-01 6.272111e+02 
2.785400e-01 6.230112e+02 
2.797000e-01 6.190365e+02 
2.808900e-01 6.150018e+02 
2.821400e-01 6.108097e+02 
2.833900e-01 6.066627e+02 
2.845500e-01 6.028258e+02 
2.857800e-01 5.988001e+02 
2.870300e-01 5.947535e+02 
2.882100e-01 5.909740e+02 
2.893900e-01 5.872206e+02 
2.906300e-01 5.833110e+02 
2.918900e-01 5.793811e+02 
2.930500e-01 5.758008e+02 
2.942500e-01 5.721312e+02 
2.954200e-01 5.685790e+02 
2.966500e-01 5.648828e+02 
2.978900e-01 5.611955e+02 
2.990400e-01 5.578103e+02 
3.002700e-01 5.542212e+02 
3.015100e-01 5.506381e+02 
3.026800e-01 5.472912e+02 
3.038500e-01 5.439769e+02 
3.050300e-01 5.406668e+02 
3.062600e-01 5.372497e+02 
3.075000e-01 5.338397e+02 
3.087000e-01 5.305727e+02 
3.099100e-01 5.273107e+02 
3.111200e-01 5.240833e+02 
3.123100e-01 5.209441e+02 
3.135300e-01 5.177570e+02 
3.147300e-01 5.146526e+02 
3.159900e-01 5.114250e+02 
3.171800e-01 5.084121e+02 
3.183700e-01 5.054311e+02 
3.196300e-01 5.023054e+02 
3.208400e-01 4.993328e+02 
3.220300e-01 4.964369e+02 
3.232000e-01 4.936249e+02 
3.244300e-01 4.906998e+02 
3.256700e-01 4.877792e+02 
3.269200e-01 4.848633e+02 
3.280800e-01 4.821823e+02 
3.292500e-01 4.795138e+02 
3.304800e-01 4.767376e+02 
3.317100e-01 4.739873e+02 
3.328900e-01 4.713729e+02 
3.340700e-01 4.687817e+02 
3.353600e-01 4.659884e+02 
3.365300e-01 4.634831e+02 
3.377100e-01 4.609785e+02 
3.389200e-01 4.584330e+02 
3.401600e-01 4.558480e+02 
3.413700e-01 4.533599e+02 
3.425300e-01 4.510033e+02 
3.437700e-01 4.485063e+02 
3.449800e-01 4.460915e+02 
3.461800e-01 4.437175e+02 
3.473600e-01 4.414084e+02 
3.485800e-01 4.390545e+02 
3.498100e-01 4.367022e+02 
3.510200e-01 4.344083e+02 
3.522000e-01 4.321903e+02 
3.533900e-01 4.299723e+02 
3.546400e-01 4.276794e+02 
3.558400e-01 4.254982e+02 
3.570600e-01 4.232994e+02 
3.582700e-01 4.211372e+02 
3.595000e-01 4.189579e+02 
3.607100e-01 4.168410e+02 
3.618900e-01 4.148006e+02 
3.631200e-01 4.126914e+02 
3.643200e-01 4.106507e+02 
3.655500e-01 4.085765e+02 
3.667300e-01 4.066028e+02 
3.679500e-01 4.045947e+02 
3.691900e-01 4.025706e+02 
3.703600e-01 4.006762e+02 
3.715700e-01 3.987328e+02 
3.727700e-01 3.968210e+02 
3.739900e-01 3.948983e+02 
3.752000e-01 3.930165e+02 
3.763900e-01 3.911806e+02 
3.775800e-01 3.893590e+02 
3.788200e-01 3.874761e+02 
3.800300e-01 3.856535e+02 
3.812100e-01 3.838960e+02 
3.824200e-01 3.821118e+02 
3.836100e-01 3.803708e+02 
3.848600e-01 3.785564e+02 
3.860400e-01 3.768571e+02 
3.872400e-01 3.751421e+02 
3.884600e-01 3.734206e+02 
3.896500e-01 3.717574e+02 
3.908700e-01 3.700654e+02 
3.920600e-01 3.684276e+02 
3.933100e-01 3.667204e+02 
3.945300e-01 3.650672e+02 
3.957200e-01 3.634746e+02 
3.969300e-01 3.618695e+02 
3.981700e-01 3.602372e+02 
3.993500e-01 3.586956e+02 
4.094840e-01 3.459245e+02 
4.272360e-01 3.255259e+02 
4.454600e-01 3.067460e+02 
4.630560e-01 2.903828e+02 
4.804610e-01 2.756689e+02 
4.980690e-01 2.620786e+02 
5.159230e-01 2.494694e+02 
5.317440e-01 2.391707e+02 
5.489640e-01 2.288089e+02 
5.671990e-01 2.187085e+02 
5.838690e-01 2.101716e+02 
6.018840e-01 2.016319e+02 
6.202330e-01 1.936022e+02 
6.379250e-01 1.864159e+02 
6.545410e-01 1.801506e+02 
6.714560e-01 1.741824e+02 
6.892080e-01 1.683373e+02 
7.066010e-01 1.629917e+02 
7.240540e-01 1.579609e+02 
7.420450e-01 1.531110e+02 
7.593780e-01 1.487226e+02 
7.764720e-01 1.446406e+02 
7.942840e-01 1.406298e+02 
8.116170e-01 1.369476e+02 
8.288310e-01 1.334874e+02 
8.462240e-01 1.301691e+02 
8.631980e-01 1.270915e+02 
8.810700e-01 1.240089e+02 
8.989410e-01 1.210773e+02 
9.166330e-01 1.183094e+02 
9.345640e-01 1.156323e+02 
9.515980e-01 1.131994e+02 
9.688720e-01 1.108340e+02 
9.865640e-01 1.085103e+02 
1.031870e+00 1.029674e+02 
1.063490e+00 9.940478e+01 
1.097920e+00 9.578661e+01 
1.134370e+00 9.220151e+01 
1.167730e+00 8.913098e+01 
1.203830e+00 8.600077e+01 
1.240470e+00 8.301761e+01 
1.275790e+00 8.029918e+01 
1.309140e+00 7.787259e+01 
1.342970e+00 7.552414e+01 
1.378420e+00 7.319229e+01 
1.413200e+00 7.101300e+01 
1.448110e+00 6.892573e+01 
1.484090e+00 6.688008e+01 
1.518820e+00 6.499098e+01 
1.552880e+00 6.321809e+01 
1.588630e+00 6.143453e+01 
1.623230e+00 5.978472e+01 
1.657720e+00 5.820633e+01 
1.692450e+00 5.668405e+01 
1.726400e+00 5.524730e+01 
1.762200e+00 5.379116e+01 
1.797880e+00 5.239859e+01 
1.833270e+00 5.106826e+01 
1.869070e+00 4.977528e+01 
1.903200e+00 4.858685e+01 
1.937740e+00 4.742645e+01 
1.973190e+00 4.627694e+01 
2.007440e+00 4.520553e+01 
2.042160e+00 4.415725e+01 
2.077900e+00 4.311244e+01 
2.112390e+00 4.214075e+01 
2.146220e+00 4.121445e+01 
2.181600e+00 4.027854e+01 
2.216930e+00 3.937491e+01 
2.250760e+00 3.853564e+01 
2.286500e+00 3.767646e+01 
2.321770e+00 3.685709e+01 
2.355950e+00 3.608829e+01 
2.391280e+00 3.531477e+01 
2.426240e+00 3.457211e+01 
2.460670e+00 3.386262e+01 
2.495640e+00 3.316378e+01 
2.531080e+00 3.247612e+01 
2.566220e+00 3.181277e+01 
2.600830e+00 3.117853e+01 
2.635080e+00 3.056950e+01 
2.670340e+00 2.995706e+01 
2.705970e+00 2.935679e+01 
2.740040e+00 2.879936e+01 
2.774520e+00 2.824943e+01 
2.809730e+00 2.770256e+01 
2.844390e+00 2.717898e+01 
2.879960e+00 2.665544e+01 
2.914860e+00 2.615509e+01 
2.949410e+00 2.567301e+01 
2.984440e+00 2.519584e+01 
3.019760e+00 2.472796e+01 
3.054730e+00 2.427746e+01 
3.089030e+00 2.384418e+01 
3.124060e+00 2.341355e+01 
3.159560e+00 2.298868e+01 
3.194710e+00 2.257718e+01 
3.229010e+00 2.218574e+01 
3.263320e+00 2.180322e+01 
3.297930e+00 2.142701e+01 
3.332830e+00 2.105644e+01 
3.368040e+00 2.069126e+01 
3.403300e+00 2.033433e+01 
3.438450e+00 1.998632e+01 
3.473060e+00 1.965212e+01 
3.508440e+00 1.931834e+01 
3.543110e+00 1.899921e+01 
3.577470e+00 1.868874e+01 
3.613040e+00 1.837514e+01 
3.648120e+00 1.807297e+01 
3.682910e+00 1.778016e+01 
3.718050e+00 1.749070e+01 
3.753320e+00 1.720674e+01 
3.787980e+00 1.693364e+01 
3.822290e+00 1.666934e+01 
3.857020e+00 1.640759e+01 
3.891920e+00 1.615007e+01 
3.926650e+00 1.589861e+01 
3.961970e+00 1.564866e+01 
3.997360e+00 1.540370e+01 
4.031670e+00 1.517141e+01 
4.066330e+00 1.494120e+01 
4.101420e+00 1.471331e+01 
4.136200e+00 1.449200e+01 
4.170810e+00 1.427659e+01 
4.206250e+00 1.406011e+01 
4.241580e+00 1.384891e+01 
4.276300e+00 1.364547e+01 
4.310970e+00 1.344644e+01 
4.346120e+00 1.324879e+01 
4.380600e+00 1.305874e+01 
4.414730e+00 1.287447e+01 
4.450350e+00 1.268564e+01 
4.485320e+00 1.250413e+01 
4.519810e+00 1.232849e+01 
4.555430e+00 1.215070e+01 
4.590870e+00 1.197735e+01 
4.625480e+00 1.181131e+01 
4.659910e+00 1.164939e+01 
4.695230e+00 1.148630e+01 
4.729960e+00 1.132906e+01 
4.764450e+00 1.117586e+01 
4.799530e+00 1.102291e+01 
4.834910e+00 1.087166e+01 
4.869700e+00 1.072568e+01 
4.904370e+00 1.058294e+01 
4.939450e+00 1.044121e+01 
4.973940e+00 1.030441e+01 
5.008430e+00 1.017014e+01 
5.043810e+00 1.003488e+01 
5.078840e+00 9.903406e+00 
5.113500e+00 9.775702e+00 
5.148890e+00 9.647678e+00 
5.184210e+00 9.522251e+00 
5.219060e+00 9.400724e+00 
5.253660e+00 9.282195e+00 
5.288570e+00 9.164723e+00 
5.323420e+00 9.049539e+00 
5.358440e+00 8.935846e+00 
5.393590e+00 8.823736e+00 
5.428310e+00 8.714956e+00 
5.462800e+00 8.608764e+00 
5.497640e+00 8.503325e+00 
5.532670e+00 8.399158e+00 
5.567280e+00 8.297995e+00 
5.602000e+00 8.198212e+00 
5.637270e+00 8.098632e+00 
5.672410e+00 8.001107e+00 
5.707020e+00 7.906645e+00 
5.742040e+00 7.812706e+00 
5.777430e+00 7.719359e+00 
5.812210e+00 7.629126e+00 
5.846820e+00 7.540852e+00 
5.881610e+00 7.453561e+00 
5.916510e+00 7.367397e+00 
5.951600e+00 7.282252e+00 
5.986560e+00 7.198819e+00 
6.021830e+00 7.115984e+00 
6.056490e+00 7.035940e+00 
6.091160e+00 6.957180e+00 
6.125830e+00 6.879636e+00 
6.161090e+00 6.802037e+00 
6.195760e+00 6.727008e+00 
6.230420e+00 6.653139e+00 
6.265690e+00 6.579122e+00 
6.300950e+00 6.506405e+00 
6.335620e+00 6.435983e+00 
6.370880e+00 6.365438e+00 
6.405550e+00 6.297220e+00 
6.440220e+00 6.230052e+00 
6.475480e+00 6.162750e+00 
6.510150e+00 6.097589e+00 
6.544810e+00 6.033484e+00 
6.580080e+00 5.969201e+00 
6.614750e+00 5.906927e+00 
6.649410e+00 5.845728e+00 
6.684080e+00 5.785415e+00 
6.719340e+00 5.724950e+00 
6.754010e+00 5.666384e+00 
6.788680e+00 5.608735e+00 
6.823940e+00 5.550930e+00 
6.859800e+00 5.492978e+00 
6.894470e+00 5.437856e+00 
6.929140e+00 5.383535e+00 
6.963800e+00 5.329973e+00 
6.999070e+00 5.276225e+00 
7.033730e+00 5.224259e+00 
7.068400e+00 5.172978e+00 
7.103660e+00 5.121531e+00 
7.138330e+00 5.071685e+00 
7.173600e+00 5.021779e+00 
7.208260e+00 4.973390e+00 
7.243530e+00 4.924803e+00 
7.277600e+00 4.878572e+00 
7.312860e+00 4.831430e+00 
7.348120e+00 4.784911e+00 
7.382790e+00 4.739766e+00 
7.417460e+00 4.695299e+00 
7.452720e+00 4.650710e+00 
7.487390e+00 4.607431e+00 
7.522650e+00 4.563979e+00 
7.557320e+00 4.521906e+00 
7.591990e+00 4.480402e+00 
7.627250e+00 4.438725e+00 
7.662510e+00 4.397576e+00 
7.697180e+00 4.357733e+00 
7.731850e+00 4.318424e+00 
7.766510e+00 4.279611e+00 
7.801180e+00 4.241262e+00 
7.836440e+00 4.202840e+00 
7.871110e+00 4.165586e+00 
7.906380e+00 4.128150e+00 
7.941040e+00 4.091808e+00 
7.976310e+00 4.055331e+00 
8.011570e+00 4.019375e+00 
8.046240e+00 3.984445e+00 
8.080900e+00 3.949939e+00 
8.115570e+00 3.915860e+00 
8.150830e+00 3.881726e+00 
8.185500e+00 3.848559e+00 
8.220770e+00 3.815214e+00 
8.255430e+00 3.782828e+00 
8.290100e+00 3.750923e+00 
8.324770e+00 3.719397e+00 
8.359430e+00 3.688241e+00 
8.394700e+00 3.656902e+00 
8.429960e+00 3.626003e+00 
8.464630e+00 3.596040e+00 
8.499890e+00 3.565912e+00 
8.534560e+00 3.536624e+00 
8.569200e+00 3.507688e+00 
