# Parameters:
# omega_b = 0.022996, omega_m = 0.138740, n_s = 1.037402, h = 79.803150, w = -1.000000, sigma_8 = 0.871654
# z = 0.900000
#
# k[1/Mpc] # P(k):
8.694000e-04 4.954812e+03 
2.077466e-03 1.123957e+04 
3.285532e-03 1.641144e+04 
4.493598e-03 2.055007e+04 
5.701664e-03 2.372912e+04 
6.909730e-03 2.607349e+04 
8.117797e-03 2.774987e+04 
9.325863e-03 2.884137e+04 
1.053393e-02 2.943356e+04 
1.174199e-02 2.960746e+04 
1.295006e-02 2.941788e+04 
1.415813e-02 2.894298e+04 
1.536619e-02 2.824783e+04 
1.657426e-02 2.736986e+04 
1.778233e-02 2.629198e+04 
1.899039e-02 2.504368e+04 
2.019846e-02 2.377682e+04 
2.140652e-02 2.259354e+04 
2.261459e-02 2.147881e+04 
2.382266e-02 2.042837e+04 
2.503072e-02 1.945192e+04 
2.623879e-02 1.855463e+04 
2.744685e-02 1.774021e+04 
2.865492e-02 1.700871e+04 
2.986299e-02 1.635651e+04 
3.100100e-02 1.581349e+04 
3.220400e-02 1.530811e+04 
3.288100e-02 1.505425e+04 
3.424300e-02 1.460019e+04 
3.555100e-02 1.422397e+04 
3.686000e-02 1.389789e+04 
3.795000e-02 1.365615e+04 
3.929100e-02 1.338900e+04 
4.039800e-02 1.318378e+04 
4.164000e-02 1.296275e+04 
4.294400e-02 1.272897e+04 
4.415000e-02 1.251003e+04 
4.542900e-02 1.226066e+04 
4.660900e-02 1.202023e+04 
4.782300e-02 1.174588e+04 
4.892900e-02 1.148303e+04 
5.031200e-02 1.113186e+04 
5.155900e-02 1.079401e+04 
5.238100e-02 1.056353e+04 
5.378200e-02 1.016075e+04 
5.513400e-02 9.763212e+03 
5.627600e-02 9.426109e+03 
5.735300e-02 9.112022e+03 
5.870100e-02 8.728743e+03 
5.988700e-02 8.405317e+03 
6.113500e-02 8.081614e+03 
6.225900e-02 7.807511e+03 
6.340100e-02 7.548044e+03 
6.480200e-02 7.255351e+03 
6.601100e-02 7.028463e+03 
6.725500e-02 6.818870e+03 
6.829100e-02 6.664401e+03 
6.958600e-02 6.490891e+03 
7.071100e-02 6.359371e+03 
7.192300e-02 6.234534e+03 
7.307400e-02 6.130370e+03 
7.412300e-02 6.045938e+03 
7.550400e-02 5.948725e+03 
7.663100e-02 5.877340e+03 
7.791200e-02 5.804328e+03 
7.912700e-02 5.739288e+03 
8.027600e-02 5.679259e+03 
8.138400e-02 5.621454e+03 
8.272200e-02 5.549947e+03 
8.406100e-02 5.474946e+03 
8.534100e-02 5.397055e+03 
8.653800e-02 5.317998e+03 
8.759800e-02 5.244322e+03 
8.900300e-02 5.140474e+03 
9.009000e-02 5.054726e+03 
9.113300e-02 4.967786e+03 
9.239600e-02 4.859891e+03 
9.358000e-02 4.755262e+03 
9.496100e-02 4.629297e+03 
9.608400e-02 4.526609e+03 
9.727500e-02 4.418399e+03 
9.852600e-02 4.304432e+03 
9.973800e-02 4.197171e+03 
1.009000e-01 4.097226e+03 
1.020900e-01 3.999455e+03 
1.034000e-01 3.897067e+03 
1.046000e-01 3.808205e+03 
1.057200e-01 3.732290e+03 
1.069100e-01 3.655865e+03 
1.082500e-01 3.578441e+03 
1.093900e-01 3.518675e+03 
1.105400e-01 3.462384e+03 
1.116900e-01 3.413467e+03 
1.129600e-01 3.362844e+03 
1.142000e-01 3.319656e+03 
1.153300e-01 3.282928e+03 
1.166400e-01 3.243987e+03 
1.177800e-01 3.212377e+03 
1.190000e-01 3.180046e+03 
1.201200e-01 3.150996e+03 
1.213400e-01 3.120100e+03 
1.227100e-01 3.084157e+03 
1.238900e-01 3.053241e+03 
1.250700e-01 3.020497e+03 
1.263200e-01 2.985364e+03 
1.275500e-01 2.948796e+03 
1.287500e-01 2.912376e+03 
1.299900e-01 2.873125e+03 
1.311300e-01 2.836415e+03 
1.323500e-01 2.795846e+03 
1.335900e-01 2.754392e+03 
1.347100e-01 2.716232e+03 
1.359800e-01 2.673258e+03 
1.372100e-01 2.631258e+03 
1.384300e-01 2.590277e+03 
1.395700e-01 2.552157e+03 
1.407700e-01 2.512899e+03 
1.420300e-01 2.472529e+03 
1.432800e-01 2.433405e+03 
1.444500e-01 2.398252e+03 
1.456300e-01 2.363549e+03 
1.468900e-01 2.328398e+03 
1.480500e-01 2.297048e+03 
1.491700e-01 2.268112e+03 
1.503800e-01 2.238407e+03 
1.516400e-01 2.208465e+03 
1.528200e-01 2.182524e+03 
1.540200e-01 2.156652e+03 
1.551900e-01 2.133305e+03 
1.564300e-01 2.109372e+03 
1.576600e-01 2.086692e+03 
1.588700e-01 2.065523e+03 
1.600900e-01 2.044616e+03 
1.612700e-01 2.025471e+03 
1.625400e-01 2.005246e+03 
1.637600e-01 1.986209e+03 
1.649500e-01 1.967990e+03 
1.662200e-01 1.948819e+03 
1.674000e-01 1.930883e+03 
1.685000e-01 1.914441e+03 
1.697500e-01 1.895586e+03 
1.710300e-01 1.876143e+03 
1.722200e-01 1.858386e+03 
1.734400e-01 1.839360e+03 
1.746400e-01 1.820920e+03 
1.758700e-01 1.802010e+03 
1.770900e-01 1.782897e+03 
1.782700e-01 1.764724e+03 
1.794600e-01 1.746268e+03 
1.807000e-01 1.727071e+03 
1.819100e-01 1.708659e+03 
1.830100e-01 1.691919e+03 
1.842200e-01 1.673753e+03 
1.855000e-01 1.654866e+03 
1.867000e-01 1.637500e+03 
1.879200e-01 1.620134e+03 
1.890900e-01 1.603802e+03 
1.902800e-01 1.587737e+03 
1.915200e-01 1.571266e+03 
1.926900e-01 1.556087e+03 
1.939000e-01 1.541014e+03 
1.951700e-01 1.525445e+03 
1.963100e-01 1.511817e+03 
1.975100e-01 1.498032e+03 
1.987800e-01 1.483669e+03 
2.000100e-01 1.470104e+03 
2.012500e-01 1.456937e+03 
2.023400e-01 1.445527e+03 
2.036100e-01 1.432480e+03 
2.048900e-01 1.419745e+03 
2.060400e-01 1.408470e+03 
2.072200e-01 1.397070e+03 
2.084200e-01 1.385746e+03 
2.096900e-01 1.373935e+03 
2.109200e-01 1.362663e+03 
2.121100e-01 1.351879e+03 
2.132700e-01 1.341509e+03 
2.145200e-01 1.330488e+03 
2.157200e-01 1.320006e+03 
2.168800e-01 1.309986e+03 
2.180700e-01 1.299843e+03 
2.193400e-01 1.289129e+03 
2.206000e-01 1.278573e+03 
2.217500e-01 1.269069e+03 
2.229500e-01 1.259282e+03 
2.241400e-01 1.249642e+03 
2.253500e-01 1.239968e+03 
2.264900e-01 1.230971e+03 
2.277100e-01 1.221460e+03 
2.289900e-01 1.211609e+03 
2.301500e-01 1.202798e+03 
2.313600e-01 1.193725e+03 
2.325600e-01 1.184891e+03 
2.337700e-01 1.176096e+03 
2.350000e-01 1.167271e+03 
2.362000e-01 1.158815e+03 
2.374100e-01 1.150447e+03 
2.386500e-01 1.141980e+03 
2.399100e-01 1.133488e+03 
2.410400e-01 1.126053e+03 
2.422500e-01 1.118199e+03 
2.435000e-01 1.110185e+03 
2.447300e-01 1.102419e+03 
2.458700e-01 1.095386e+03 
2.470600e-01 1.088130e+03 
2.483300e-01 1.080481e+03 
2.495600e-01 1.073192e+03 
2.507600e-01 1.066204e+03 
2.519600e-01 1.059297e+03 
2.532200e-01 1.052132e+03 
2.543700e-01 1.045690e+03 
2.555500e-01 1.039168e+03 
2.568000e-01 1.032340e+03 
2.580100e-01 1.025808e+03 
2.592400e-01 1.019245e+03 
2.604100e-01 1.013073e+03 
2.616100e-01 1.006813e+03 
2.628400e-01 1.000469e+03 
2.640600e-01 9.942289e+02 
2.652200e-01 9.883527e+02 
2.664300e-01 9.822904e+02 
2.676500e-01 9.762461e+02 
2.688400e-01 9.703946e+02 
2.700700e-01 9.643999e+02 
2.712400e-01 9.587598e+02 
2.724800e-01 9.528472e+02 
2.736700e-01 9.472151e+02 
2.748800e-01 9.415294e+02 
2.761000e-01 9.358588e+02 
2.773200e-01 9.302496e+02 
2.785400e-01 9.246907e+02 
2.797000e-01 9.194391e+02 
2.808900e-01 9.141071e+02 
2.821400e-01 9.085660e+02 
2.833900e-01 9.030838e+02 
2.845500e-01 8.980226e+02 
2.857800e-01 8.927113e+02 
2.870300e-01 8.873711e+02 
2.882100e-01 8.823823e+02 
2.893900e-01 8.774341e+02 
2.906300e-01 8.722825e+02 
2.918900e-01 8.671031e+02 
2.930500e-01 8.623833e+02 
2.942500e-01 8.575458e+02 
2.954200e-01 8.528660e+02 
2.966500e-01 8.479952e+02 
2.978900e-01 8.431349e+02 
2.990400e-01 8.386718e+02 
3.002700e-01 8.339414e+02 
3.015100e-01 8.292191e+02 
3.026800e-01 8.248071e+02 
3.038500e-01 8.204369e+02 
3.050300e-01 8.160712e+02 
3.062600e-01 8.115651e+02 
3.075000e-01 8.070673e+02 
3.087000e-01 8.027569e+02 
3.099100e-01 7.984523e+02 
3.111200e-01 7.941916e+02 
3.123100e-01 7.900454e+02 
3.135300e-01 7.858350e+02 
3.147300e-01 7.817328e+02 
3.159900e-01 7.774668e+02 
3.171800e-01 7.734810e+02 
3.183700e-01 7.695349e+02 
3.196300e-01 7.653962e+02 
3.208400e-01 7.614594e+02 
3.220300e-01 7.576232e+02 
3.232000e-01 7.538937e+02 
3.244300e-01 7.500119e+02 
3.256700e-01 7.461351e+02 
3.269200e-01 7.422637e+02 
3.280800e-01 7.387034e+02 
3.292500e-01 7.351550e+02 
3.304800e-01 7.314615e+02 
3.317100e-01 7.278016e+02 
3.328900e-01 7.243218e+02 
3.340700e-01 7.208722e+02 
3.353600e-01 7.171463e+02 
3.365300e-01 7.138016e+02 
3.377100e-01 7.104571e+02 
3.389200e-01 7.070573e+02 
3.401600e-01 7.036040e+02 
3.413700e-01 7.002750e+02 
3.425300e-01 6.971185e+02 
3.437700e-01 6.937731e+02 
3.449800e-01 6.905372e+02 
3.461800e-01 6.873554e+02 
3.473600e-01 6.842578e+02 
3.485800e-01 6.810938e+02 
3.498100e-01 6.779312e+02 
3.510200e-01 6.748467e+02 
3.522000e-01 6.718636e+02 
3.533900e-01 6.688801e+02 
3.546400e-01 6.657868e+02 
3.558400e-01 6.628432e+02 
3.570600e-01 6.598754e+02 
3.582700e-01 6.569564e+02 
3.595000e-01 6.540138e+02 
3.607100e-01 6.511507e+02 
3.618900e-01 6.483870e+02 
3.631200e-01 6.455296e+02 
3.643200e-01 6.427648e+02 
3.655500e-01 6.399539e+02 
3.667300e-01 6.372790e+02 
3.679500e-01 6.345484e+02 
3.691900e-01 6.317957e+02 
3.703600e-01 6.292191e+02 
3.715700e-01 6.265753e+02 
3.727700e-01 6.239742e+02 
3.739900e-01 6.213556e+02 
3.752000e-01 6.187881e+02 
3.763900e-01 6.162828e+02 
3.775800e-01 6.137968e+02 
3.788200e-01 6.112267e+02 
3.800300e-01 6.087386e+02 
3.812100e-01 6.063346e+02 
3.824200e-01 6.038907e+02 
3.836100e-01 6.015057e+02 
3.848600e-01 5.990199e+02 
3.860400e-01 5.966913e+02 
3.872400e-01 5.943412e+02 
3.884600e-01 5.919769e+02 
3.896500e-01 5.896909e+02 
3.908700e-01 5.873650e+02 
3.920600e-01 5.851133e+02 
3.933100e-01 5.827661e+02 
3.945300e-01 5.804927e+02 
3.957200e-01 5.782970e+02 
3.969300e-01 5.760823e+02 
3.981700e-01 5.738299e+02 
3.993500e-01 5.717023e+02 
4.094840e-01 5.540347e+02 
4.272360e-01 5.256426e+02 
4.454600e-01 4.993124e+02 
4.630560e-01 4.762127e+02 
4.804610e-01 4.553137e+02 
4.980690e-01 4.358947e+02 
5.159230e-01 4.177763e+02 
5.317440e-01 4.029006e+02 
5.489640e-01 3.878567e+02 
5.671990e-01 3.731164e+02 
5.838690e-01 3.605984e+02 
6.018840e-01 3.480098e+02 
6.202330e-01 3.361012e+02 
6.379250e-01 3.254035e+02 
6.545410e-01 3.160194e+02 
6.714560e-01 3.070345e+02 
6.892080e-01 2.981992e+02 
7.066010e-01 2.900648e+02 
7.240540e-01 2.823776e+02 
7.420450e-01 2.749155e+02 
7.593780e-01 2.681248e+02 
7.764720e-01 2.617744e+02 
7.942840e-01 2.555008e+02 
8.116170e-01 2.496984e+02 
8.288310e-01 2.442111e+02 
8.462240e-01 2.389171e+02 
8.631980e-01 2.339741e+02 
8.810700e-01 2.289945e+02 
8.989410e-01 2.242282e+02 
9.166330e-01 2.196994e+02 
9.345640e-01 2.152904e+02 
9.515980e-01 2.112549e+02 
9.688720e-01 2.073071e+02 
9.865640e-01 2.034012e+02 
1.031870e+00 1.939960e+02 
1.063490e+00 1.878672e+02 
1.097920e+00 1.815813e+02 
1.134370e+00 1.752861e+02 
1.167730e+00 1.698396e+02 
1.203830e+00 1.642333e+02 
1.240470e+00 1.588471e+02 
1.275790e+00 1.538918e+02 
1.309140e+00 1.494457e+02 
1.342970e+00 1.451044e+02 
1.378420e+00 1.407722e+02 
1.413200e+00 1.366985e+02 
1.448110e+00 1.327750e+02 
1.484090e+00 1.289118e+02 
1.518820e+00 1.253282e+02 
1.552880e+00 1.219511e+02 
1.588630e+00 1.185428e+02 
1.623230e+00 1.153780e+02 
1.657720e+00 1.123421e+02 
1.692450e+00 1.094074e+02 
1.726400e+00 1.066277e+02 
1.762200e+00 1.038029e+02 
1.797880e+00 1.010987e+02 
1.833270e+00 9.850903e+01 
1.869070e+00 9.598637e+01 
1.903200e+00 9.366667e+01 
1.937740e+00 9.139845e+01 
1.973190e+00 8.914667e+01 
2.007440e+00 8.704715e+01 
2.042160e+00 8.499156e+01 
2.077900e+00 8.293999e+01 
2.112390e+00 8.103218e+01 
2.146220e+00 7.921066e+01 
2.181600e+00 7.736999e+01 
2.216930e+00 7.559244e+01 
2.250760e+00 7.394059e+01 
2.286500e+00 7.224884e+01 
2.321770e+00 7.063547e+01 
2.355950e+00 6.912223e+01 
2.391280e+00 6.759852e+01 
2.426240e+00 6.613665e+01 
2.460670e+00 6.474042e+01 
2.495640e+00 6.336480e+01 
2.531080e+00 6.201082e+01 
2.566220e+00 6.070578e+01 
2.600830e+00 5.945870e+01 
2.635080e+00 5.826168e+01 
2.670340e+00 5.705873e+01 
2.705970e+00 5.587993e+01 
2.740040e+00 5.478540e+01 
2.774520e+00 5.370530e+01 
2.809730e+00 5.263273e+01 
2.844390e+00 5.160670e+01 
2.879960e+00 5.058151e+01 
2.914860e+00 4.960195e+01 
2.949410e+00 4.865868e+01 
2.984440e+00 4.772638e+01 
3.019760e+00 4.681230e+01 
3.054730e+00 4.593240e+01 
3.089030e+00 4.508772e+01 
3.124060e+00 4.424839e+01 
3.159560e+00 4.342038e+01 
3.194710e+00 4.261968e+01 
3.229010e+00 4.185858e+01 
3.263320e+00 4.111609e+01 
3.297930e+00 4.038596e+01 
3.332830e+00 3.966688e+01 
3.368040e+00 3.895918e+01 
3.403300e+00 3.826819e+01 
3.438450e+00 3.759550e+01 
3.473060e+00 3.694987e+01 
3.508440e+00 3.630558e+01 
3.543110e+00 3.568987e+01 
3.577470e+00 3.509194e+01 
3.613040e+00 3.448822e+01 
3.648120e+00 3.390693e+01 
3.682910e+00 3.334409e+01 
3.718050e+00 3.278837e+01 
3.753320e+00 3.224367e+01 
3.787980e+00 3.172045e+01 
3.822290e+00 3.121450e+01 
3.857020e+00 3.071400e+01 
3.891920e+00 3.022196e+01 
3.926650e+00 2.974208e+01 
3.961970e+00 2.926539e+01 
3.997360e+00 2.879888e+01 
4.031670e+00 2.835668e+01 
4.066330e+00 2.791898e+01 
4.101420e+00 2.748579e+01 
4.136200e+00 2.706583e+01 
4.170810e+00 2.665711e+01 
4.206250e+00 2.624689e+01 
4.241580e+00 2.584680e+01 
4.276300e+00 2.546195e+01 
4.310970e+00 2.508572e+01 
4.346120e+00 2.471236e+01 
4.380600e+00 2.435377e+01 
4.414730e+00 2.400613e+01 
4.450350e+00 2.365059e+01 
4.485320e+00 2.330884e+01 
4.519810e+00 2.297856e+01 
4.555430e+00 2.264440e+01 
4.590870e+00 2.231881e+01 
4.625480e+00 2.200731e+01 
4.659910e+00 2.170355e+01 
4.695230e+00 2.139806e+01 
4.729960e+00 2.110361e+01 
4.764450e+00 2.081690e+01 
4.799530e+00 2.053099e+01 
4.834910e+00 2.024825e+01 
4.869700e+00 1.997575e+01 
4.904370e+00 1.970936e+01 
4.939450e+00 1.944499e+01 
4.973940e+00 1.919011e+01 
5.008430e+00 1.893995e+01 
5.043810e+00 1.868820e+01 
5.078840e+00 1.844364e+01 
5.113500e+00 1.820610e+01 
5.148890e+00 1.796826e+01 
5.184210e+00 1.773526e+01 
5.219060e+00 1.750959e+01 
5.253660e+00 1.728973e+01 
5.288570e+00 1.707183e+01 
5.323420e+00 1.685829e+01 
5.358440e+00 1.664766e+01 
5.393590e+00 1.643995e+01 
5.428310e+00 1.623858e+01 
5.462800e+00 1.604209e+01 
5.497640e+00 1.584698e+01 
5.532670e+00 1.565439e+01 
5.567280e+00 1.546740e+01 
5.602000e+00 1.528295e+01 
5.637270e+00 1.509902e+01 
5.672410e+00 1.491890e+01 
5.707020e+00 1.474444e+01 
5.742040e+00 1.457109e+01 
5.777430e+00 1.439885e+01 
5.812210e+00 1.423235e+01 
5.846820e+00 1.406955e+01 
5.881610e+00 1.390858e+01 
5.916510e+00 1.374967e+01 
5.951600e+00 1.359272e+01 
5.986560e+00 1.343896e+01 
6.021830e+00 1.328629e+01 
6.056490e+00 1.313880e+01 
6.091160e+00 1.299372e+01 
6.125830e+00 1.285086e+01 
6.161090e+00 1.270791e+01 
6.195760e+00 1.256972e+01 
6.230420e+00 1.243365e+01 
6.265690e+00 1.229731e+01 
6.300950e+00 1.216341e+01 
6.335620e+00 1.203373e+01 
6.370880e+00 1.190381e+01 
6.405550e+00 1.177818e+01 
6.440220e+00 1.165447e+01 
6.475480e+00 1.153050e+01 
6.510150e+00 1.141047e+01 
6.544810e+00 1.129239e+01 
6.580080e+00 1.117398e+01 
6.614750e+00 1.105926e+01 
6.649410e+00 1.094650e+01 
6.684080e+00 1.083536e+01 
6.719340e+00 1.072392e+01 
6.754010e+00 1.061597e+01 
6.788680e+00 1.050967e+01 
6.823940e+00 1.040308e+01 
6.859800e+00 1.029620e+01 
6.894470e+00 1.019451e+01 
6.929140e+00 1.009428e+01 
6.963800e+00 9.995436e+00 
6.999070e+00 9.896240e+00 
7.033730e+00 9.800292e+00 
7.068400e+00 9.705600e+00 
7.103660e+00 9.610591e+00 
7.138330e+00 9.518507e+00 
7.173600e+00 9.426255e+00 
7.208260e+00 9.336799e+00 
7.243530e+00 9.246969e+00 
7.277600e+00 9.161451e+00 
7.312860e+00 9.074208e+00 
7.348120e+00 8.988109e+00 
7.382790e+00 8.904547e+00 
7.417460e+00 8.822180e+00 
7.452720e+00 8.739553e+00 
7.487390e+00 8.659346e+00 
7.522650e+00 8.578813e+00 
7.557320e+00 8.500760e+00 
7.591990e+00 8.423732e+00 
7.627250e+00 8.346376e+00 
7.662510e+00 8.269996e+00 
7.697180e+00 8.195973e+00 
7.731850e+00 8.122915e+00 
7.766510e+00 8.050772e+00 
7.801180e+00 7.979488e+00 
7.836440e+00 7.908000e+00 
7.871110e+00 7.838642e+00 
7.906380e+00 7.768939e+00 
7.941040e+00 7.701270e+00 
7.976310e+00 7.633292e+00 
8.011570e+00 7.566219e+00 
8.046240e+00 7.501056e+00 
8.080900e+00 7.436679e+00 
8.115570e+00 7.373076e+00 
8.150830e+00 7.309291e+00 
8.185500e+00 7.247309e+00 
8.220770e+00 7.184993e+00 
8.255430e+00 7.124468e+00 
8.290100e+00 7.064728e+00 
8.324770e+00 7.005686e+00 
8.359430e+00 6.947335e+00 
8.394700e+00 6.888638e+00 
8.429960e+00 6.830711e+00 
8.464630e+00 6.774479e+00 
8.499890e+00 6.717938e+00 
8.534560e+00 6.662971e+00 
8.569200e+00 6.608665e+00 
