# Parameters:
# omega_b = 0.022335, omega_m = 0.140945, n_s = 0.917717, h = 64.685039, w = -1.000000, sigma_8 = 0.785039
# z = 0.900000
#
# k[1/Mpc] # P(k):
8.694000e-04 7.774729e+03 
2.077466e-03 1.595911e+04 
3.285532e-03 2.211689e+04 
4.493598e-03 2.672721e+04 
5.701664e-03 3.006364e+04 
6.909730e-03 3.235829e+04 
8.117797e-03 3.385362e+04 
9.325863e-03 3.467454e+04 
1.053393e-02 3.494184e+04 
1.174199e-02 3.476493e+04 
1.295006e-02 3.421280e+04 
1.415813e-02 3.337659e+04 
1.536619e-02 3.233318e+04 
1.657426e-02 3.113737e+04 
1.778233e-02 2.984890e+04 
1.899039e-02 2.854796e+04 
2.019846e-02 2.724418e+04 
2.140652e-02 2.595045e+04 
2.261459e-02 2.468882e+04 
2.382266e-02 2.348692e+04 
2.503072e-02 2.236079e+04 
2.623879e-02 2.131568e+04 
2.744685e-02 2.035294e+04 
2.865492e-02 1.947454e+04 
2.986299e-02 1.867709e+04 
3.100100e-02 1.799751e+04 
3.220400e-02 1.734917e+04 
3.288100e-02 1.701497e+04 
3.424300e-02 1.640186e+04 
3.555100e-02 1.587716e+04 
3.686000e-02 1.540733e+04 
3.795000e-02 1.505056e+04 
3.929100e-02 1.464860e+04 
4.039800e-02 1.433939e+04 
4.164000e-02 1.401028e+04 
4.294400e-02 1.367579e+04 
4.415000e-02 1.337439e+04 
4.542900e-02 1.305229e+04 
4.660900e-02 1.275573e+04 
4.782300e-02 1.243859e+04 
4.892900e-02 1.214609e+04 
5.031200e-02 1.177075e+04 
5.155900e-02 1.142212e+04 
5.238100e-02 1.118887e+04 
5.378200e-02 1.078728e+04 
5.513400e-02 1.039574e+04 
5.627600e-02 1.006510e+04 
5.735300e-02 9.756573e+03 
5.870100e-02 9.377859e+03 
5.988700e-02 9.055035e+03 
6.113500e-02 8.727646e+03 
6.225900e-02 8.445547e+03 
6.340100e-02 8.173211e+03 
6.480200e-02 7.859508e+03 
6.601100e-02 7.608648e+03 
6.725500e-02 7.369966e+03 
6.829100e-02 7.187650e+03 
6.958600e-02 6.977215e+03 
7.071100e-02 6.811483e+03 
7.192300e-02 6.648768e+03 
7.307400e-02 6.508335e+03 
7.412300e-02 6.391156e+03 
7.550400e-02 6.252007e+03 
7.663100e-02 6.148006e+03 
7.791200e-02 6.040653e+03 
7.912700e-02 5.946493e+03 
8.027600e-02 5.862041e+03 
8.138400e-02 5.783521e+03 
8.272200e-02 5.691023e+03 
8.406100e-02 5.599295e+03 
8.534100e-02 5.509933e+03 
8.653800e-02 5.423585e+03 
8.759800e-02 5.345410e+03 
8.900300e-02 5.238371e+03 
9.009000e-02 5.152129e+03 
9.113300e-02 5.066086e+03 
9.239600e-02 4.960261e+03 
9.358000e-02 4.858532e+03 
9.496100e-02 4.736785e+03 
9.608400e-02 4.637693e+03 
9.727500e-02 4.533320e+03 
9.852600e-02 4.423134e+03 
9.973800e-02 4.319029e+03 
1.009000e-01 4.221680e+03 
1.020900e-01 4.125203e+03 
1.034000e-01 4.023309e+03 
1.046000e-01 3.933956e+03 
1.057200e-01 3.855674e+03 
1.069100e-01 3.776045e+03 
1.082500e-01 3.692815e+03 
1.093900e-01 3.626752e+03 
1.105400e-01 3.563422e+03 
1.116900e-01 3.505656e+03 
1.129600e-01 3.444915e+03 
1.142000e-01 3.390621e+03 
1.153300e-01 3.343679e+03 
1.166400e-01 3.292634e+03 
1.177800e-01 3.250751e+03 
1.190000e-01 3.207673e+03 
1.201200e-01 3.169822e+03 
1.213400e-01 3.129699e+03 
1.227100e-01 3.085712e+03 
1.238900e-01 3.048558e+03 
1.250700e-01 3.011462e+03 
1.263200e-01 2.972564e+03 
1.275500e-01 2.934029e+03 
1.287500e-01 2.896539e+03 
1.299900e-01 2.857479e+03 
1.311300e-01 2.821530e+03 
1.323500e-01 2.782641e+03 
1.335900e-01 2.743185e+03 
1.347100e-01 2.707227e+03 
1.359800e-01 2.666737e+03 
1.372100e-01 2.627189e+03 
1.384300e-01 2.588463e+03 
1.395700e-01 2.552138e+03 
1.407700e-01 2.514647e+03 
1.420300e-01 2.475374e+03 
1.432800e-01 2.437302e+03 
1.444500e-01 2.402167e+03 
1.456300e-01 2.367481e+03 
1.468900e-01 2.331590e+03 
1.480500e-01 2.299354e+03 
1.491700e-01 2.269200e+03 
1.503800e-01 2.237726e+03 
1.516400e-01 2.205859e+03 
1.528200e-01 2.177573e+03 
1.540200e-01 2.149378e+03 
1.551900e-01 2.123424e+03 
1.564300e-01 2.096697e+03 
1.576600e-01 2.071209e+03 
1.588700e-01 2.047221e+03 
1.600900e-01 2.023535e+03 
1.612700e-01 2.001814e+03 
1.625400e-01 1.978874e+03 
1.637600e-01 1.957490e+03 
1.649500e-01 1.937149e+03 
1.662200e-01 1.915834e+03 
1.674000e-01 1.896371e+03 
1.685000e-01 1.878532e+03 
1.697500e-01 1.858430e+03 
1.710300e-01 1.838047e+03 
1.722200e-01 1.819435e+03 
1.734400e-01 1.800123e+03 
1.746400e-01 1.781433e+03 
1.758700e-01 1.762421e+03 
1.770900e-01 1.743512e+03 
1.782700e-01 1.725533e+03 
1.794600e-01 1.707424e+03 
1.807000e-01 1.688688e+03 
1.819100e-01 1.670716e+03 
1.830100e-01 1.654412e+03 
1.842200e-01 1.636725e+03 
1.855000e-01 1.618330e+03 
1.867000e-01 1.601294e+03 
1.879200e-01 1.584259e+03 
1.890900e-01 1.568203e+03 
1.902800e-01 1.552216e+03 
1.915200e-01 1.535828e+03 
1.926900e-01 1.520665e+03 
1.939000e-01 1.505404e+03 
1.951700e-01 1.489645e+03 
1.963100e-01 1.475788e+03 
1.975100e-01 1.461603e+03 
1.987800e-01 1.446827e+03 
2.000100e-01 1.432823e+03 
2.012500e-01 1.419112e+03 
2.023400e-01 1.407234e+03 
2.036100e-01 1.393638e+03 
2.048900e-01 1.380312e+03 
2.060400e-01 1.368517e+03 
2.072200e-01 1.356594e+03 
2.084200e-01 1.344768e+03 
2.096900e-01 1.332436e+03 
2.109200e-01 1.320669e+03 
2.121100e-01 1.309479e+03 
2.132700e-01 1.298724e+03 
2.145200e-01 1.287297e+03 
2.157200e-01 1.276476e+03 
2.168800e-01 1.266156e+03 
2.180700e-01 1.255712e+03 
2.193400e-01 1.244695e+03 
2.206000e-01 1.233873e+03 
2.217500e-01 1.224130e+03 
2.229500e-01 1.214097e+03 
2.241400e-01 1.204198e+03 
2.253500e-01 1.194265e+03 
2.264900e-01 1.185029e+03 
2.277100e-01 1.175225e+03 
2.289900e-01 1.165028e+03 
2.301500e-01 1.155909e+03 
2.313600e-01 1.146520e+03 
2.325600e-01 1.137247e+03 
2.337700e-01 1.128019e+03 
2.350000e-01 1.118761e+03 
2.362000e-01 1.109821e+03 
2.374100e-01 1.100894e+03 
2.386500e-01 1.091865e+03 
2.399100e-01 1.082810e+03 
2.410400e-01 1.074771e+03 
2.422500e-01 1.066266e+03 
2.435000e-01 1.057591e+03 
2.447300e-01 1.049170e+03 
2.458700e-01 1.041477e+03 
2.470600e-01 1.033542e+03 
2.483300e-01 1.025180e+03 
2.495600e-01 1.017204e+03 
2.507600e-01 1.009545e+03 
2.519600e-01 1.001979e+03 
2.532200e-01 9.941312e+02 
2.543700e-01 9.871012e+02 
2.555500e-01 9.800023e+02 
2.568000e-01 9.725720e+02 
2.580100e-01 9.654657e+02 
2.592400e-01 9.583902e+02 
2.604100e-01 9.517651e+02 
2.616100e-01 9.450475e+02 
2.628400e-01 9.382419e+02 
2.640600e-01 9.316296e+02 
2.652200e-01 9.254367e+02 
2.664300e-01 9.190487e+02 
2.676500e-01 9.126812e+02 
2.688400e-01 9.065859e+02 
2.700700e-01 9.003850e+02 
2.712400e-01 8.945518e+02 
2.724800e-01 8.884378e+02 
2.736700e-01 8.826615e+02 
2.748800e-01 8.768788e+02 
2.761000e-01 8.711124e+02 
2.773200e-01 8.654092e+02 
2.785400e-01 8.597798e+02 
2.797000e-01 8.545081e+02 
2.808900e-01 8.491564e+02 
2.821400e-01 8.435954e+02 
2.833900e-01 8.380962e+02 
2.845500e-01 8.330621e+02 
2.857800e-01 8.277799e+02 
2.870300e-01 8.224695e+02 
2.882100e-01 8.175091e+02 
2.893900e-01 8.126066e+02 
2.906300e-01 8.075122e+02 
2.918900e-01 8.023908e+02 
2.930500e-01 7.977243e+02 
2.942500e-01 7.929453e+02 
2.954200e-01 7.883330e+02 
2.966500e-01 7.835330e+02 
2.978900e-01 7.787438e+02 
2.990400e-01 7.743464e+02 
3.002700e-01 7.696899e+02 
3.015100e-01 7.650437e+02 
3.026800e-01 7.607031e+02 
3.038500e-01 7.564041e+02 
3.050300e-01 7.521099e+02 
3.062600e-01 7.476781e+02 
3.075000e-01 7.432548e+02 
3.087000e-01 7.390164e+02 
3.099100e-01 7.347839e+02 
3.111200e-01 7.305945e+02 
3.123100e-01 7.265175e+02 
3.135300e-01 7.223776e+02 
3.147300e-01 7.183445e+02 
3.159900e-01 7.141507e+02 
3.171800e-01 7.102322e+02 
3.183700e-01 7.063528e+02 
3.196300e-01 7.022844e+02 
3.208400e-01 6.984148e+02 
3.220300e-01 6.946444e+02 
3.232000e-01 6.909783e+02 
3.244300e-01 6.871624e+02 
3.256700e-01 6.833517e+02 
3.269200e-01 6.795466e+02 
3.280800e-01 6.760477e+02 
3.292500e-01 6.725603e+02 
3.304800e-01 6.689303e+02 
3.317100e-01 6.653338e+02 
3.328900e-01 6.619145e+02 
3.340700e-01 6.585251e+02 
3.353600e-01 6.548660e+02 
3.365300e-01 6.515821e+02 
3.377100e-01 6.482986e+02 
3.389200e-01 6.449611e+02 
3.401600e-01 6.415715e+02 
3.413700e-01 6.383053e+02 
3.425300e-01 6.352093e+02 
3.437700e-01 6.319284e+02 
3.449800e-01 6.287551e+02 
3.461800e-01 6.256351e+02 
3.473600e-01 6.225989e+02 
3.485800e-01 6.195006e+02 
3.498100e-01 6.164039e+02 
3.510200e-01 6.133838e+02 
3.522000e-01 6.104633e+02 
3.533900e-01 6.075425e+02 
3.546400e-01 6.045192e+02 
3.558400e-01 6.016426e+02 
3.570600e-01 5.987426e+02 
3.582700e-01 5.958904e+02 
3.595000e-01 5.930154e+02 
3.607100e-01 5.902212e+02 
3.618900e-01 5.875265e+02 
3.631200e-01 5.847407e+02 
3.643200e-01 5.820452e+02 
3.655500e-01 5.793051e+02 
3.667300e-01 5.766976e+02 
3.679500e-01 5.740422e+02 
3.691900e-01 5.713655e+02 
3.703600e-01 5.688601e+02 
3.715700e-01 5.662896e+02 
3.727700e-01 5.637606e+02 
3.739900e-01 5.612168e+02 
3.752000e-01 5.587262e+02 
3.763900e-01 5.562959e+02 
3.775800e-01 5.538846e+02 
3.788200e-01 5.513918e+02 
3.800300e-01 5.489786e+02 
3.812100e-01 5.466507e+02 
3.824200e-01 5.442870e+02 
3.836100e-01 5.419802e+02 
3.848600e-01 5.395760e+02 
3.860400e-01 5.373240e+02 
3.872400e-01 5.350512e+02 
3.884600e-01 5.327689e+02 
3.896500e-01 5.305635e+02 
3.908700e-01 5.283198e+02 
3.920600e-01 5.261477e+02 
3.933100e-01 5.238836e+02 
3.945300e-01 5.216908e+02 
3.957200e-01 5.195774e+02 
3.969300e-01 5.174471e+02 
3.981700e-01 5.152805e+02 
3.993500e-01 5.132342e+02 
4.094840e-01 4.962669e+02 
4.272360e-01 4.691161e+02 
4.454600e-01 4.440352e+02 
4.630560e-01 4.220962e+02 
4.804610e-01 4.022931e+02 
4.980690e-01 3.839311e+02 
5.159230e-01 3.668385e+02 
5.317440e-01 3.528378e+02 
5.489640e-01 3.387172e+02 
5.671990e-01 3.249265e+02 
5.838690e-01 3.132517e+02 
6.018840e-01 3.015523e+02 
6.202330e-01 2.905303e+02 
6.379250e-01 2.806565e+02 
6.545410e-01 2.720305e+02 
6.714560e-01 2.637945e+02 
6.892080e-01 2.557173e+02 
7.066010e-01 2.483032e+02 
7.240540e-01 2.413105e+02 
7.420450e-01 2.345402e+02 
7.593780e-01 2.283902e+02 
7.764720e-01 2.226472e+02 
7.942840e-01 2.169811e+02 
8.116170e-01 2.117483e+02 
8.288310e-01 2.068045e+02 
8.462240e-01 2.020386e+02 
8.631980e-01 1.975921e+02 
8.810700e-01 1.931148e+02 
8.989410e-01 1.888317e+02 
9.166330e-01 1.847635e+02 
9.345640e-01 1.808046e+02 
9.515980e-01 1.771834e+02 
9.688720e-01 1.736419e+02 
9.865640e-01 1.701393e+02 
1.031870e+00 1.617124e+02 
1.063490e+00 1.562277e+02 
1.097920e+00 1.506055e+02 
1.134370e+00 1.449857e+02 
1.167730e+00 1.401298e+02 
1.203830e+00 1.351405e+02 
1.240470e+00 1.303560e+02 
1.275790e+00 1.259645e+02 
1.309140e+00 1.220301e+02 
1.342970e+00 1.182000e+02 
1.378420e+00 1.143847e+02 
1.413200e+00 1.108059e+02 
1.448110e+00 1.073685e+02 
1.484090e+00 1.039917e+02 
1.518820e+00 1.008681e+02 
1.552880e+00 9.793155e+01 
1.588630e+00 9.497588e+01 
1.623230e+00 9.223833e+01 
1.657720e+00 8.961838e+01 
1.692450e+00 8.709167e+01 
1.726400e+00 8.470607e+01 
1.762200e+00 8.228805e+01 
1.797880e+00 7.997845e+01 
1.833270e+00 7.777232e+01 
1.869070e+00 7.562937e+01 
1.903200e+00 7.366301e+01 
1.937740e+00 7.174459e+01 
1.973190e+00 6.984543e+01 
2.007440e+00 6.807850e+01 
2.042160e+00 6.635238e+01 
2.077900e+00 6.463411e+01 
2.112390e+00 6.303890e+01 
2.146220e+00 6.152036e+01 
2.181600e+00 5.998882e+01 
2.216930e+00 5.851304e+01 
2.250760e+00 5.714467e+01 
2.286500e+00 5.574621e+01 
2.321770e+00 5.441506e+01 
2.355950e+00 5.316864e+01 
2.391280e+00 5.191712e+01 
2.426240e+00 5.071850e+01 
2.460670e+00 4.957572e+01 
2.495640e+00 4.845189e+01 
2.531080e+00 4.734829e+01 
2.566220e+00 4.628654e+01 
2.600830e+00 4.527359e+01 
2.635080e+00 4.430279e+01 
2.670340e+00 4.332955e+01 
2.705970e+00 4.237740e+01 
2.740040e+00 4.149467e+01 
2.774520e+00 4.062532e+01 
2.809730e+00 3.976347e+01 
2.844390e+00 3.894012e+01 
2.879960e+00 3.811889e+01 
2.914860e+00 3.733573e+01 
2.949410e+00 3.658254e+01 
2.984440e+00 3.583934e+01 
3.019760e+00 3.511182e+01 
3.054730e+00 3.441236e+01 
3.089030e+00 3.374230e+01 
3.124060e+00 3.307729e+01 
3.159560e+00 3.242228e+01 
3.194710e+00 3.178987e+01 
3.229010e+00 3.118931e+01 
3.263320e+00 3.060444e+01 
3.297930e+00 3.002994e+01 
3.332830e+00 2.946513e+01 
3.368040e+00 2.890994e+01 
3.403300e+00 2.836842e+01 
3.438450e+00 2.784206e+01 
3.473060e+00 2.733727e+01 
3.508440e+00 2.683453e+01 
3.543110e+00 2.635443e+01 
3.577470e+00 2.588901e+01 
3.613040e+00 2.541947e+01 
3.648120e+00 2.496802e+01 
3.682910e+00 2.453132e+01 
3.718050e+00 2.410075e+01 
3.753320e+00 2.367911e+01 
3.787980e+00 2.327457e+01 
3.822290e+00 2.288376e+01 
3.857020e+00 2.249764e+01 
3.891920e+00 2.211839e+01 
3.926650e+00 2.174898e+01 
3.961970e+00 2.138232e+01 
3.997360e+00 2.102391e+01 
4.031670e+00 2.068442e+01 
4.066330e+00 2.034893e+01 
4.101420e+00 2.001704e+01 
4.136200e+00 1.969574e+01 
4.170810e+00 1.938317e+01 
4.206250e+00 1.906993e+01 
4.241580e+00 1.876462e+01 
4.276300e+00 1.847126e+01 
4.310970e+00 1.818473e+01 
4.346120e+00 1.790061e+01 
4.380600e+00 1.762802e+01 
4.414730e+00 1.736387e+01 
4.450350e+00 1.709409e+01 
4.485320e+00 1.683489e+01 
4.519810e+00 1.658468e+01 
4.555430e+00 1.633173e+01 
4.590870e+00 1.608543e+01 
4.625480e+00 1.585004e+01 
4.659910e+00 1.562059e+01 
4.695230e+00 1.539014e+01 
4.729960e+00 1.516813e+01 
4.764450e+00 1.495212e+01 
4.799530e+00 1.473693e+01 
4.834910e+00 1.452421e+01 
4.869700e+00 1.431944e+01 
4.904370e+00 1.411936e+01 
4.939450e+00 1.392093e+01 
4.973940e+00 1.372983e+01 
5.008430e+00 1.354233e+01 
5.043810e+00 1.335382e+01 
5.078840e+00 1.317082e+01 
5.113500e+00 1.299314e+01 
5.148890e+00 1.281548e+01 
5.184210e+00 1.264151e+01 
5.219060e+00 1.247311e+01 
5.253660e+00 1.230921e+01 
5.288570e+00 1.214682e+01 
5.323420e+00 1.198783e+01 
5.358440e+00 1.183112e+01 
5.393590e+00 1.167665e+01 
5.428310e+00 1.152704e+01 
5.462800e+00 1.138115e+01 
5.497640e+00 1.123634e+01 
5.532670e+00 1.109355e+01 
5.567280e+00 1.095499e+01 
5.602000e+00 1.081836e+01 
5.637270e+00 1.068227e+01 
5.672410e+00 1.054908e+01 
5.707020e+00 1.042010e+01 
5.742040e+00 1.029210e+01 
5.777430e+00 1.016498e+01 
5.812210e+00 1.004213e+01 
5.846820e+00 9.922159e+00 
5.881610e+00 9.803597e+00 
5.916510e+00 9.686595e+00 
5.951600e+00 9.571153e+00 
5.986560e+00 9.458126e+00 
6.021830e+00 9.345933e+00 
6.056490e+00 9.237647e+00 
6.091160e+00 9.131208e+00 
6.125830e+00 9.026435e+00 
6.161090e+00 8.921663e+00 
6.195760e+00 8.820495e+00 
6.230420e+00 8.720912e+00 
6.265690e+00 8.621155e+00 
6.300950e+00 8.523329e+00 
6.335620e+00 8.428608e+00 
6.370880e+00 8.333739e+00 
6.405550e+00 8.242107e+00 
6.440220e+00 8.151939e+00 
6.475480e+00 8.061607e+00 
6.510150e+00 7.974204e+00 
6.544810e+00 7.888325e+00 
6.580080e+00 7.802220e+00 
6.614750e+00 7.718820e+00 
6.649410e+00 7.636961e+00 
6.684080e+00 7.556315e+00 
6.719340e+00 7.475480e+00 
6.754010e+00 7.397222e+00 
6.788680e+00 7.320269e+00 
6.823940e+00 7.243117e+00 
6.859800e+00 7.165781e+00 
6.894470e+00 7.092293e+00 
6.929140e+00 7.019905e+00 
6.963800e+00 6.948538e+00 
6.999070e+00 6.876938e+00 
7.033730e+00 6.807795e+00 
7.068400e+00 6.739572e+00 
7.103660e+00 6.671137e+00 
7.138330e+00 6.604860e+00 
7.173600e+00 6.538553e+00 
7.208260e+00 6.474270e+00 
7.243530e+00 6.409732e+00 
7.277600e+00 6.348360e+00 
7.312860e+00 6.285812e+00 
7.348120e+00 6.224097e+00 
7.382790e+00 6.164214e+00 
7.417460e+00 6.105266e+00 
7.452720e+00 6.046178e+00 
7.487390e+00 5.988833e+00 
7.522650e+00 5.931265e+00 
7.557320e+00 5.875557e+00 
7.591990e+00 5.820619e+00 
7.627250e+00 5.765458e+00 
7.662510e+00 5.711003e+00 
7.697180e+00 5.658307e+00 
7.731850e+00 5.606333e+00 
7.766510e+00 5.555020e+00 
7.801180e+00 5.504326e+00 
7.836440e+00 5.453557e+00 
7.871110e+00 5.404346e+00 
7.906380e+00 5.354899e+00 
7.941040e+00 5.306902e+00 
7.976310e+00 5.258740e+00 
8.011570e+00 5.211282e+00 
8.046240e+00 5.165182e+00 
8.080900e+00 5.119645e+00 
8.115570e+00 5.074681e+00 
8.150830e+00 5.029665e+00 
8.185500e+00 4.985929e+00 
8.220770e+00 4.941962e+00 
8.255430e+00 4.899265e+00 
8.290100e+00 4.857214e+00 
8.324770e+00 4.815670e+00 
8.359430e+00 4.774617e+00 
8.394700e+00 4.733326e+00 
8.429960e+00 4.692624e+00 
8.464630e+00 4.653161e+00 
8.499890e+00 4.613486e+00 
8.534560e+00 4.574920e+00 
8.569200e+00 4.536821e+00 
