# Parameters:
# omega_b = 0.021547, omega_m = 0.130472, n_s = 1.032677, h = 80.748031, w = -1.000000, sigma_8 = 0.792913
# z = 1.100000
#
# k[1/Mpc] # P(k):
8.694000e-04 4.191460e+03 
2.077466e-03 9.389950e+03 
3.285532e-03 1.359831e+04 
4.493598e-03 1.689291e+04 
5.701664e-03 1.937400e+04 
6.909730e-03 2.115535e+04 
8.117797e-03 2.237994e+04 
9.325863e-03 2.312182e+04 
1.053393e-02 2.345856e+04 
1.174199e-02 2.346361e+04 
1.295006e-02 2.318487e+04 
1.415813e-02 2.268799e+04 
1.536619e-02 2.202827e+04 
1.657426e-02 2.124038e+04 
1.778233e-02 2.033220e+04 
1.899039e-02 1.933403e+04 
2.019846e-02 1.832494e+04 
2.140652e-02 1.736714e+04 
2.261459e-02 1.646177e+04 
2.382266e-02 1.561304e+04 
2.503072e-02 1.482906e+04 
2.623879e-02 1.411295e+04 
2.744685e-02 1.346708e+04 
2.865492e-02 1.289012e+04 
2.986299e-02 1.237838e+04 
3.100100e-02 1.195438e+04 
3.220400e-02 1.156166e+04 
3.288100e-02 1.136514e+04 
3.424300e-02 1.101469e+04 
3.555100e-02 1.072524e+04 
3.686000e-02 1.047485e+04 
3.795000e-02 1.028924e+04 
3.929100e-02 1.008362e+04 
4.039800e-02 9.925036e+03 
4.164000e-02 9.753393e+03 
4.294400e-02 9.570293e+03 
4.415000e-02 9.397919e+03 
4.542900e-02 9.200475e+03 
4.660900e-02 9.009635e+03 
4.782300e-02 8.791338e+03 
4.892900e-02 8.582188e+03 
5.031200e-02 8.302974e+03 
5.155900e-02 8.034907e+03 
5.238100e-02 7.852420e+03 
5.378200e-02 7.534260e+03 
5.513400e-02 7.221180e+03 
5.627600e-02 6.956345e+03 
5.735300e-02 6.709896e+03 
5.870100e-02 6.409350e+03 
5.988700e-02 6.155803e+03 
6.113500e-02 5.902157e+03 
6.225900e-02 5.687849e+03 
6.340100e-02 5.485767e+03 
6.480200e-02 5.259235e+03 
6.601100e-02 5.085634e+03 
6.725500e-02 4.927258e+03 
6.829100e-02 4.812300e+03 
6.958600e-02 4.684816e+03 
7.071100e-02 4.589764e+03 
7.192300e-02 4.500851e+03 
7.307400e-02 4.427675e+03 
7.412300e-02 4.369014e+03 
7.550400e-02 4.302235e+03 
7.663100e-02 4.253480e+03 
7.791200e-02 4.203591e+03 
7.912700e-02 4.158687e+03 
8.027600e-02 4.116647e+03 
8.138400e-02 4.075548e+03 
8.272200e-02 4.023749e+03 
8.406100e-02 3.968371e+03 
8.534100e-02 3.909770e+03 
8.653800e-02 3.849577e+03 
8.759800e-02 3.793133e+03 
8.900300e-02 3.713149e+03 
9.009000e-02 3.646871e+03 
9.113300e-02 3.579575e+03 
9.239600e-02 3.496038e+03 
9.358000e-02 3.415054e+03 
9.496100e-02 3.317690e+03 
9.608400e-02 3.238472e+03 
9.727500e-02 3.155149e+03 
9.852600e-02 3.067664e+03 
9.973800e-02 2.985561e+03 
1.009000e-01 2.909259e+03 
1.020900e-01 2.835068e+03 
1.034000e-01 2.757677e+03 
1.046000e-01 2.690817e+03 
1.057200e-01 2.634249e+03 
1.069100e-01 2.577545e+03 
1.082500e-01 2.520767e+03 
1.093900e-01 2.477423e+03 
1.105400e-01 2.436897e+03 
1.116900e-01 2.402370e+03 
1.129600e-01 2.366891e+03 
1.142000e-01 2.337258e+03 
1.153300e-01 2.312259e+03 
1.166400e-01 2.286084e+03 
1.177800e-01 2.264967e+03 
1.190000e-01 2.243436e+03 
1.201200e-01 2.223904e+03 
1.213400e-01 2.203101e+03 
1.227100e-01 2.178271e+03 
1.238900e-01 2.156743e+03 
1.250700e-01 2.133382e+03 
1.263200e-01 2.108085e+03 
1.275500e-01 2.081265e+03 
1.287500e-01 2.054315e+03 
1.299900e-01 2.024912e+03 
1.311300e-01 1.997252e+03 
1.323500e-01 1.966454e+03 
1.335900e-01 1.934899e+03 
1.347100e-01 1.905742e+03 
1.359800e-01 1.872897e+03 
1.372100e-01 1.840757e+03 
1.384300e-01 1.809434e+03 
1.395700e-01 1.780349e+03 
1.407700e-01 1.750435e+03 
1.420300e-01 1.719834e+03 
1.432800e-01 1.690202e+03 
1.444500e-01 1.663824e+03 
1.456300e-01 1.637800e+03 
1.468900e-01 1.611668e+03 
1.480500e-01 1.588439e+03 
1.491700e-01 1.567134e+03 
1.503800e-01 1.545436e+03 
1.516400e-01 1.523630e+03 
1.528200e-01 1.504989e+03 
1.540200e-01 1.486403e+03 
1.551900e-01 1.469846e+03 
1.564300e-01 1.452929e+03 
1.576600e-01 1.436985e+03 
1.588700e-01 1.422211e+03 
1.600900e-01 1.407623e+03 
1.612700e-01 1.394342e+03 
1.625400e-01 1.380310e+03 
1.637600e-01 1.367069e+03 
1.649500e-01 1.354377e+03 
1.662200e-01 1.340996e+03 
1.674000e-01 1.328333e+03 
1.685000e-01 1.316725e+03 
1.697500e-01 1.303301e+03 
1.710300e-01 1.289349e+03 
1.722200e-01 1.276608e+03 
1.734400e-01 1.262739e+03 
1.746400e-01 1.249292e+03 
1.758700e-01 1.235450e+03 
1.770900e-01 1.221351e+03 
1.782700e-01 1.207950e+03 
1.794600e-01 1.194286e+03 
1.807000e-01 1.180041e+03 
1.819100e-01 1.166383e+03 
1.830100e-01 1.153953e+03 
1.842200e-01 1.140467e+03 
1.855000e-01 1.126454e+03 
1.867000e-01 1.113613e+03 
1.879200e-01 1.100778e+03 
1.890900e-01 1.088726e+03 
1.902800e-01 1.076936e+03 
1.915200e-01 1.064854e+03 
1.926900e-01 1.053747e+03 
1.939000e-01 1.042797e+03 
1.951700e-01 1.031490e+03 
1.963100e-01 1.021619e+03 
1.975100e-01 1.011701e+03 
1.987800e-01 1.001369e+03 
2.000100e-01 9.916340e+02 
2.012500e-01 9.822320e+02 
2.023400e-01 9.740869e+02 
2.036100e-01 9.647797e+02 
2.048900e-01 9.557199e+02 
2.060400e-01 9.477002e+02 
2.072200e-01 9.395927e+02 
2.084200e-01 9.315373e+02 
2.096900e-01 9.231372e+02 
2.109200e-01 9.151218e+02 
2.121100e-01 9.074299e+02 
2.132700e-01 9.000326e+02 
2.145200e-01 8.921732e+02 
2.157200e-01 8.846709e+02 
2.168800e-01 8.774878e+02 
2.180700e-01 8.702184e+02 
2.193400e-01 8.625280e+02 
2.206000e-01 8.549315e+02 
2.217500e-01 8.480928e+02 
2.229500e-01 8.410513e+02 
2.241400e-01 8.340860e+02 
2.253500e-01 8.270966e+02 
2.264900e-01 8.205977e+02 
2.277100e-01 8.137216e+02 
2.289900e-01 8.065934e+02 
2.301500e-01 8.002198e+02 
2.313600e-01 7.936576e+02 
2.325600e-01 7.872638e+02 
2.337700e-01 7.809004e+02 
2.350000e-01 7.745165e+02 
2.362000e-01 7.684033e+02 
2.374100e-01 7.623585e+02 
2.386500e-01 7.562438e+02 
2.399100e-01 7.501117e+02 
2.410400e-01 7.447531e+02 
2.422500e-01 7.390936e+02 
2.435000e-01 7.333210e+02 
2.447300e-01 7.277303e+02 
2.458700e-01 7.226807e+02 
2.470600e-01 7.174717e+02 
2.483300e-01 7.119812e+02 
2.495600e-01 7.067550e+02 
2.507600e-01 7.017519e+02 
2.519600e-01 6.968081e+02 
2.532200e-01 6.916799e+02 
2.543700e-01 6.870757e+02 
2.555500e-01 6.824191e+02 
2.568000e-01 6.775444e+02 
2.580100e-01 6.728816e+02 
2.592400e-01 6.682018e+02 
2.604100e-01 6.638033e+02 
2.616100e-01 6.593429e+02 
2.628400e-01 6.548235e+02 
2.640600e-01 6.503800e+02 
2.652200e-01 6.461972e+02 
2.664300e-01 6.418824e+02 
2.676500e-01 6.375811e+02 
2.688400e-01 6.334164e+02 
2.700700e-01 6.291496e+02 
2.712400e-01 6.251357e+02 
2.724800e-01 6.209286e+02 
2.736700e-01 6.169216e+02 
2.748800e-01 6.128771e+02 
2.761000e-01 6.088439e+02 
2.773200e-01 6.048550e+02 
2.785400e-01 6.009013e+02 
2.797000e-01 5.971648e+02 
2.808900e-01 5.933716e+02 
2.821400e-01 5.894302e+02 
2.833900e-01 5.855313e+02 
2.845500e-01 5.819293e+02 
2.857800e-01 5.781499e+02 
2.870300e-01 5.743506e+02 
2.882100e-01 5.708018e+02 
2.893900e-01 5.672801e+02 
2.906300e-01 5.636129e+02 
2.918900e-01 5.599264e+02 
2.930500e-01 5.565676e+02 
2.942500e-01 5.531257e+02 
2.954200e-01 5.497962e+02 
2.966500e-01 5.463314e+02 
2.978900e-01 5.428747e+02 
2.990400e-01 5.397010e+02 
3.002700e-01 5.363368e+02 
3.015100e-01 5.329785e+02 
3.026800e-01 5.298413e+02 
3.038500e-01 5.267344e+02 
3.050300e-01 5.236312e+02 
3.062600e-01 5.204290e+02 
3.075000e-01 5.172332e+02 
3.087000e-01 5.141712e+02 
3.099100e-01 5.111137e+02 
3.111200e-01 5.080885e+02 
3.123100e-01 5.051463e+02 
3.135300e-01 5.021589e+02 
3.147300e-01 4.992488e+02 
3.159900e-01 4.962230e+02 
3.171800e-01 4.933980e+02 
3.183700e-01 4.906028e+02 
3.196300e-01 4.876715e+02 
3.208400e-01 4.848836e+02 
3.220300e-01 4.821675e+02 
3.232000e-01 4.795289e+02 
3.244300e-01 4.767837e+02 
3.256700e-01 4.740424e+02 
3.269200e-01 4.713054e+02 
3.280800e-01 4.687887e+02 
3.292500e-01 4.662830e+02 
3.304800e-01 4.636758e+02 
3.317100e-01 4.610928e+02 
3.328900e-01 4.586372e+02 
3.340700e-01 4.562033e+02 
3.353600e-01 4.535772e+02 
3.365300e-01 4.512210e+02 
3.377100e-01 4.488653e+02 
3.389200e-01 4.464710e+02 
3.401600e-01 4.440393e+02 
3.413700e-01 4.416978e+02 
3.425300e-01 4.394794e+02 
3.437700e-01 4.371286e+02 
3.449800e-01 4.348549e+02 
3.461800e-01 4.326197e+02 
3.473600e-01 4.304444e+02 
3.485800e-01 4.282244e+02 
3.498100e-01 4.260056e+02 
3.510200e-01 4.238419e+02 
3.522000e-01 4.217496e+02 
3.533900e-01 4.196572e+02 
3.546400e-01 4.174911e+02 
3.558400e-01 4.154303e+02 
3.570600e-01 4.133527e+02 
3.582700e-01 4.113096e+02 
3.595000e-01 4.092502e+02 
3.607100e-01 4.072479e+02 
3.618900e-01 4.053163e+02 
3.631200e-01 4.033196e+02 
3.643200e-01 4.013877e+02 
3.655500e-01 3.994238e+02 
3.667300e-01 3.975551e+02 
3.679500e-01 3.956508e+02 
3.691900e-01 3.937313e+02 
3.703600e-01 3.919348e+02 
3.715700e-01 3.900916e+02 
3.727700e-01 3.882784e+02 
3.739900e-01 3.864535e+02 
3.752000e-01 3.846653e+02 
3.763900e-01 3.829205e+02 
3.775800e-01 3.811893e+02 
3.788200e-01 3.793998e+02 
3.800300e-01 3.776674e+02 
3.812100e-01 3.759953e+02 
3.824200e-01 3.742968e+02 
3.836100e-01 3.726392e+02 
3.848600e-01 3.709118e+02 
3.860400e-01 3.692938e+02 
3.872400e-01 3.676609e+02 
3.884600e-01 3.660195e+02 
3.896500e-01 3.644329e+02 
3.908700e-01 3.628187e+02 
3.920600e-01 3.612562e+02 
3.933100e-01 3.596275e+02 
3.945300e-01 3.580502e+02 
3.957200e-01 3.565288e+02 
3.969300e-01 3.549949e+02 
3.981700e-01 3.534349e+02 
3.993500e-01 3.519616e+02 
4.094840e-01 3.397459e+02 
4.272360e-01 3.201767e+02 
4.454600e-01 3.021258e+02 
4.630560e-01 2.863758e+02 
4.804610e-01 2.722052e+02 
4.980690e-01 2.591142e+02 
5.159230e-01 2.469662e+02 
5.317440e-01 2.370435e+02 
5.489640e-01 2.270574e+02 
5.671990e-01 2.173174e+02 
5.838690e-01 2.090823e+02 
6.018840e-01 2.008357e+02 
6.202330e-01 1.930719e+02 
6.379250e-01 1.861208e+02 
6.545410e-01 1.800513e+02 
6.714560e-01 1.742642e+02 
6.892080e-01 1.685903e+02 
7.066010e-01 1.633959e+02 
7.240540e-01 1.585048e+02 
7.420450e-01 1.537831e+02 
7.593780e-01 1.495081e+02 
7.764720e-01 1.455292e+02 
7.942840e-01 1.416177e+02 
8.116170e-01 1.380240e+02 
8.288310e-01 1.346457e+02 
8.462240e-01 1.314051e+02 
8.631980e-01 1.283986e+02 
8.810700e-01 1.253867e+02 
8.989410e-01 1.225217e+02 
9.166330e-01 1.198170e+02 
9.345640e-01 1.172012e+02 
9.515980e-01 1.148236e+02 
9.688720e-01 1.125117e+02 
9.865640e-01 1.102405e+02 
1.031870e+00 1.048223e+02 
1.063490e+00 1.013421e+02 
1.097920e+00 9.780256e+01 
1.134370e+00 9.429965e+01 
1.167730e+00 9.129718e+01 
1.203830e+00 8.823449e+01 
1.240470e+00 8.531331e+01 
1.275790e+00 8.265139e+01 
1.309140e+00 8.027439e+01 
1.342970e+00 7.797188e+01 
1.378420e+00 7.568287e+01 
1.413200e+00 7.354165e+01 
1.448110e+00 7.149021e+01 
1.484090e+00 6.947583e+01 
1.518820e+00 6.761621e+01 
1.552880e+00 6.586626e+01 
1.588630e+00 6.410607e+01 
1.623230e+00 6.247419e+01 
1.657720e+00 6.091184e+01 
1.692450e+00 5.940059e+01 
1.726400e+00 5.797536e+01 
1.762200e+00 5.652858e+01 
1.797880e+00 5.514209e+01 
1.833270e+00 5.381783e+01 
1.869070e+00 5.252625e+01 
1.903200e+00 5.133860e+01 
1.937740e+00 5.017777e+01 
1.973190e+00 4.902604e+01 
2.007440e+00 4.795101e+01 
2.042160e+00 4.689652e+01 
2.077900e+00 4.584598e+01 
2.112390e+00 4.486618e+01 
2.146220e+00 4.393294e+01 
2.181600e+00 4.298712e+01 
2.216930e+00 4.207252e+01 
2.250760e+00 4.122333e+01 
2.286500e+00 4.035322e+01 
2.321770e+00 3.952076e+01 
2.355950e+00 3.873742e+01 
2.391280e+00 3.794967e+01 
2.426240e+00 3.719286e+01 
2.460670e+00 3.646929e+01 
2.495640e+00 3.575577e+01 
2.531080e+00 3.505073e+01 
2.566220e+00 3.437132e+01 
2.600830e+00 3.372091e+01 
2.635080e+00 3.309493e+01 
2.670340e+00 3.246603e+01 
2.705970e+00 3.184804e+01 
2.740040e+00 3.127307e+01 
2.774520e+00 3.070500e+01 
2.809730e+00 3.013958e+01 
2.844390e+00 2.959782e+01 
2.879960e+00 2.905563e+01 
2.914860e+00 2.853674e+01 
2.949410e+00 2.803638e+01 
2.984440e+00 2.754066e+01 
3.019760e+00 2.705334e+01 
3.054730e+00 2.658340e+01 
3.089030e+00 2.613183e+01 
3.124060e+00 2.568223e+01 
3.159560e+00 2.523753e+01 
3.194710e+00 2.480727e+01 
3.229010e+00 2.439793e+01 
3.263320e+00 2.399651e+01 
3.297930e+00 2.360141e+01 
3.332830e+00 2.321176e+01 
3.368040e+00 2.282753e+01 
3.403300e+00 2.245176e+01 
3.438450e+00 2.208505e+01 
3.473060e+00 2.173275e+01 
3.508440e+00 2.137958e+01 
3.543110e+00 2.104185e+01 
3.577470e+00 2.071358e+01 
3.613040e+00 2.038163e+01 
3.648120e+00 2.006094e+01 
3.682910e+00 1.975000e+01 
3.718050e+00 1.944234e+01 
3.753320e+00 1.914037e+01 
3.787980e+00 1.884979e+01 
3.822290e+00 1.856817e+01 
3.857020e+00 1.828869e+01 
3.891920e+00 1.801376e+01 
3.926650e+00 1.774547e+01 
3.961970e+00 1.747850e+01 
3.997360e+00 1.721631e+01 
4.031670e+00 1.696758e+01 
4.066330e+00 1.672085e+01 
4.101420e+00 1.647650e+01 
4.136200e+00 1.623859e+01 
4.170810e+00 1.600694e+01 
4.206250e+00 1.577403e+01 
4.241580e+00 1.554671e+01 
4.276300e+00 1.532750e+01 
4.310970e+00 1.511287e+01 
4.346120e+00 1.489958e+01 
4.380600e+00 1.469429e+01 
4.414730e+00 1.449518e+01 
4.450350e+00 1.429092e+01 
4.485320e+00 1.409452e+01 
4.519810e+00 1.390425e+01 
4.555430e+00 1.371150e+01 
4.590870e+00 1.352347e+01 
4.625480e+00 1.334319e+01 
4.659910e+00 1.316733e+01 
4.695230e+00 1.298999e+01 
4.729960e+00 1.281894e+01 
4.764450e+00 1.265215e+01 
4.799530e+00 1.248546e+01 
4.834910e+00 1.232058e+01 
4.869700e+00 1.216127e+01 
4.904370e+00 1.200544e+01 
4.939450e+00 1.185063e+01 
4.973940e+00 1.170107e+01 
5.008430e+00 1.155422e+01 
5.043810e+00 1.140615e+01 
5.078840e+00 1.126211e+01 
5.113500e+00 1.112216e+01 
5.148890e+00 1.098169e+01 
5.184210e+00 1.084402e+01 
5.219060e+00 1.071057e+01 
5.253660e+00 1.058029e+01 
5.288570e+00 1.045114e+01 
5.323420e+00 1.032441e+01 
5.358440e+00 1.019921e+01 
5.393590e+00 1.007573e+01 
5.428310e+00 9.955807e+00 
5.462800e+00 9.838666e+00 
5.497640e+00 9.722325e+00 
5.532670e+00 9.607268e+00 
5.567280e+00 9.495471e+00 
5.602000e+00 9.385173e+00 
5.637270e+00 9.274990e+00 
5.672410e+00 9.167036e+00 
5.707020e+00 9.062448e+00 
5.742040e+00 8.958328e+00 
5.777430e+00 8.854824e+00 
5.812210e+00 8.754749e+00 
5.846820e+00 8.656745e+00 
5.881610e+00 8.559790e+00 
5.916510e+00 8.464066e+00 
5.951600e+00 8.369367e+00 
5.986560e+00 8.276514e+00 
6.021830e+00 8.184306e+00 
6.056490e+00 8.095146e+00 
6.091160e+00 8.007366e+00 
6.125830e+00 7.920922e+00 
6.161090e+00 7.834373e+00 
6.195760e+00 7.750611e+00 
6.230420e+00 7.668129e+00 
6.265690e+00 7.585459e+00 
6.300950e+00 7.504124e+00 
6.335620e+00 7.425341e+00 
6.370880e+00 7.346403e+00 
6.405550e+00 7.270006e+00 
6.440220e+00 7.194750e+00 
6.475480e+00 7.119329e+00 
6.510150e+00 7.046264e+00 
6.544810e+00 6.974306e+00 
6.580080e+00 6.902134e+00 
6.614750e+00 6.832205e+00 
6.649410e+00 6.763418e+00 
6.684080e+00 6.695604e+00 
6.719340e+00 6.627608e+00 
6.754010e+00 6.561709e+00 
6.788680e+00 6.496775e+00 
6.823940e+00 6.431653e+00 
6.859800e+00 6.366354e+00 
6.894470e+00 6.304184e+00 
6.929140e+00 6.242890e+00 
6.963800e+00 6.182441e+00 
6.999070e+00 6.121767e+00 
7.033730e+00 6.063026e+00 
7.068400e+00 6.005050e+00 
7.103660e+00 5.946877e+00 
7.138330e+00 5.890484e+00 
7.173600e+00 5.833970e+00 
7.208260e+00 5.779166e+00 
7.243530e+00 5.724130e+00 
7.277600e+00 5.671717e+00 
7.312860e+00 5.618229e+00 
7.348120e+00 5.565440e+00 
7.382790e+00 5.514203e+00 
7.417460e+00 5.463691e+00 
7.452720e+00 5.413013e+00 
7.487390e+00 5.363818e+00 
7.522650e+00 5.314419e+00 
7.557320e+00 5.266533e+00 
7.591990e+00 5.219271e+00 
7.627250e+00 5.171805e+00 
7.662510e+00 5.124935e+00 
7.697180e+00 5.079507e+00 
7.731850e+00 5.034668e+00 
7.766510e+00 4.990388e+00 
7.801180e+00 4.946633e+00 
7.836440e+00 4.902759e+00 
7.871110e+00 4.860193e+00 
7.906380e+00 4.817414e+00 
7.941040e+00 4.775881e+00 
7.976310e+00 4.734159e+00 
8.011570e+00 4.692993e+00 
8.046240e+00 4.652997e+00 
8.080900e+00 4.613482e+00 
8.115570e+00 4.574441e+00 
8.150830e+00 4.535291e+00 
8.185500e+00 4.497246e+00 
8.220770e+00 4.458994e+00 
8.255430e+00 4.421838e+00 
8.290100e+00 4.385184e+00 
8.324770e+00 4.348958e+00 
8.359430e+00 4.313154e+00 
8.394700e+00 4.277135e+00 
8.429960e+00 4.241597e+00 
8.464630e+00 4.207109e+00 
8.499890e+00 4.172429e+00 
8.534560e+00 4.138712e+00 
8.569200e+00 4.105397e+00 
