# Parameters:
# omega_b = 0.021657, omega_m = 0.125787, n_s = 1.027953, h = 63.031496, w = -1.000000, sigma_8 = 0.837008
# z = 1.100000
#
# k[1/Mpc] # P(k):
8.694000e-04 6.449460e+03 
2.077466e-03 1.438055e+04 
3.285532e-03 2.070912e+04 
4.493598e-03 2.559494e+04 
5.701664e-03 2.922203e+04 
6.909730e-03 3.177478e+04 
8.117797e-03 3.347701e+04 
9.325863e-03 3.444592e+04 
1.053393e-02 3.480489e+04 
1.174199e-02 3.467125e+04 
1.295006e-02 3.411879e+04 
1.415813e-02 3.324770e+04 
1.536619e-02 3.214647e+04 
1.657426e-02 3.088326e+04 
1.778233e-02 2.955544e+04 
1.899039e-02 2.826934e+04 
2.019846e-02 2.698199e+04 
2.140652e-02 2.567658e+04 
2.261459e-02 2.439646e+04 
2.382266e-02 2.318489e+04 
2.503072e-02 2.206130e+04 
2.623879e-02 2.103086e+04 
2.744685e-02 2.009631e+04 
2.865492e-02 1.925624e+04 
2.986299e-02 1.850532e+04 
3.100100e-02 1.787635e+04 
3.220400e-02 1.728601e+04 
3.288100e-02 1.698588e+04 
3.424300e-02 1.644119e+04 
3.555100e-02 1.597955e+04 
3.686000e-02 1.556794e+04 
3.795000e-02 1.525456e+04 
3.929100e-02 1.489686e+04 
4.039800e-02 1.461613e+04 
4.164000e-02 1.431053e+04 
4.294400e-02 1.398788e+04 
4.415000e-02 1.368960e+04 
4.542900e-02 1.336011e+04 
4.660900e-02 1.305088e+04 
4.782300e-02 1.271298e+04 
4.892900e-02 1.239865e+04 
5.031200e-02 1.199276e+04 
5.155900e-02 1.161528e+04 
5.238100e-02 1.136337e+04 
5.378200e-02 1.093180e+04 
5.513400e-02 1.051528e+04 
5.627600e-02 1.016782e+04 
5.735300e-02 9.847684e+03 
5.870100e-02 9.460839e+03 
5.988700e-02 9.136573e+03 
6.113500e-02 8.812881e+03 
6.225900e-02 8.538153e+03 
6.340100e-02 8.275958e+03 
6.480200e-02 7.976299e+03 
6.601100e-02 7.738493e+03 
6.725500e-02 7.513188e+03 
6.829100e-02 7.341874e+03 
6.958600e-02 7.144643e+03 
7.071100e-02 6.990142e+03 
7.192300e-02 6.839290e+03 
7.307400e-02 6.709829e+03 
7.412300e-02 6.602353e+03 
7.550400e-02 6.475445e+03 
7.663100e-02 6.380813e+03 
7.791200e-02 6.282995e+03 
7.912700e-02 6.196406e+03 
8.027600e-02 6.117662e+03 
8.138400e-02 6.043250e+03 
8.272200e-02 5.953580e+03 
8.406100e-02 5.862199e+03 
8.534100e-02 5.770172e+03 
8.653800e-02 5.678848e+03 
8.759800e-02 5.594812e+03 
8.900300e-02 5.477845e+03 
9.009000e-02 5.382314e+03 
9.113300e-02 5.286248e+03 
9.239600e-02 5.167698e+03 
9.358000e-02 5.053532e+03 
9.496100e-02 4.917309e+03 
9.608400e-02 4.807023e+03 
9.727500e-02 4.691412e+03 
9.852600e-02 4.571177e+03 
9.973800e-02 4.458674e+03 
1.009000e-01 4.354377e+03 
1.020900e-01 4.253502e+03 
1.034000e-01 4.148205e+03 
1.046000e-01 4.057171e+03 
1.057200e-01 3.979608e+03 
1.069100e-01 3.901462e+03 
1.082500e-01 3.821948e+03 
1.093900e-01 3.760039e+03 
1.105400e-01 3.701403e+03 
1.116900e-01 3.649241e+03 
1.129600e-01 3.594734e+03 
1.142000e-01 3.546690e+03 
1.153300e-01 3.505103e+03 
1.166400e-01 3.459822e+03 
1.177800e-01 3.422014e+03 
1.190000e-01 3.382814e+03 
1.201200e-01 3.346847e+03 
1.213400e-01 3.308443e+03 
1.227100e-01 3.263689e+03 
1.238900e-01 3.225332e+03 
1.250700e-01 3.185258e+03 
1.263200e-01 3.142657e+03 
1.275500e-01 3.099187e+03 
1.287500e-01 3.056497e+03 
1.299900e-01 3.011407e+03 
1.311300e-01 2.969890e+03 
1.323500e-01 2.924949e+03 
1.335900e-01 2.879691e+03 
1.347100e-01 2.838869e+03 
1.359800e-01 2.793379e+03 
1.372100e-01 2.749857e+03 
1.384300e-01 2.707701e+03 
1.395700e-01 2.669220e+03 
1.407700e-01 2.629651e+03 
1.420300e-01 2.589668e+03 
1.432800e-01 2.550900e+03 
1.444500e-01 2.516374e+03 
1.456300e-01 2.482274e+03 
1.468900e-01 2.447589e+03 
1.480500e-01 2.416604e+03 
1.491700e-01 2.387752e+03 
1.503800e-01 2.357811e+03 
1.516400e-01 2.327458e+03 
1.528200e-01 2.300415e+03 
1.540200e-01 2.273444e+03 
1.551900e-01 2.248264e+03 
1.564300e-01 2.222239e+03 
1.576600e-01 2.197134e+03 
1.588700e-01 2.173159e+03 
1.600900e-01 2.149446e+03 
1.612700e-01 2.127053e+03 
1.625400e-01 2.103401e+03 
1.637600e-01 2.080995e+03 
1.649500e-01 2.059468e+03 
1.662200e-01 2.036854e+03 
1.674000e-01 2.015882e+03 
1.685000e-01 1.996659e+03 
1.697500e-01 1.974923e+03 
1.710300e-01 1.952809e+03 
1.722200e-01 1.932617e+03 
1.734400e-01 1.911723e+03 
1.746400e-01 1.891507e+03 
1.758700e-01 1.871008e+03 
1.770900e-01 1.850752e+03 
1.782700e-01 1.831493e+03 
1.794600e-01 1.812252e+03 
1.807000e-01 1.792446e+03 
1.819100e-01 1.773449e+03 
1.830100e-01 1.756423e+03 
1.842200e-01 1.737986e+03 
1.855000e-01 1.718820e+03 
1.867000e-01 1.701298e+03 
1.879200e-01 1.683774e+03 
1.890900e-01 1.667281e+03 
1.902800e-01 1.650996e+03 
1.915200e-01 1.634297e+03 
1.926900e-01 1.618871e+03 
1.939000e-01 1.603427e+03 
1.951700e-01 1.587476e+03 
1.963100e-01 1.573454e+03 
1.975100e-01 1.559120e+03 
1.987800e-01 1.544184e+03 
2.000100e-01 1.530021e+03 
2.012500e-01 1.516135e+03 
2.023400e-01 1.504105e+03 
2.036100e-01 1.490314e+03 
2.048900e-01 1.476727e+03 
2.060400e-01 1.464698e+03 
2.072200e-01 1.452530e+03 
2.084200e-01 1.440354e+03 
2.096900e-01 1.427656e+03 
2.109200e-01 1.415539e+03 
2.121100e-01 1.403885e+03 
2.132700e-01 1.392676e+03 
2.145200e-01 1.380765e+03 
2.157200e-01 1.369385e+03 
2.168800e-01 1.358483e+03 
2.180700e-01 1.347449e+03 
2.193400e-01 1.335751e+03 
2.206000e-01 1.324146e+03 
2.217500e-01 1.313699e+03 
2.229500e-01 1.302942e+03 
2.241400e-01 1.292160e+03 
2.253500e-01 1.281336e+03 
2.264900e-01 1.271272e+03 
2.277100e-01 1.260501e+03 
2.289900e-01 1.249199e+03 
2.301500e-01 1.239094e+03 
2.313600e-01 1.228688e+03 
2.325600e-01 1.218234e+03 
2.337700e-01 1.207833e+03 
2.350000e-01 1.197400e+03 
2.362000e-01 1.187256e+03 
2.374100e-01 1.177046e+03 
2.386500e-01 1.166720e+03 
2.399100e-01 1.156368e+03 
2.410400e-01 1.147083e+03 
2.422500e-01 1.137248e+03 
2.435000e-01 1.127222e+03 
2.447300e-01 1.117480e+03 
2.458700e-01 1.108541e+03 
2.470600e-01 1.099323e+03 
2.483300e-01 1.089613e+03 
2.495600e-01 1.080357e+03 
2.507600e-01 1.071478e+03 
2.519600e-01 1.062708e+03 
2.532200e-01 1.053616e+03 
2.543700e-01 1.045514e+03 
2.555500e-01 1.037364e+03 
2.568000e-01 1.028835e+03 
2.580100e-01 1.020681e+03 
2.592400e-01 1.012643e+03 
2.604100e-01 1.005154e+03 
2.616100e-01 9.975625e+02 
2.628400e-01 9.898727e+02 
2.640600e-01 9.825000e+02 
2.652200e-01 9.756345e+02 
2.664300e-01 9.685539e+02 
2.676500e-01 9.614969e+02 
2.688400e-01 9.548226e+02 
2.700700e-01 9.480837e+02 
2.712400e-01 9.417447e+02 
2.724800e-01 9.351013e+02 
2.736700e-01 9.288821e+02 
2.748800e-01 9.227149e+02 
2.761000e-01 9.165652e+02 
2.773200e-01 9.104831e+02 
2.785400e-01 9.045073e+02 
2.797000e-01 8.989685e+02 
2.808900e-01 8.933457e+02 
2.821400e-01 8.875029e+02 
2.833900e-01 8.817276e+02 
2.845500e-01 8.764962e+02 
2.857800e-01 8.710068e+02 
2.870300e-01 8.654880e+02 
2.882100e-01 8.603327e+02 
2.893900e-01 8.552618e+02 
2.906300e-01 8.500052e+02 
2.918900e-01 8.447205e+02 
2.930500e-01 8.399051e+02 
2.942500e-01 8.349788e+02 
2.954200e-01 8.302415e+02 
2.966500e-01 8.253112e+02 
2.978900e-01 8.203918e+02 
2.990400e-01 8.158747e+02 
3.002700e-01 8.110990e+02 
3.015100e-01 8.063374e+02 
3.026800e-01 8.018888e+02 
3.038500e-01 7.974827e+02 
3.050300e-01 7.930814e+02 
3.062600e-01 7.885455e+02 
3.075000e-01 7.840182e+02 
3.087000e-01 7.796797e+02 
3.099100e-01 7.753473e+02 
3.111200e-01 7.710597e+02 
3.123100e-01 7.668884e+02 
3.135300e-01 7.626527e+02 
3.147300e-01 7.585261e+02 
3.159900e-01 7.542349e+02 
3.171800e-01 7.502257e+02 
3.183700e-01 7.462570e+02 
3.196300e-01 7.420946e+02 
3.208400e-01 7.381354e+02 
3.220300e-01 7.342775e+02 
3.232000e-01 7.305244e+02 
3.244300e-01 7.266172e+02 
3.256700e-01 7.227151e+02 
3.269200e-01 7.188186e+02 
3.280800e-01 7.152354e+02 
3.292500e-01 7.116631e+02 
3.304800e-01 7.079443e+02 
3.317100e-01 7.042596e+02 
3.328900e-01 7.007563e+02 
3.340700e-01 6.972836e+02 
3.353600e-01 6.935314e+02 
3.365300e-01 6.901627e+02 
3.377100e-01 6.867943e+02 
3.389200e-01 6.833704e+02 
3.401600e-01 6.798928e+02 
3.413700e-01 6.765401e+02 
3.425300e-01 6.733608e+02 
3.437700e-01 6.699916e+02 
3.449800e-01 6.667326e+02 
3.461800e-01 6.635284e+02 
3.473600e-01 6.604087e+02 
3.485800e-01 6.572215e+02 
3.498100e-01 6.540360e+02 
3.510200e-01 6.509291e+02 
3.522000e-01 6.479246e+02 
3.533900e-01 6.449197e+02 
3.546400e-01 6.418052e+02 
3.558400e-01 6.388415e+02 
3.570600e-01 6.358536e+02 
3.582700e-01 6.329149e+02 
3.595000e-01 6.299526e+02 
3.607100e-01 6.270712e+02 
3.618900e-01 6.242907e+02 
3.631200e-01 6.214161e+02 
3.643200e-01 6.186346e+02 
3.655500e-01 6.158068e+02 
3.667300e-01 6.131160e+02 
3.679500e-01 6.103726e+02 
3.691900e-01 6.076071e+02 
3.703600e-01 6.050186e+02 
3.715700e-01 6.023627e+02 
3.727700e-01 5.997497e+02 
3.739900e-01 5.971199e+02 
3.752000e-01 5.945425e+02 
3.763900e-01 5.920276e+02 
3.775800e-01 5.895321e+02 
3.788200e-01 5.869523e+02 
3.800300e-01 5.844548e+02 
3.812100e-01 5.820444e+02 
3.824200e-01 5.795960e+02 
3.836100e-01 5.772066e+02 
3.848600e-01 5.747162e+02 
3.860400e-01 5.723834e+02 
3.872400e-01 5.700291e+02 
3.884600e-01 5.676623e+02 
3.896500e-01 5.653746e+02 
3.908700e-01 5.630469e+02 
3.920600e-01 5.607936e+02 
3.933100e-01 5.584447e+02 
3.945300e-01 5.561698e+02 
3.957200e-01 5.539771e+02 
3.969300e-01 5.517668e+02 
3.981700e-01 5.495188e+02 
3.993500e-01 5.473955e+02 
4.094840e-01 5.297812e+02 
4.272360e-01 5.015695e+02 
4.454600e-01 4.755096e+02 
4.630560e-01 4.527176e+02 
4.804610e-01 4.321486e+02 
4.980690e-01 4.130852e+02 
5.159230e-01 3.953351e+02 
5.317440e-01 3.807962e+02 
5.489640e-01 3.661193e+02 
5.671990e-01 3.517733e+02 
5.838690e-01 3.396223e+02 
6.018840e-01 3.274264e+02 
6.202330e-01 3.159195e+02 
6.379250e-01 3.056096e+02 
6.545410e-01 2.965859e+02 
6.714560e-01 2.879626e+02 
6.892080e-01 2.795000e+02 
7.066010e-01 2.717242e+02 
7.240540e-01 2.643912e+02 
7.420450e-01 2.572796e+02 
7.593780e-01 2.508147e+02 
7.764720e-01 2.447762e+02 
7.942840e-01 2.388168e+02 
8.116170e-01 2.333094e+02 
8.288310e-01 2.281004e+02 
8.462240e-01 2.230783e+02 
8.631980e-01 2.183868e+02 
8.810700e-01 2.136621e+02 
8.989410e-01 2.091375e+02 
9.166330e-01 2.048385e+02 
9.345640e-01 2.006554e+02 
9.515980e-01 1.968217e+02 
9.688720e-01 1.930687e+02 
9.865640e-01 1.893535e+02 
1.031870e+00 1.803990e+02 
1.063490e+00 1.745617e+02 
1.097920e+00 1.685569e+02 
1.134370e+00 1.625491e+02 
1.167730e+00 1.573423e+02 
1.203830e+00 1.519760e+02 
1.240470e+00 1.468166e+02 
1.275790e+00 1.420697e+02 
1.309140e+00 1.378097e+02 
1.342970e+00 1.336505e+02 
1.378420e+00 1.294957e+02 
1.413200e+00 1.255884e+02 
1.448110e+00 1.218318e+02 
1.484090e+00 1.181277e+02 
1.518820e+00 1.146992e+02 
1.552880e+00 1.114647e+02 
1.588630e+00 1.082071e+02 
1.623230e+00 1.051800e+02 
1.657720e+00 1.022781e+02 
1.692450e+00 9.947205e+01 
1.726400e+00 9.682273e+01 
1.762200e+00 9.413123e+01 
1.797880e+00 9.155502e+01 
1.833270e+00 8.909255e+01 
1.869070e+00 8.669257e+01 
1.903200e+00 8.448964e+01 
1.937740e+00 8.233770e+01 
1.973190e+00 8.020407e+01 
2.007440e+00 7.821632e+01 
2.042160e+00 7.627051e+01 
2.077900e+00 7.433324e+01 
2.112390e+00 7.253120e+01 
2.146220e+00 7.081600e+01 
2.181600e+00 6.908254e+01 
2.216930e+00 6.740979e+01 
2.250760e+00 6.585960e+01 
2.286500e+00 6.427423e+01 
2.321770e+00 6.276077e+01 
2.355950e+00 6.134102e+01 
2.391280e+00 5.991634e+01 
2.426240e+00 5.855169e+01 
2.460670e+00 5.725013e+01 
2.495640e+00 5.596919e+01 
2.531080e+00 5.470678e+01 
2.566220e+00 5.349377e+01 
2.600830e+00 5.233583e+01 
2.635080e+00 5.122455e+01 
2.670340e+00 5.011259e+01 
2.705970e+00 4.902218e+01 
2.740040e+00 4.800963e+01 
2.774520e+00 4.701153e+01 
2.809730e+00 4.602208e+01 
2.844390e+00 4.507686e+01 
2.879960e+00 4.413411e+01 
2.914860e+00 4.323402e+01 
2.949410e+00 4.236807e+01 
2.984440e+00 4.151386e+01 
3.019760e+00 4.067576e+01 
3.054730e+00 3.986902e+01 
3.089030e+00 3.909812e+01 
3.124060e+00 3.833198e+01 
3.159560e+00 3.757584e+01 
3.194710e+00 3.684725e+01 
3.229010e+00 3.615564e+01 
3.263320e+00 3.548073e+01 
3.297930e+00 3.481753e+01 
3.332830e+00 3.416495e+01 
3.368040e+00 3.352372e+01 
3.403300e+00 3.289843e+01 
3.438450e+00 3.229076e+01 
3.473060e+00 3.170800e+01 
3.508440e+00 3.112606e+01 
3.543110e+00 3.057052e+01 
3.577470e+00 3.003322e+01 
3.613040e+00 2.949075e+01 
3.648120e+00 2.896808e+01 
3.682910e+00 2.846258e+01 
3.718050e+00 2.796436e+01 
3.753320e+00 2.747654e+01 
3.787980e+00 2.700859e+01 
3.822290e+00 2.655624e+01 
3.857020e+00 2.610886e+01 
3.891920e+00 2.566977e+01 
3.926650e+00 2.524272e+01 
3.961970e+00 2.481868e+01 
3.997360e+00 2.440382e+01 
4.031670e+00 2.401086e+01 
4.066330e+00 2.362258e+01 
4.101420e+00 2.323846e+01 
4.136200e+00 2.286614e+01 
4.170810e+00 2.250393e+01 
4.206250e+00 2.214106e+01 
4.241580e+00 2.178741e+01 
4.276300e+00 2.144767e+01 
4.310970e+00 2.111586e+01 
4.346120e+00 2.078682e+01 
4.380600e+00 2.047109e+01 
4.414730e+00 2.016514e+01 
4.450350e+00 1.985280e+01 
4.485320e+00 1.955269e+01 
4.519810e+00 1.926300e+01 
4.555430e+00 1.897012e+01 
4.590870e+00 1.868495e+01 
4.625480e+00 1.841241e+01 
4.659910e+00 1.814674e+01 
4.695230e+00 1.788000e+01 
4.729960e+00 1.762305e+01 
4.764450e+00 1.737304e+01 
4.799530e+00 1.712397e+01 
4.834910e+00 1.687776e+01 
4.869700e+00 1.664078e+01 
4.904370e+00 1.640924e+01 
4.939450e+00 1.617962e+01 
4.973940e+00 1.595853e+01 
5.008430e+00 1.574160e+01 
5.043810e+00 1.552348e+01 
5.078840e+00 1.531173e+01 
5.113500e+00 1.510611e+01 
5.148890e+00 1.490064e+01 
5.184210e+00 1.469941e+01 
5.219060e+00 1.450464e+01 
5.253660e+00 1.431511e+01 
5.288570e+00 1.412731e+01 
5.323420e+00 1.394343e+01 
5.358440e+00 1.376221e+01 
5.393590e+00 1.358356e+01 
5.428310e+00 1.341058e+01 
5.462800e+00 1.324192e+01 
5.497640e+00 1.307450e+01 
5.532670e+00 1.290946e+01 
5.567280e+00 1.274931e+01 
5.602000e+00 1.259138e+01 
5.637270e+00 1.243410e+01 
5.672410e+00 1.228015e+01 
5.707020e+00 1.213108e+01 
5.742040e+00 1.198318e+01 
5.777430e+00 1.183631e+01 
5.812210e+00 1.169436e+01 
5.846820e+00 1.155575e+01 
5.881610e+00 1.141877e+01 
5.916510e+00 1.128358e+01 
5.951600e+00 1.115020e+01 
5.986560e+00 1.101960e+01 
6.021830e+00 1.088996e+01 
6.056490e+00 1.076486e+01 
6.091160e+00 1.064191e+01 
6.125830e+00 1.052088e+01 
6.161090e+00 1.039986e+01 
6.195760e+00 1.028301e+01 
6.230420e+00 1.016798e+01 
6.265690e+00 1.005274e+01 
6.300950e+00 9.939736e+00 
6.335620e+00 9.830310e+00 
6.370880e+00 9.720705e+00 
6.405550e+00 9.614854e+00 
6.440220e+00 9.510695e+00 
6.475480e+00 9.406340e+00 
6.510150e+00 9.305364e+00 
6.544810e+00 9.206149e+00 
6.580080e+00 9.106668e+00 
6.614750e+00 9.010304e+00 
6.649410e+00 8.915730e+00 
6.684080e+00 8.822554e+00 
6.719340e+00 8.729152e+00 
6.754010e+00 8.638729e+00 
6.788680e+00 8.549823e+00 
6.823940e+00 8.460681e+00 
6.859800e+00 8.371319e+00 
6.894470e+00 8.286397e+00 
6.929140e+00 8.202739e+00 
6.963800e+00 8.120254e+00 
6.999070e+00 8.037494e+00 
7.033730e+00 7.957557e+00 
7.068400e+00 7.878680e+00 
7.103660e+00 7.799551e+00 
7.138330e+00 7.722912e+00 
7.173600e+00 7.646231e+00 
7.208260e+00 7.571885e+00 
7.243530e+00 7.497240e+00 
7.277600e+00 7.426247e+00 
7.312860e+00 7.353885e+00 
7.348120e+00 7.282483e+00 
7.382790e+00 7.213194e+00 
7.417460e+00 7.144988e+00 
7.452720e+00 7.076618e+00 
7.487390e+00 7.010259e+00 
7.522650e+00 6.943638e+00 
7.557320e+00 6.879145e+00 
7.591990e+00 6.815532e+00 
7.627250e+00 6.751655e+00 
7.662510e+00 6.688592e+00 
7.697180e+00 6.627558e+00 
7.731850e+00 6.567355e+00 
7.766510e+00 6.507913e+00 
7.801180e+00 6.449184e+00 
7.836440e+00 6.390352e+00 
7.871110e+00 6.333313e+00 
7.906380e+00 6.275997e+00 
7.941040e+00 6.220359e+00 
7.976310e+00 6.164516e+00 
8.011570e+00 6.109473e+00 
8.046240e+00 6.056001e+00 
8.080900e+00 6.003180e+00 
8.115570e+00 5.951013e+00 
8.150830e+00 5.898759e+00 
8.185500e+00 5.847986e+00 
8.220770e+00 5.796942e+00 
8.255430e+00 5.747371e+00 
8.290100e+00 5.698541e+00 
8.324770e+00 5.650296e+00 
8.359430e+00 5.602619e+00 
8.394700e+00 5.554662e+00 
8.429960e+00 5.507374e+00 
8.464630e+00 5.461509e+00 
8.499890e+00 5.415396e+00 
8.534560e+00 5.370569e+00 
8.569200e+00 5.326283e+00 
