# Parameters:
# omega_b = 0.023264, omega_m = 0.148937, n_s = 0.870472, h = 68.700787, w = -1.000000, sigma_8 = 0.796063
# z = 1.100000
#
# k[1/Mpc] # P(k):
8.694000e-04 6.922520e+03 
2.077466e-03 1.368540e+04 
3.285532e-03 1.865563e+04 
4.493598e-03 2.233925e+04 
5.701664e-03 2.497995e+04 
6.909730e-03 2.678225e+04 
8.117797e-03 2.795051e+04 
9.325863e-03 2.858809e+04 
1.053393e-02 2.879158e+04 
1.174199e-02 2.864555e+04 
1.295006e-02 2.820475e+04 
1.415813e-02 2.754035e+04 
1.536619e-02 2.671067e+04 
1.657426e-02 2.575287e+04 
1.778233e-02 2.468510e+04 
1.899039e-02 2.355413e+04 
2.019846e-02 2.242070e+04 
2.140652e-02 2.132677e+04 
2.261459e-02 2.027425e+04 
2.382266e-02 1.927280e+04 
2.503072e-02 1.833310e+04 
2.623879e-02 1.745926e+04 
2.744685e-02 1.665234e+04 
2.865492e-02 1.591480e+04 
2.986299e-02 1.524430e+04 
3.100100e-02 1.467208e+04 
3.220400e-02 1.412619e+04 
3.288100e-02 1.384496e+04 
3.424300e-02 1.332993e+04 
3.555100e-02 1.289090e+04 
3.686000e-02 1.250003e+04 
3.795000e-02 1.220512e+04 
3.929100e-02 1.187592e+04 
4.039800e-02 1.162497e+04 
4.164000e-02 1.135982e+04 
4.294400e-02 1.109272e+04 
4.415000e-02 1.085297e+04 
4.542900e-02 1.059740e+04 
4.660900e-02 1.036195e+04 
4.782300e-02 1.010904e+04 
4.892900e-02 9.874788e+03 
5.031200e-02 9.572259e+03 
5.155900e-02 9.289125e+03 
5.238100e-02 9.098623e+03 
5.378200e-02 8.768897e+03 
5.513400e-02 8.445175e+03 
5.627600e-02 8.170246e+03 
5.735300e-02 7.912565e+03 
5.870100e-02 7.594894e+03 
5.988700e-02 7.323179e+03 
6.113500e-02 7.046946e+03 
6.225900e-02 6.808710e+03 
6.340100e-02 6.578859e+03 
6.480200e-02 6.314663e+03 
6.601100e-02 6.104218e+03 
6.725500e-02 5.904812e+03 
6.829100e-02 5.753142e+03 
6.958600e-02 5.578671e+03 
7.071100e-02 5.441751e+03 
7.192300e-02 5.307718e+03 
7.307400e-02 5.192306e+03 
7.412300e-02 5.096176e+03 
7.550400e-02 4.982303e+03 
7.663100e-02 4.897374e+03 
7.791200e-02 4.809979e+03 
7.912700e-02 4.733673e+03 
8.027600e-02 4.665550e+03 
8.138400e-02 4.602528e+03 
8.272200e-02 4.528766e+03 
8.406100e-02 4.456120e+03 
8.534100e-02 4.385893e+03 
8.653800e-02 4.318409e+03 
8.759800e-02 4.257468e+03 
8.900300e-02 4.174175e+03 
9.009000e-02 4.107069e+03 
9.113300e-02 4.039952e+03 
9.239600e-02 3.957179e+03 
9.358000e-02 3.877229e+03 
9.496100e-02 3.780780e+03 
9.608400e-02 3.701762e+03 
9.727500e-02 3.618120e+03 
9.852600e-02 3.528596e+03 
9.973800e-02 3.443480e+03 
1.009000e-01 3.363460e+03 
1.020900e-01 3.283085e+03 
1.034000e-01 3.197794e+03 
1.046000e-01 3.122580e+03 
1.057200e-01 3.056110e+03 
1.069100e-01 2.988369e+03 
1.082500e-01 2.917180e+03 
1.093900e-01 2.860628e+03 
1.105400e-01 2.806398e+03 
1.116900e-01 2.757057e+03 
1.129600e-01 2.705298e+03 
1.142000e-01 2.659423e+03 
1.153300e-01 2.620036e+03 
1.166400e-01 2.577632e+03 
1.177800e-01 2.543390e+03 
1.190000e-01 2.508440e+03 
1.201200e-01 2.478456e+03 
1.213400e-01 2.446804e+03 
1.227100e-01 2.413057e+03 
1.238900e-01 2.384699e+03 
1.250700e-01 2.356834e+03 
1.263200e-01 2.327699e+03 
1.275500e-01 2.299022e+03 
1.287500e-01 2.271080e+03 
1.299900e-01 2.241903e+03 
1.311300e-01 2.214866e+03 
1.323500e-01 2.185347e+03 
1.335900e-01 2.155098e+03 
1.347100e-01 2.127146e+03 
1.359800e-01 2.095381e+03 
1.372100e-01 2.063782e+03 
1.384300e-01 2.032606e+03 
1.395700e-01 2.002809e+03 
1.407700e-01 1.972001e+03 
1.420300e-01 1.939074e+03 
1.432800e-01 1.907175e+03 
1.444500e-01 1.877297e+03 
1.456300e-01 1.847822e+03 
1.468900e-01 1.817204e+03 
1.480500e-01 1.789683e+03 
1.491700e-01 1.763989e+03 
1.503800e-01 1.737230e+03 
1.516400e-01 1.710211e+03 
1.528200e-01 1.686492e+03 
1.540200e-01 1.662860e+03 
1.551900e-01 1.641466e+03 
1.564300e-01 1.619529e+03 
1.576600e-01 1.598827e+03 
1.588700e-01 1.579607e+03 
1.600900e-01 1.560653e+03 
1.612700e-01 1.543665e+03 
1.625400e-01 1.525725e+03 
1.637600e-01 1.509160e+03 
1.649500e-01 1.493496e+03 
1.662200e-01 1.477095e+03 
1.674000e-01 1.462180e+03 
1.685000e-01 1.448510e+03 
1.697500e-01 1.433059e+03 
1.710300e-01 1.417346e+03 
1.722200e-01 1.402998e+03 
1.734400e-01 1.387918e+03 
1.746400e-01 1.373317e+03 
1.758700e-01 1.358388e+03 
1.770900e-01 1.343387e+03 
1.782700e-01 1.329125e+03 
1.794600e-01 1.314639e+03 
1.807000e-01 1.299573e+03 
1.819100e-01 1.285124e+03 
1.830100e-01 1.271900e+03 
1.842200e-01 1.257536e+03 
1.855000e-01 1.242600e+03 
1.867000e-01 1.228696e+03 
1.879200e-01 1.214798e+03 
1.890900e-01 1.201698e+03 
1.902800e-01 1.188645e+03 
1.915200e-01 1.175267e+03 
1.926900e-01 1.162902e+03 
1.939000e-01 1.150487e+03 
1.951700e-01 1.137670e+03 
1.963100e-01 1.126418e+03 
1.975100e-01 1.114944e+03 
1.987800e-01 1.102993e+03 
2.000100e-01 1.091690e+03 
2.012500e-01 1.080673e+03 
2.023400e-01 1.071130e+03 
2.036100e-01 1.060221e+03 
2.048900e-01 1.049577e+03 
2.060400e-01 1.040156e+03 
2.072200e-01 1.030639e+03 
2.084200e-01 1.021239e+03 
2.096900e-01 1.011439e+03 
2.109200e-01 1.002089e+03 
2.121100e-01 9.932284e+02 
2.132700e-01 9.847138e+02 
2.145200e-01 9.756687e+02 
2.157200e-01 9.671179e+02 
2.168800e-01 9.589693e+02 
2.180700e-01 9.507236e+02 
2.193400e-01 9.420362e+02 
2.206000e-01 9.335198e+02 
2.217500e-01 9.258537e+02 
2.229500e-01 9.179608e+02 
2.241400e-01 9.101992e+02 
2.253500e-01 9.024126e+02 
2.264900e-01 8.951728e+02 
2.277100e-01 8.875080e+02 
2.289900e-01 8.795570e+02 
2.301500e-01 8.724482e+02 
2.313600e-01 8.651292e+02 
2.325600e-01 8.579451e+02 
2.337700e-01 8.507960e+02 
2.350000e-01 8.436246e+02 
2.362000e-01 8.367215e+02 
2.374100e-01 8.298532e+02 
2.386500e-01 8.229063e+02 
2.399100e-01 8.159407e+02 
2.410400e-01 8.097849e+02 
2.422500e-01 8.032756e+02 
2.435000e-01 7.966373e+02 
2.447300e-01 7.901964e+02 
2.458700e-01 7.843283e+02 
2.470600e-01 7.782760e+02 
2.483300e-01 7.718980e+02 
2.495600e-01 7.658134e+02 
2.507600e-01 7.599694e+02 
2.519600e-01 7.541960e+02 
2.532200e-01 7.482084e+02 
2.543700e-01 7.428328e+02 
2.555500e-01 7.373966e+02 
2.568000e-01 7.317068e+02 
2.580100e-01 7.262655e+02 
2.592400e-01 7.208254e+02 
2.604100e-01 7.157220e+02 
2.616100e-01 7.105476e+02 
2.628400e-01 7.053058e+02 
2.640600e-01 7.001862e+02 
2.652200e-01 6.953809e+02 
2.664300e-01 6.904248e+02 
2.676500e-01 6.854850e+02 
2.688400e-01 6.807345e+02 
2.700700e-01 6.758883e+02 
2.712400e-01 6.713298e+02 
2.724800e-01 6.665525e+02 
2.736700e-01 6.620268e+02 
2.748800e-01 6.574835e+02 
2.761000e-01 6.529534e+02 
2.773200e-01 6.484735e+02 
2.785400e-01 6.440458e+02 
2.797000e-01 6.398867e+02 
2.808900e-01 6.356649e+02 
2.821400e-01 6.312786e+02 
2.833900e-01 6.269411e+02 
2.845500e-01 6.229590e+02 
2.857800e-01 6.187810e+02 
2.870300e-01 6.145814e+02 
2.882100e-01 6.106590e+02 
2.893900e-01 6.067775e+02 
2.906300e-01 6.027417e+02 
2.918900e-01 5.986851e+02 
2.930500e-01 5.949893e+02 
2.942500e-01 5.912041e+02 
2.954200e-01 5.875492e+02 
2.966500e-01 5.837460e+02 
2.978900e-01 5.799519e+02 
2.990400e-01 5.764687e+02 
3.002700e-01 5.727784e+02 
3.015100e-01 5.690956e+02 
3.026800e-01 5.656556e+02 
3.038500e-01 5.622490e+02 
3.050300e-01 5.588467e+02 
3.062600e-01 5.553341e+02 
3.075000e-01 5.518289e+02 
3.087000e-01 5.484705e+02 
3.099100e-01 5.451174e+02 
3.111200e-01 5.417985e+02 
3.123100e-01 5.385684e+02 
3.135300e-01 5.352890e+02 
3.147300e-01 5.320946e+02 
3.159900e-01 5.287734e+02 
3.171800e-01 5.256706e+02 
3.183700e-01 5.225991e+02 
3.196300e-01 5.193783e+02 
3.208400e-01 5.163154e+02 
3.220300e-01 5.133314e+02 
3.232000e-01 5.104296e+02 
3.244300e-01 5.074094e+02 
3.256700e-01 5.043938e+02 
3.269200e-01 5.013831e+02 
3.280800e-01 4.986149e+02 
3.292500e-01 4.958563e+02 
3.304800e-01 4.929853e+02 
3.317100e-01 4.901412e+02 
3.328900e-01 4.874375e+02 
3.340700e-01 4.847579e+02 
3.353600e-01 4.818657e+02 
3.365300e-01 4.792704e+02 
3.377100e-01 4.766759e+02 
3.389200e-01 4.740389e+02 
3.401600e-01 4.713611e+02 
3.413700e-01 4.687822e+02 
3.425300e-01 4.663385e+02 
3.437700e-01 4.637493e+02 
3.449800e-01 4.612453e+02 
3.461800e-01 4.587836e+02 
3.473600e-01 4.563885e+02 
3.485800e-01 4.539452e+02 
3.498100e-01 4.515034e+02 
3.510200e-01 4.491223e+02 
3.522000e-01 4.468200e+02 
3.533900e-01 4.445178e+02 
3.546400e-01 4.421369e+02 
3.558400e-01 4.398719e+02 
3.570600e-01 4.375887e+02 
3.582700e-01 4.353434e+02 
3.595000e-01 4.330804e+02 
3.607100e-01 4.308823e+02 
3.618900e-01 4.287637e+02 
3.631200e-01 4.265736e+02 
3.643200e-01 4.244548e+02 
3.655500e-01 4.223010e+02 
3.667300e-01 4.202518e+02 
3.679500e-01 4.181681e+02 
3.691900e-01 4.160679e+02 
3.703600e-01 4.141023e+02 
3.715700e-01 4.120859e+02 
3.727700e-01 4.101022e+02 
3.739900e-01 4.081076e+02 
3.752000e-01 4.061562e+02 
3.763900e-01 4.042523e+02 
3.775800e-01 4.023633e+02 
3.788200e-01 4.004107e+02 
3.800300e-01 3.985206e+02 
3.812100e-01 3.966995e+02 
3.824200e-01 3.948518e+02 
3.836100e-01 3.930489e+02 
3.848600e-01 3.911699e+02 
3.860400e-01 3.894101e+02 
3.872400e-01 3.876341e+02 
3.884600e-01 3.858525e+02 
3.896500e-01 3.841318e+02 
3.908700e-01 3.823812e+02 
3.920600e-01 3.806867e+02 
3.933100e-01 3.789204e+02 
3.945300e-01 3.772100e+02 
3.957200e-01 3.755645e+02 
3.969300e-01 3.739068e+02 
3.981700e-01 3.722210e+02 
3.993500e-01 3.706288e+02 
4.094840e-01 3.574484e+02 
4.272360e-01 3.364456e+02 
4.454600e-01 3.171463e+02 
4.630560e-01 3.003436e+02 
4.804610e-01 2.852379e+02 
4.980690e-01 2.712827e+02 
5.159230e-01 2.583301e+02 
5.317440e-01 2.477489e+02 
5.489640e-01 2.370994e+02 
5.671990e-01 2.267179e+02 
5.838690e-01 2.179478e+02 
6.018840e-01 2.091745e+02 
6.202330e-01 2.009270e+02 
6.379250e-01 1.935534e+02 
6.545410e-01 1.871258e+02 
6.714560e-01 1.810042e+02 
6.892080e-01 1.750117e+02 
7.066010e-01 1.695308e+02 
7.240540e-01 1.643753e+02 
7.420450e-01 1.594013e+02 
7.593780e-01 1.548993e+02 
7.764720e-01 1.507098e+02 
7.942840e-01 1.465910e+02 
8.116170e-01 1.428050e+02 
8.288310e-01 1.392430e+02 
8.462240e-01 1.358239e+02 
8.631980e-01 1.326477e+02 
8.810700e-01 1.294625e+02 
8.989410e-01 1.264286e+02 
9.166330e-01 1.235602e+02 
9.345640e-01 1.207821e+02 
9.515980e-01 1.182521e+02 
9.688720e-01 1.157880e+02 
9.865640e-01 1.133625e+02 
1.031870e+00 1.075628e+02 
1.063490e+00 1.038237e+02 
1.097920e+00 1.000095e+02 
1.134370e+00 9.622657e+01 
1.167730e+00 9.297561e+01 
1.203830e+00 8.965290e+01 
1.240470e+00 8.647946e+01 
1.275790e+00 8.358310e+01 
1.309140e+00 8.099501e+01 
1.342970e+00 7.848663e+01 
1.378420e+00 7.599210e+01 
1.413200e+00 7.365843e+01 
1.448110e+00 7.142385e+01 
1.484090e+00 6.923018e+01 
1.518820e+00 6.720700e+01 
1.552880e+00 6.530487e+01 
1.588630e+00 6.339418e+01 
1.623230e+00 6.162462e+01 
1.657720e+00 5.993240e+01 
1.692450e+00 5.829847e+01 
1.726400e+00 5.676016e+01 
1.762200e+00 5.520109e+01 
1.797880e+00 5.371005e+01 
1.833270e+00 5.228800e+01 
1.869070e+00 5.090429e+01 
1.903200e+00 4.963461e+01 
1.937740e+00 4.839578e+01 
1.973190e+00 4.716935e+01 
2.007440e+00 4.602717e+01 
2.042160e+00 4.490947e+01 
2.077900e+00 4.379821e+01 
2.112390e+00 4.276401e+01 
2.146220e+00 4.178123e+01 
2.181600e+00 4.078757e+01 
2.216930e+00 3.982904e+01 
2.250760e+00 3.894096e+01 
2.286500e+00 3.803295e+01 
2.321770e+00 3.716623e+01 
2.355950e+00 3.635259e+01 
2.391280e+00 3.553656e+01 
2.426240e+00 3.475440e+01 
2.460670e+00 3.400818e+01 
2.495640e+00 3.327382e+01 
2.531080e+00 3.255019e+01 
2.566220e+00 3.185450e+01 
2.600830e+00 3.118994e+01 
2.635080e+00 3.055172e+01 
2.670340e+00 2.991250e+01 
2.705970e+00 2.928566e+01 
2.740040e+00 2.870353e+01 
2.774520e+00 2.812968e+01 
2.809730e+00 2.756005e+01 
2.844390e+00 2.701537e+01 
2.879960e+00 2.647158e+01 
2.914860e+00 2.595239e+01 
2.949410e+00 2.545262e+01 
2.984440e+00 2.495886e+01 
3.019760e+00 2.447442e+01 
3.054730e+00 2.400798e+01 
3.089030e+00 2.356133e+01 
3.124060e+00 2.311732e+01 
3.159560e+00 2.267902e+01 
3.194710e+00 2.225607e+01 
3.229010e+00 2.185426e+01 
3.263320e+00 2.146146e+01 
3.297930e+00 2.107539e+01 
3.332830e+00 2.069548e+01 
3.368040e+00 2.032165e+01 
3.403300e+00 1.995671e+01 
3.438450e+00 1.960154e+01 
3.473060e+00 1.926071e+01 
3.508440e+00 1.892009e+01 
3.543110e+00 1.859471e+01 
3.577470e+00 1.827941e+01 
3.613040e+00 1.796095e+01 
3.648120e+00 1.765396e+01 
3.682910e+00 1.735678e+01 
3.718050e+00 1.706344e+01 
3.753320e+00 1.677599e+01 
3.787980e+00 1.649995e+01 
3.822290e+00 1.623287e+01 
3.857020e+00 1.596839e+01 
3.891920e+00 1.570862e+01 
3.926650e+00 1.545565e+01 
3.961970e+00 1.520427e+01 
3.997360e+00 1.495798e+01 
4.031670e+00 1.472456e+01 
4.066330e+00 1.449366e+01 
4.101420e+00 1.426515e+01 
4.136200e+00 1.404327e+01 
4.170810e+00 1.382736e+01 
4.206250e+00 1.361081e+01 
4.241580e+00 1.339966e+01 
4.276300e+00 1.319651e+01 
4.310970e+00 1.299790e+01 
4.346120e+00 1.280081e+01 
4.380600e+00 1.261149e+01 
4.414730e+00 1.242798e+01 
4.450350e+00 1.224027e+01 
4.485320e+00 1.205988e+01 
4.519810e+00 1.188551e+01 
4.555430e+00 1.170909e+01 
4.590870e+00 1.153720e+01 
4.625480e+00 1.137273e+01 
4.659910e+00 1.121238e+01 
4.695230e+00 1.105111e+01 
4.729960e+00 1.089568e+01 
4.764450e+00 1.074432e+01 
4.799530e+00 1.059336e+01 
4.834910e+00 1.044410e+01 
4.869700e+00 1.030023e+01 
4.904370e+00 1.015961e+01 
4.939450e+00 1.002007e+01 
4.973940e+00 9.885545e+00 
5.008430e+00 9.753527e+00 
5.043810e+00 9.620640e+00 
5.078840e+00 9.491540e+00 
5.113500e+00 9.366166e+00 
5.148890e+00 9.240657e+00 
5.184210e+00 9.117722e+00 
5.219060e+00 8.998670e+00 
5.253660e+00 8.882679e+00 
5.288570e+00 8.767743e+00 
5.323420e+00 8.655122e+00 
5.358440e+00 8.544039e+00 
5.393590e+00 8.434522e+00 
5.428310e+00 8.328357e+00 
5.462800e+00 8.224779e+00 
5.497640e+00 8.121951e+00 
5.532670e+00 8.020458e+00 
5.567280e+00 7.921933e+00 
5.602000e+00 7.824765e+00 
5.637270e+00 7.727899e+00 
5.672410e+00 7.633065e+00 
5.707020e+00 7.541224e+00 
5.742040e+00 7.449991e+00 
5.777430e+00 7.359363e+00 
5.812210e+00 7.271771e+00 
5.846820e+00 7.186164e+00 
5.881610e+00 7.101539e+00 
5.916510e+00 7.018017e+00 
5.951600e+00 6.935538e+00 
5.986560e+00 6.854746e+00 
6.021830e+00 6.774543e+00 
6.056490e+00 6.697100e+00 
6.091160e+00 6.620948e+00 
6.125830e+00 6.545980e+00 
6.161090e+00 6.470994e+00 
6.195760e+00 6.398551e+00 
6.230420e+00 6.327237e+00 
6.265690e+00 6.255789e+00 
6.300950e+00 6.185655e+00 
6.335620e+00 6.117742e+00 
6.370880e+00 6.049716e+00 
6.405550e+00 5.983990e+00 
6.440220e+00 5.919301e+00 
6.475480e+00 5.854490e+00 
6.510150e+00 5.791762e+00 
6.544810e+00 5.730090e+00 
6.580080e+00 5.668252e+00 
6.614750e+00 5.608352e+00 
6.649410e+00 5.549543e+00 
6.684080e+00 5.491599e+00 
6.719340e+00 5.433514e+00 
6.754010e+00 5.377272e+00 
6.788680e+00 5.321951e+00 
6.823940e+00 5.266484e+00 
6.859800e+00 5.210880e+00 
6.894470e+00 5.158029e+00 
6.929140e+00 5.105962e+00 
6.963800e+00 5.054625e+00 
6.999070e+00 5.003116e+00 
7.033730e+00 4.953350e+00 
7.068400e+00 4.904244e+00 
7.103660e+00 4.854982e+00 
7.138330e+00 4.807270e+00 
7.173600e+00 4.759533e+00 
7.208260e+00 4.713250e+00 
7.243530e+00 4.666781e+00 
7.277600e+00 4.622585e+00 
7.312860e+00 4.577536e+00 
7.348120e+00 4.533085e+00 
7.382790e+00 4.489949e+00 
7.417460e+00 4.447487e+00 
7.452720e+00 4.404922e+00 
7.487390e+00 4.363609e+00 
7.522650e+00 4.322133e+00 
7.557320e+00 4.281996e+00 
7.591990e+00 4.242411e+00 
7.627250e+00 4.202662e+00 
7.662510e+00 4.163419e+00 
7.697180e+00 4.125445e+00 
7.731850e+00 4.087991e+00 
7.766510e+00 4.051009e+00 
7.801180e+00 4.014472e+00 
7.836440e+00 3.977886e+00 
7.871110e+00 3.942425e+00 
7.906380e+00 3.906792e+00 
7.941040e+00 3.872201e+00 
7.976310e+00 3.837491e+00 
8.011570e+00 3.803288e+00 
8.046240e+00 3.770062e+00 
8.080900e+00 3.737239e+00 
8.115570e+00 3.704827e+00 
8.150830e+00 3.672382e+00 
8.185500e+00 3.640855e+00 
8.220770e+00 3.609161e+00 
8.255430e+00 3.578380e+00 
8.290100e+00 3.548077e+00 
8.324770e+00 3.518138e+00 
8.359430e+00 3.488551e+00 
8.394700e+00 3.458791e+00 
8.429960e+00 3.429460e+00 
8.464630e+00 3.401027e+00 
8.499890e+00 3.372439e+00 
8.534560e+00 3.344647e+00 
8.569200e+00 3.317191e+00 
