# Parameters:
# omega_b = 0.022240, omega_m = 0.135709, n_s = 0.865748, h = 83.818898, w = -1.000000, sigma_8 = 0.807087
# z = 1.100000
#
# k[1/Mpc] # P(k):
8.694000e-04 8.606493e+03 
2.077466e-03 1.674316e+04 
3.285532e-03 2.255609e+04 
4.493598e-03 2.670253e+04 
5.701664e-03 2.953795e+04 
6.909730e-03 3.134531e+04 
8.117797e-03 3.239332e+04 
9.325863e-03 3.281831e+04 
1.053393e-02 3.274458e+04 
1.174199e-02 3.227901e+04 
1.295006e-02 3.149143e+04 
1.415813e-02 3.047053e+04 
1.536619e-02 2.928639e+04 
1.657426e-02 2.797813e+04 
1.778233e-02 2.653280e+04 
1.899039e-02 2.497758e+04 
2.019846e-02 2.345028e+04 
2.140652e-02 2.204434e+04 
2.261459e-02 2.074394e+04 
2.382266e-02 1.954099e+04 
2.503072e-02 1.843967e+04 
2.623879e-02 1.744010e+04 
2.744685e-02 1.654200e+04 
2.865492e-02 1.574114e+04 
2.986299e-02 1.503057e+04 
3.100100e-02 1.444000e+04 
3.220400e-02 1.389024e+04 
3.288100e-02 1.361334e+04 
3.424300e-02 1.311592e+04 
3.555100e-02 1.270107e+04 
3.686000e-02 1.233829e+04 
3.795000e-02 1.206728e+04 
3.929100e-02 1.176533e+04 
4.039800e-02 1.153284e+04 
4.164000e-02 1.128312e+04 
4.294400e-02 1.102220e+04 
4.415000e-02 1.078104e+04 
4.542900e-02 1.051276e+04 
4.660900e-02 1.025879e+04 
4.782300e-02 9.976451e+03 
4.892900e-02 9.710590e+03 
5.031200e-02 9.362255e+03 
5.155900e-02 9.033692e+03 
5.238100e-02 8.812477e+03 
5.378200e-02 8.430592e+03 
5.513400e-02 8.058822e+03 
5.627600e-02 7.746632e+03 
5.735300e-02 7.457426e+03 
5.870100e-02 7.105951e+03 
5.988700e-02 6.810076e+03 
6.113500e-02 6.514474e+03 
6.225900e-02 6.264847e+03 
6.340100e-02 6.029505e+03 
6.480200e-02 5.765749e+03 
6.601100e-02 5.563359e+03 
6.725500e-02 5.378285e+03 
6.829100e-02 5.243225e+03 
6.958600e-02 5.092662e+03 
7.071100e-02 4.979248e+03 
7.192300e-02 4.871919e+03 
7.307400e-02 4.782330e+03 
7.412300e-02 4.709458e+03 
7.550400e-02 4.624912e+03 
7.663100e-02 4.562290e+03 
7.791200e-02 4.497270e+03 
7.912700e-02 4.438571e+03 
8.027600e-02 4.383932e+03 
8.138400e-02 4.331069e+03 
8.272200e-02 4.265569e+03 
8.406100e-02 4.197026e+03 
8.534100e-02 4.126343e+03 
8.653800e-02 4.055299e+03 
8.759800e-02 3.989592e+03 
8.900300e-02 3.897840e+03 
9.009000e-02 3.822865e+03 
9.113300e-02 3.747570e+03 
9.239600e-02 3.654780e+03 
9.358000e-02 3.565571e+03 
9.496100e-02 3.459209e+03 
9.608400e-02 3.373117e+03 
9.727500e-02 3.282906e+03 
9.852600e-02 3.188760e+03 
9.973800e-02 3.100615e+03 
1.009000e-01 3.018871e+03 
1.020900e-01 2.939562e+03 
1.034000e-01 2.856867e+03 
1.046000e-01 2.785438e+03 
1.057200e-01 2.724855e+03 
1.069100e-01 2.664056e+03 
1.082500e-01 2.602849e+03 
1.093900e-01 2.555844e+03 
1.105400e-01 2.511722e+03 
1.116900e-01 2.473619e+03 
1.129600e-01 2.434266e+03 
1.142000e-01 2.400841e+03 
1.153300e-01 2.372426e+03 
1.166400e-01 2.342307e+03 
1.177800e-01 2.317769e+03 
1.190000e-01 2.292620e+03 
1.201200e-01 2.269817e+03 
1.213400e-01 2.245521e+03 
1.227100e-01 2.216898e+03 
1.238900e-01 2.192202e+03 
1.250700e-01 2.165824e+03 
1.263200e-01 2.137457e+03 
1.275500e-01 2.107808e+03 
1.287500e-01 2.078247e+03 
1.299900e-01 2.046344e+03 
1.311300e-01 2.016536e+03 
1.323500e-01 1.983635e+03 
1.335900e-01 1.950097e+03 
1.347100e-01 1.919318e+03 
1.359800e-01 1.884751e+03 
1.372100e-01 1.851118e+03 
1.384300e-01 1.818402e+03 
1.395700e-01 1.788145e+03 
1.407700e-01 1.757043e+03 
1.420300e-01 1.725305e+03 
1.432800e-01 1.694584e+03 
1.444500e-01 1.667220e+03 
1.456300e-01 1.640232e+03 
1.468900e-01 1.613063e+03 
1.480500e-01 1.588897e+03 
1.491700e-01 1.566667e+03 
1.503800e-01 1.543940e+03 
1.516400e-01 1.521069e+03 
1.528200e-01 1.501357e+03 
1.540200e-01 1.481709e+03 
1.551900e-01 1.464041e+03 
1.564300e-01 1.445950e+03 
1.576600e-01 1.428825e+03 
1.588700e-01 1.412864e+03 
1.600900e-01 1.397103e+03 
1.612700e-01 1.382669e+03 
1.625400e-01 1.367422e+03 
1.637600e-01 1.353058e+03 
1.649500e-01 1.339303e+03 
1.662200e-01 1.324824e+03 
1.674000e-01 1.311232e+03 
1.685000e-01 1.298774e+03 
1.697500e-01 1.284473e+03 
1.710300e-01 1.269713e+03 
1.722200e-01 1.256238e+03 
1.734400e-01 1.241781e+03 
1.746400e-01 1.227774e+03 
1.758700e-01 1.213418e+03 
1.770900e-01 1.198917e+03 
1.782700e-01 1.185136e+03 
1.794600e-01 1.171159e+03 
1.807000e-01 1.156637e+03 
1.819100e-01 1.142718e+03 
1.830100e-01 1.130100e+03 
1.842200e-01 1.116421e+03 
1.855000e-01 1.102211e+03 
1.867000e-01 1.089198e+03 
1.879200e-01 1.076193e+03 
1.890900e-01 1.063978e+03 
1.902800e-01 1.052003e+03 
1.915200e-01 1.039733e+03 
1.926900e-01 1.028443e+03 
1.939000e-01 1.017271e+03 
1.951700e-01 1.005738e+03 
1.963100e-01 9.956552e+02 
1.975100e-01 9.854825e+02 
1.987800e-01 9.748884e+02 
2.000100e-01 9.648920e+02 
2.012500e-01 9.552028e+02 
2.023400e-01 9.468106e+02 
2.036100e-01 9.372174e+02 
2.048900e-01 9.278585e+02 
2.060400e-01 9.195757e+02 
2.072200e-01 9.112041e+02 
2.084200e-01 9.028873e+02 
2.096900e-01 8.942165e+02 
2.109200e-01 8.859446e+02 
2.121100e-01 8.780321e+02 
2.132700e-01 8.704254e+02 
2.145200e-01 8.623450e+02 
2.157200e-01 8.546607e+02 
2.168800e-01 8.473171e+02 
2.180700e-01 8.398866e+02 
2.193400e-01 8.320464e+02 
2.206000e-01 8.243388e+02 
2.217500e-01 8.174013e+02 
2.229500e-01 8.102593e+02 
2.241400e-01 8.032464e+02 
2.253500e-01 7.962118e+02 
2.264900e-01 7.896717e+02 
2.277100e-01 7.827769e+02 
2.289900e-01 7.756569e+02 
2.301500e-01 7.692915e+02 
2.313600e-01 7.627389e+02 
2.325600e-01 7.563975e+02 
2.337700e-01 7.500869e+02 
2.350000e-01 7.437567e+02 
2.362000e-01 7.377111e+02 
2.374100e-01 7.317521e+02 
2.386500e-01 7.257247e+02 
2.399100e-01 7.196808e+02 
2.410400e-01 7.144191e+02 
2.422500e-01 7.088650e+02 
2.435000e-01 7.032002e+02 
2.447300e-01 6.977166e+02 
2.458700e-01 6.927733e+02 
2.470600e-01 6.876742e+02 
2.483300e-01 6.823000e+02 
2.495600e-01 6.771857e+02 
2.507600e-01 6.722913e+02 
2.519600e-01 6.674552e+02 
2.532200e-01 6.624390e+02 
2.543700e-01 6.579304e+02 
2.555500e-01 6.533672e+02 
2.568000e-01 6.485905e+02 
2.580100e-01 6.440218e+02 
2.592400e-01 6.394271e+02 
2.604100e-01 6.351046e+02 
2.616100e-01 6.307216e+02 
2.628400e-01 6.262808e+02 
2.640600e-01 6.219019e+02 
2.652200e-01 6.177751e+02 
2.664300e-01 6.135183e+02 
2.676500e-01 6.092751e+02 
2.688400e-01 6.051564e+02 
2.700700e-01 6.009307e+02 
2.712400e-01 5.969557e+02 
2.724800e-01 5.927897e+02 
2.736700e-01 5.888152e+02 
2.748800e-01 5.847966e+02 
2.761000e-01 5.807897e+02 
2.773200e-01 5.768272e+02 
2.785400e-01 5.728965e+02 
2.797000e-01 5.691745e+02 
2.808900e-01 5.653966e+02 
2.821400e-01 5.614715e+02 
2.833900e-01 5.575887e+02 
2.845500e-01 5.539950e+02 
2.857800e-01 5.502248e+02 
2.870300e-01 5.464350e+02 
2.882100e-01 5.428957e+02 
2.893900e-01 5.393808e+02 
2.906300e-01 5.357196e+02 
2.918900e-01 5.320397e+02 
2.930500e-01 5.286873e+02 
2.942500e-01 5.252519e+02 
2.954200e-01 5.219278e+02 
2.966500e-01 5.184691e+02 
2.978900e-01 5.150188e+02 
2.990400e-01 5.118515e+02 
3.002700e-01 5.084940e+02 
3.015100e-01 5.051427e+02 
3.026800e-01 5.020124e+02 
3.038500e-01 4.989128e+02 
3.050300e-01 4.958172e+02 
3.062600e-01 4.926233e+02 
3.075000e-01 4.894362e+02 
3.087000e-01 4.863828e+02 
3.099100e-01 4.833344e+02 
3.111200e-01 4.803188e+02 
3.123100e-01 4.773867e+02 
3.135300e-01 4.744099e+02 
3.147300e-01 4.715105e+02 
3.159900e-01 4.684961e+02 
3.171800e-01 4.656834e+02 
3.183700e-01 4.629012e+02 
3.196300e-01 4.599841e+02 
3.208400e-01 4.572100e+02 
3.220300e-01 4.545076e+02 
3.232000e-01 4.518833e+02 
3.244300e-01 4.491536e+02 
3.256700e-01 4.464280e+02 
3.269200e-01 4.437070e+02 
3.280800e-01 4.412055e+02 
3.292500e-01 4.387159e+02 
3.304800e-01 4.361261e+02 
3.317100e-01 4.335606e+02 
3.328900e-01 4.311219e+02 
3.340700e-01 4.287051e+02 
3.353600e-01 4.260992e+02 
3.365300e-01 4.237619e+02 
3.377100e-01 4.214254e+02 
3.389200e-01 4.190509e+02 
3.401600e-01 4.166396e+02 
3.413700e-01 4.143186e+02 
3.425300e-01 4.121203e+02 
3.437700e-01 4.097911e+02 
3.449800e-01 4.075386e+02 
3.461800e-01 4.053244e+02 
3.473600e-01 4.031703e+02 
3.485800e-01 4.009734e+02 
3.498100e-01 3.987780e+02 
3.510200e-01 3.966372e+02 
3.522000e-01 3.945673e+02 
3.533900e-01 3.924975e+02 
3.546400e-01 3.903566e+02 
3.558400e-01 3.883200e+02 
3.570600e-01 3.862670e+02 
3.582700e-01 3.842483e+02 
3.595000e-01 3.822137e+02 
3.607100e-01 3.802367e+02 
3.618900e-01 3.783306e+02 
3.631200e-01 3.763603e+02 
3.643200e-01 3.744541e+02 
3.655500e-01 3.725166e+02 
3.667300e-01 3.706732e+02 
3.679500e-01 3.687965e+02 
3.691900e-01 3.669051e+02 
3.703600e-01 3.651349e+02 
3.715700e-01 3.633190e+02 
3.727700e-01 3.615327e+02 
3.739900e-01 3.597357e+02 
3.752000e-01 3.579757e+02 
3.763900e-01 3.562587e+02 
3.775800e-01 3.545553e+02 
3.788200e-01 3.527945e+02 
3.800300e-01 3.510902e+02 
3.812100e-01 3.494464e+02 
3.824200e-01 3.477775e+02 
3.836100e-01 3.461490e+02 
3.848600e-01 3.444519e+02 
3.860400e-01 3.428626e+02 
3.872400e-01 3.412587e+02 
3.884600e-01 3.396477e+02 
3.896500e-01 3.380910e+02 
3.908700e-01 3.365074e+02 
3.920600e-01 3.349746e+02 
3.933100e-01 3.333770e+02 
3.945300e-01 3.318299e+02 
3.957200e-01 3.303391e+02 
3.969300e-01 3.288366e+02 
3.981700e-01 3.273086e+02 
3.993500e-01 3.258656e+02 
4.094840e-01 3.139149e+02 
4.272360e-01 2.948290e+02 
4.454600e-01 2.772869e+02 
4.630560e-01 2.620320e+02 
4.804610e-01 2.483499e+02 
4.980690e-01 2.357472e+02 
5.159230e-01 2.240871e+02 
5.317440e-01 2.145874e+02 
5.489640e-01 2.050506e+02 
5.671990e-01 1.957736e+02 
5.838690e-01 1.879475e+02 
6.018840e-01 1.801278e+02 
6.202330e-01 1.727828e+02 
6.379250e-01 1.662184e+02 
6.545410e-01 1.604974e+02 
6.714560e-01 1.550508e+02 
6.892080e-01 1.497186e+02 
7.066010e-01 1.448432e+02 
7.240540e-01 1.402583e+02 
7.420450e-01 1.358372e+02 
7.593780e-01 1.318384e+02 
7.764720e-01 1.281200e+02 
7.942840e-01 1.244677e+02 
8.116170e-01 1.211149e+02 
8.288310e-01 1.179654e+02 
8.462240e-01 1.149468e+02 
8.631980e-01 1.121479e+02 
8.810700e-01 1.093460e+02 
8.989410e-01 1.066829e+02 
9.166330e-01 1.041705e+02 
9.345640e-01 1.017426e+02 
9.515980e-01 9.953726e+01 
9.688720e-01 9.739466e+01 
9.865640e-01 9.529143e+01 
1.031870e+00 9.028271e+01 
1.063490e+00 8.707220e+01 
1.097920e+00 8.381243e+01 
1.134370e+00 8.059427e+01 
1.167730e+00 7.784128e+01 
1.203830e+00 7.504086e+01 
1.240470e+00 7.237574e+01 
1.275790e+00 6.995425e+01 
1.309140e+00 6.779602e+01 
1.342970e+00 6.571260e+01 
1.378420e+00 6.364524e+01 
1.413200e+00 6.171680e+01 
1.448110e+00 5.987455e+01 
1.484090e+00 5.806949e+01 
1.518820e+00 5.640792e+01 
1.552880e+00 5.484862e+01 
1.588630e+00 5.328426e+01 
1.623230e+00 5.183725e+01 
1.657720e+00 5.045488e+01 
1.692450e+00 4.912124e+01 
1.726400e+00 4.786686e+01 
1.762200e+00 4.659638e+01 
1.797880e+00 4.538184e+01 
1.833270e+00 4.422407e+01 
1.869070e+00 4.309782e+01 
1.903200e+00 4.206436e+01 
1.937740e+00 4.105619e+01 
1.973190e+00 4.005815e+01 
2.007440e+00 3.912849e+01 
2.042160e+00 3.821857e+01 
2.077900e+00 3.731377e+01 
2.112390e+00 3.647140e+01 
2.146220e+00 3.567073e+01 
2.181600e+00 3.486077e+01 
2.216930e+00 3.407910e+01 
2.250760e+00 3.335453e+01 
2.286500e+00 3.261330e+01 
2.321770e+00 3.190537e+01 
2.355950e+00 3.124034e+01 
2.391280e+00 3.057291e+01 
2.426240e+00 2.993266e+01 
2.460670e+00 2.932138e+01 
2.495640e+00 2.871943e+01 
2.531080e+00 2.812576e+01 
2.566220e+00 2.755453e+01 
2.600830e+00 2.700841e+01 
2.635080e+00 2.648348e+01 
2.670340e+00 2.595715e+01 
2.705970e+00 2.544058e+01 
2.740040e+00 2.496049e+01 
2.774520e+00 2.448678e+01 
2.809730e+00 2.401602e+01 
2.844390e+00 2.356548e+01 
2.879960e+00 2.311519e+01 
2.914860e+00 2.268480e+01 
2.949410e+00 2.227017e+01 
2.984440e+00 2.186000e+01 
3.019760e+00 2.145721e+01 
3.054730e+00 2.106909e+01 
3.089030e+00 2.069681e+01 
3.124060e+00 2.032644e+01 
3.159560e+00 1.996048e+01 
3.194710e+00 1.960687e+01 
3.229010e+00 1.927066e+01 
3.263320e+00 1.894145e+01 
3.297930e+00 1.861766e+01 
3.332830e+00 1.829872e+01 
3.368040e+00 1.798448e+01 
3.403300e+00 1.767736e+01 
3.438450e+00 1.737806e+01 
3.473060e+00 1.709065e+01 
3.508440e+00 1.680296e+01 
3.543110e+00 1.652797e+01 
3.577470e+00 1.626102e+01 
3.613040e+00 1.599122e+01 
3.648120e+00 1.573082e+01 
3.682910e+00 1.547851e+01 
3.718050e+00 1.522910e+01 
3.753320e+00 1.498448e+01 
3.787980e+00 1.474929e+01 
3.822290e+00 1.452149e+01 
3.857020e+00 1.429561e+01 
3.891920e+00 1.407355e+01 
3.926650e+00 1.385704e+01 
3.961970e+00 1.364171e+01 
3.997360e+00 1.343040e+01 
4.031670e+00 1.323002e+01 
4.066330e+00 1.303151e+01 
4.101420e+00 1.283497e+01 
4.136200e+00 1.264377e+01 
4.170810e+00 1.245764e+01 
4.206250e+00 1.227067e+01 
4.241580e+00 1.208825e+01 
4.276300e+00 1.191250e+01 
4.310970e+00 1.174052e+01 
4.346120e+00 1.156971e+01 
4.380600e+00 1.140541e+01 
4.414730e+00 1.124610e+01 
4.450350e+00 1.108282e+01 
4.485320e+00 1.092586e+01 
4.519810e+00 1.077392e+01 
4.555430e+00 1.062008e+01 
4.590870e+00 1.047007e+01 
4.625480e+00 1.032635e+01 
4.659910e+00 1.018618e+01 
4.695230e+00 1.004495e+01 
4.729960e+00 9.908770e+00 
4.764450e+00 9.776046e+00 
4.799530e+00 9.643496e+00 
4.834910e+00 9.512405e+00 
4.869700e+00 9.385846e+00 
4.904370e+00 9.262083e+00 
4.939450e+00 9.139186e+00 
4.973940e+00 9.020535e+00 
5.008430e+00 8.904068e+00 
5.043810e+00 8.786687e+00 
5.078840e+00 8.672554e+00 
5.113500e+00 8.561686e+00 
5.148890e+00 8.450510e+00 
5.184210e+00 8.341581e+00 
5.219060e+00 8.236024e+00 
5.253660e+00 8.133039e+00 
5.288570e+00 8.030965e+00 
5.323420e+00 7.930855e+00 
5.358440e+00 7.832012e+00 
5.393590e+00 7.734540e+00 
5.428310e+00 7.639937e+00 
5.462800e+00 7.547570e+00 
5.497640e+00 7.455851e+00 
5.532670e+00 7.365205e+00 
5.567280e+00 7.277158e+00 
5.602000e+00 7.190308e+00 
5.637270e+00 7.103612e+00 
5.672410e+00 7.018696e+00 
5.707020e+00 6.936443e+00 
5.742040e+00 6.854620e+00 
5.777430e+00 6.773303e+00 
5.812210e+00 6.694696e+00 
5.846820e+00 6.617776e+00 
5.881610e+00 6.541705e+00 
5.916510e+00 6.466612e+00 
5.951600e+00 6.392371e+00 
5.986560e+00 6.319605e+00 
6.021830e+00 6.247356e+00 
6.056490e+00 6.177533e+00 
6.091160e+00 6.108821e+00 
6.125830e+00 6.041166e+00 
6.161090e+00 5.973459e+00 
6.195760e+00 5.907984e+00 
6.230420e+00 5.843520e+00 
6.265690e+00 5.778922e+00 
6.300950e+00 5.715421e+00 
6.335620e+00 5.653922e+00 
6.370880e+00 5.592313e+00 
6.405550e+00 5.532731e+00 
6.440220e+00 5.474063e+00 
6.475480e+00 5.415275e+00 
6.510150e+00 5.358347e+00 
6.544810e+00 5.302322e+00 
6.580080e+00 5.246138e+00 
6.614750e+00 5.191709e+00 
6.649410e+00 5.138216e+00 
6.684080e+00 5.085496e+00 
6.719340e+00 5.032642e+00 
6.754010e+00 4.981441e+00 
6.788680e+00 4.931035e+00 
6.823940e+00 4.880489e+00 
6.859800e+00 4.829814e+00 
6.894470e+00 4.781606e+00 
6.929140e+00 4.734095e+00 
6.963800e+00 4.687246e+00 
6.999070e+00 4.640232e+00 
7.033730e+00 4.594759e+00 
7.068400e+00 4.549885e+00 
7.103660e+00 4.504864e+00 
7.138330e+00 4.461242e+00 
7.173600e+00 4.417567e+00 
7.208260e+00 4.375218e+00 
7.243530e+00 4.332695e+00 
7.277600e+00 4.292230e+00 
7.312860e+00 4.250963e+00 
7.348120e+00 4.210240e+00 
7.382790e+00 4.170719e+00 
7.417460e+00 4.131787e+00 
7.452720e+00 4.092746e+00 
7.487390e+00 4.054851e+00 
7.522650e+00 4.016803e+00 
7.557320e+00 3.979960e+00 
7.591990e+00 3.943614e+00 
7.627250e+00 3.907114e+00 
7.662510e+00 3.871077e+00 
7.697180e+00 3.836181e+00 
7.731850e+00 3.801752e+00 
7.766510e+00 3.767756e+00 
7.801180e+00 3.734165e+00 
7.836440e+00 3.700514e+00 
7.871110e+00 3.667886e+00 
7.906380e+00 3.635097e+00 
7.941040e+00 3.603265e+00 
7.976310e+00 3.571313e+00 
8.011570e+00 3.539813e+00 
8.046240e+00 3.509211e+00 
8.080900e+00 3.478980e+00 
8.115570e+00 3.449121e+00 
8.150830e+00 3.419212e+00 
8.185500e+00 3.390149e+00 
8.220770e+00 3.360930e+00 
8.255430e+00 3.332551e+00 
8.290100e+00 3.304596e+00 
8.324770e+00 3.276975e+00 
8.359430e+00 3.249676e+00 
8.394700e+00 3.222216e+00 
8.429960e+00 3.195143e+00 
8.464630e+00 3.168890e+00 
8.499890e+00 3.142493e+00 
8.534560e+00 3.116830e+00 
8.569200e+00 3.091476e+00 
