# Parameters:
# omega_b = 0.021579, omega_m = 0.148110, n_s = 0.872047, h = 67.519685, w = -1.000000, sigma_8 = 0.852756
# z = 1.100000
#
# k[1/Mpc] # P(k):
8.694000e-04 7.781980e+03 
2.077466e-03 1.540033e+04 
3.285532e-03 2.099813e+04 
4.493598e-03 2.513343e+04 
5.701664e-03 2.810584e+04 
6.909730e-03 3.013968e+04 
8.117797e-03 3.145838e+04 
9.325863e-03 3.217776e+04 
1.053393e-02 3.240921e+04 
1.174199e-02 3.225213e+04 
1.295006e-02 3.176821e+04 
1.415813e-02 3.103686e+04 
1.536619e-02 3.012421e+04 
1.657426e-02 2.907309e+04 
1.778233e-02 2.791265e+04 
1.899039e-02 2.669064e+04 
2.019846e-02 2.545326e+04 
2.140652e-02 2.424515e+04 
2.261459e-02 2.307734e+04 
2.382266e-02 2.196454e+04 
2.503072e-02 2.091954e+04 
2.623879e-02 1.994710e+04 
2.744685e-02 1.904850e+04 
2.865492e-02 1.822644e+04 
2.986299e-02 1.747826e+04 
3.100100e-02 1.683880e+04 
3.220400e-02 1.622750e+04 
3.288100e-02 1.591176e+04 
3.424300e-02 1.533170e+04 
3.555100e-02 1.483473e+04 
3.686000e-02 1.438943e+04 
3.795000e-02 1.405131e+04 
3.929100e-02 1.367061e+04 
4.039800e-02 1.337825e+04 
4.164000e-02 1.306757e+04 
4.294400e-02 1.275273e+04 
4.415000e-02 1.246968e+04 
4.542900e-02 1.216819e+04 
4.660900e-02 1.189118e+04 
4.782300e-02 1.159564e+04 
4.892900e-02 1.132345e+04 
5.031200e-02 1.097462e+04 
5.155900e-02 1.065091e+04 
5.238100e-02 1.043442e+04 
5.378200e-02 1.006177e+04 
5.513400e-02 9.698280e+03 
5.627600e-02 9.391036e+03 
5.735300e-02 9.103897e+03 
5.870100e-02 8.750603e+03 
5.988700e-02 8.448555e+03 
6.113500e-02 8.141197e+03 
6.225900e-02 7.875497e+03 
6.340100e-02 7.618244e+03 
6.480200e-02 7.321237e+03 
6.601100e-02 7.083180e+03 
6.725500e-02 6.856328e+03 
6.829100e-02 6.682699e+03 
6.958600e-02 6.482050e+03 
7.071100e-02 6.323687e+03 
7.192300e-02 6.167932e+03 
7.307400e-02 6.033218e+03 
7.412300e-02 5.920606e+03 
7.550400e-02 5.786703e+03 
7.663100e-02 5.686606e+03 
7.791200e-02 5.583428e+03 
7.912700e-02 5.493364e+03 
8.027600e-02 5.413059e+03 
8.138400e-02 5.338903e+03 
8.272200e-02 5.252348e+03 
8.406100e-02 5.167379e+03 
8.534100e-02 5.085536e+03 
8.653800e-02 5.007114e+03 
8.759800e-02 4.936421e+03 
8.900300e-02 4.839980e+03 
9.009000e-02 4.762434e+03 
9.113300e-02 4.685020e+03 
9.239600e-02 4.589692e+03 
9.358000e-02 4.497818e+03 
9.496100e-02 4.387344e+03 
9.608400e-02 4.297067e+03 
9.727500e-02 4.201685e+03 
9.852600e-02 4.100119e+03 
9.973800e-02 4.003756e+03 
1.009000e-01 3.913320e+03 
1.020900e-01 3.822858e+03 
1.034000e-01 3.726950e+03 
1.046000e-01 3.642464e+03 
1.057200e-01 3.567845e+03 
1.069100e-01 3.491753e+03 
1.082500e-01 3.411651e+03 
1.093900e-01 3.347821e+03 
1.105400e-01 3.286490e+03 
1.116900e-01 3.230295e+03 
1.129600e-01 3.171172e+03 
1.142000e-01 3.118290e+03 
1.153300e-01 3.072658e+03 
1.166400e-01 3.023169e+03 
1.177800e-01 2.982861e+03 
1.190000e-01 2.941549e+03 
1.201200e-01 2.905782e+03 
1.213400e-01 2.867966e+03 
1.227100e-01 2.827381e+03 
1.238900e-01 2.793269e+03 
1.250700e-01 2.759737e+03 
1.263200e-01 2.724737e+03 
1.275500e-01 2.690417e+03 
1.287500e-01 2.657116e+03 
1.299900e-01 2.622560e+03 
1.311300e-01 2.590724e+03 
1.323500e-01 2.556236e+03 
1.335900e-01 2.521104e+03 
1.347100e-01 2.488905e+03 
1.359800e-01 2.452472e+03 
1.372100e-01 2.416542e+03 
1.384300e-01 2.381192e+03 
1.395700e-01 2.347644e+03 
1.407700e-01 2.312969e+03 
1.420300e-01 2.276130e+03 
1.432800e-01 2.240425e+03 
1.444500e-01 2.207057e+03 
1.456300e-01 2.174125e+03 
1.468900e-01 2.139845e+03 
1.480500e-01 2.109002e+03 
1.491700e-01 2.080113e+03 
1.503800e-01 2.049906e+03 
1.516400e-01 2.019340e+03 
1.528200e-01 1.992253e+03 
1.540200e-01 1.965259e+03 
1.551900e-01 1.940542e+03 
1.564300e-01 1.915125e+03 
1.576600e-01 1.890992e+03 
1.588700e-01 1.868405e+03 
1.600900e-01 1.846118e+03 
1.612700e-01 1.825910e+03 
1.625400e-01 1.804570e+03 
1.637600e-01 1.784804e+03 
1.649500e-01 1.766076e+03 
1.662200e-01 1.746473e+03 
1.674000e-01 1.728689e+03 
1.685000e-01 1.712388e+03 
1.697500e-01 1.694050e+03 
1.710300e-01 1.675483e+03 
1.722200e-01 1.658529e+03 
1.734400e-01 1.640931e+03 
1.746400e-01 1.623900e+03 
1.758700e-01 1.606555e+03 
1.770900e-01 1.589264e+03 
1.782700e-01 1.572824e+03 
1.794600e-01 1.556218e+03 
1.807000e-01 1.539005e+03 
1.819100e-01 1.522495e+03 
1.830100e-01 1.507446e+03 
1.842200e-01 1.491110e+03 
1.855000e-01 1.474118e+03 
1.867000e-01 1.458312e+03 
1.879200e-01 1.442509e+03 
1.890900e-01 1.427604e+03 
1.902800e-01 1.412715e+03 
1.915200e-01 1.397453e+03 
1.926900e-01 1.383327e+03 
1.939000e-01 1.369089e+03 
1.951700e-01 1.354388e+03 
1.963100e-01 1.341459e+03 
1.975100e-01 1.328216e+03 
1.987800e-01 1.314422e+03 
2.000100e-01 1.301354e+03 
2.012500e-01 1.288570e+03 
2.023400e-01 1.277496e+03 
2.036100e-01 1.264826e+03 
2.048900e-01 1.252426e+03 
2.060400e-01 1.241451e+03 
2.072200e-01 1.230362e+03 
2.084200e-01 1.219392e+03 
2.096900e-01 1.207954e+03 
2.109200e-01 1.197041e+03 
2.121100e-01 1.186700e+03 
2.132700e-01 1.176761e+03 
2.145200e-01 1.166203e+03 
2.157200e-01 1.156229e+03 
2.168800e-01 1.146728e+03 
2.180700e-01 1.137113e+03 
2.193400e-01 1.126985e+03 
2.206000e-01 1.117062e+03 
2.217500e-01 1.108129e+03 
2.229500e-01 1.098931e+03 
2.241400e-01 1.089891e+03 
2.253500e-01 1.080821e+03 
2.264900e-01 1.072387e+03 
2.277100e-01 1.063452e+03 
2.289900e-01 1.054178e+03 
2.301500e-01 1.045885e+03 
2.313600e-01 1.037347e+03 
2.325600e-01 1.028947e+03 
2.337700e-01 1.020588e+03 
2.350000e-01 1.012201e+03 
2.362000e-01 1.004118e+03 
2.374100e-01 9.960628e+02 
2.386500e-01 9.879149e+02 
2.399100e-01 9.797444e+02 
2.410400e-01 9.725047e+02 
2.422500e-01 9.648466e+02 
2.435000e-01 9.570363e+02 
2.447300e-01 9.494548e+02 
2.458700e-01 9.425358e+02 
2.470600e-01 9.353993e+02 
2.483300e-01 9.278782e+02 
2.495600e-01 9.207009e+02 
2.507600e-01 9.138043e+02 
2.519600e-01 9.069905e+02 
2.532200e-01 8.999236e+02 
2.543700e-01 8.935815e+02 
2.555500e-01 8.871696e+02 
2.568000e-01 8.804583e+02 
2.580100e-01 8.740396e+02 
2.592400e-01 8.676302e+02 
2.604100e-01 8.616208e+02 
2.616100e-01 8.555275e+02 
2.628400e-01 8.493543e+02 
2.640600e-01 8.433354e+02 
2.652200e-01 8.376898e+02 
2.664300e-01 8.318666e+02 
2.676500e-01 8.260621e+02 
2.688400e-01 8.204894e+02 
2.700700e-01 8.148098e+02 
2.712400e-01 8.094672e+02 
2.724800e-01 8.038676e+02 
2.736700e-01 7.985690e+02 
2.748800e-01 7.932560e+02 
2.761000e-01 7.879580e+02 
2.773200e-01 7.827184e+02 
2.785400e-01 7.775427e+02 
2.797000e-01 7.726878e+02 
2.808900e-01 7.677594e+02 
2.821400e-01 7.626384e+02 
2.833900e-01 7.575743e+02 
2.845500e-01 7.529326e+02 
2.857800e-01 7.480622e+02 
2.870300e-01 7.431661e+02 
2.882100e-01 7.385928e+02 
2.893900e-01 7.340708e+02 
2.906300e-01 7.293709e+02 
2.918900e-01 7.246462e+02 
2.930500e-01 7.203414e+02 
2.942500e-01 7.159330e+02 
2.954200e-01 7.116786e+02 
2.966500e-01 7.072513e+02 
2.978900e-01 7.028343e+02 
2.990400e-01 6.987787e+02 
3.002700e-01 6.944835e+02 
3.015100e-01 6.901974e+02 
3.026800e-01 6.861935e+02 
3.038500e-01 6.822282e+02 
3.050300e-01 6.782674e+02 
3.062600e-01 6.741793e+02 
3.075000e-01 6.700993e+02 
3.087000e-01 6.661899e+02 
3.099100e-01 6.622862e+02 
3.111200e-01 6.584220e+02 
3.123100e-01 6.546608e+02 
3.135300e-01 6.508418e+02 
3.147300e-01 6.471215e+02 
3.159900e-01 6.432532e+02 
3.171800e-01 6.396385e+02 
3.183700e-01 6.360598e+02 
3.196300e-01 6.323068e+02 
3.208400e-01 6.287374e+02 
3.220300e-01 6.252596e+02 
3.232000e-01 6.218762e+02 
3.244300e-01 6.183540e+02 
3.256700e-01 6.148367e+02 
3.269200e-01 6.113248e+02 
3.280800e-01 6.080956e+02 
3.292500e-01 6.048762e+02 
3.304800e-01 6.015251e+02 
3.317100e-01 5.982050e+02 
3.328900e-01 5.950486e+02 
3.340700e-01 5.919201e+02 
3.353600e-01 5.885413e+02 
3.365300e-01 5.855084e+02 
3.377100e-01 5.824762e+02 
3.389200e-01 5.793943e+02 
3.401600e-01 5.762642e+02 
3.413700e-01 5.732481e+02 
3.425300e-01 5.703891e+02 
3.437700e-01 5.673594e+02 
3.449800e-01 5.644292e+02 
3.461800e-01 5.615484e+02 
3.473600e-01 5.587446e+02 
3.485800e-01 5.558826e+02 
3.498100e-01 5.530222e+02 
3.510200e-01 5.502326e+02 
3.522000e-01 5.475352e+02 
3.533900e-01 5.448376e+02 
3.546400e-01 5.420453e+02 
3.558400e-01 5.393887e+02 
3.570600e-01 5.367105e+02 
3.582700e-01 5.340766e+02 
3.595000e-01 5.314218e+02 
3.607100e-01 5.288418e+02 
3.618900e-01 5.263540e+02 
3.631200e-01 5.237821e+02 
3.643200e-01 5.212938e+02 
3.655500e-01 5.187642e+02 
3.667300e-01 5.163572e+02 
3.679500e-01 5.139077e+02 
3.691900e-01 5.114386e+02 
3.703600e-01 5.091277e+02 
3.715700e-01 5.067567e+02 
3.727700e-01 5.044241e+02 
3.739900e-01 5.020781e+02 
3.752000e-01 4.997815e+02 
3.763900e-01 4.975408e+02 
3.775800e-01 4.953175e+02 
3.788200e-01 4.930192e+02 
3.800300e-01 4.907943e+02 
3.812100e-01 4.886496e+02 
3.824200e-01 4.864729e+02 
3.836100e-01 4.843488e+02 
3.848600e-01 4.821350e+02 
3.860400e-01 4.800614e+02 
3.872400e-01 4.779687e+02 
3.884600e-01 4.758681e+02 
3.896500e-01 4.738387e+02 
3.908700e-01 4.717741e+02 
3.920600e-01 4.697754e+02 
3.933100e-01 4.676921e+02 
3.945300e-01 4.656745e+02 
3.957200e-01 4.637327e+02 
3.969300e-01 4.617762e+02 
3.981700e-01 4.597864e+02 
3.993500e-01 4.579070e+02 
4.094840e-01 4.423374e+02 
4.272360e-01 4.174894e+02 
4.454600e-01 3.946128e+02 
4.630560e-01 3.746575e+02 
4.804610e-01 3.566846e+02 
4.980690e-01 3.400526e+02 
5.159230e-01 3.245890e+02 
5.317440e-01 3.119384e+02 
5.489640e-01 2.991859e+02 
5.671990e-01 2.867379e+02 
5.838690e-01 2.762092e+02 
6.018840e-01 2.656606e+02 
6.202330e-01 2.557283e+02 
6.379250e-01 2.468405e+02 
6.545410e-01 2.390795e+02 
6.714560e-01 2.316768e+02 
6.892080e-01 2.244228e+02 
7.066010e-01 2.177739e+02 
7.240540e-01 2.115125e+02 
7.420450e-01 2.054564e+02 
7.593780e-01 1.999632e+02 
7.764720e-01 1.948417e+02 
7.942840e-01 1.897967e+02 
8.116170e-01 1.851463e+02 
8.288310e-01 1.807588e+02 
8.462240e-01 1.765372e+02 
8.631980e-01 1.726036e+02 
8.810700e-01 1.686496e+02 
8.989410e-01 1.648721e+02 
9.166330e-01 1.612908e+02 
9.345640e-01 1.578131e+02 
9.515980e-01 1.546348e+02 
9.688720e-01 1.515304e+02 
9.865640e-01 1.484646e+02 
1.031870e+00 1.411017e+02 
1.063490e+00 1.363250e+02 
1.097920e+00 1.314292e+02 
1.134370e+00 1.265504e+02 
1.167730e+00 1.223378e+02 
1.203830e+00 1.180128e+02 
1.240470e+00 1.138674e+02 
1.275790e+00 1.100678e+02 
1.309140e+00 1.066649e+02 
1.342970e+00 1.033544e+02 
1.378420e+00 1.000548e+02 
1.413200e+00 9.695998e+01 
1.448110e+00 9.399093e+01 
1.484090e+00 9.107011e+01 
1.518820e+00 8.837205e+01 
1.552880e+00 8.583159e+01 
1.588630e+00 8.327711e+01 
1.623230e+00 8.090789e+01 
1.657720e+00 7.864004e+01 
1.692450e+00 7.644954e+01 
1.726400e+00 7.438506e+01 
1.762200e+00 7.229092e+01 
1.797880e+00 7.028819e+01 
1.833270e+00 6.837661e+01 
1.869070e+00 6.651595e+01 
1.903200e+00 6.480909e+01 
1.937740e+00 6.314335e+01 
1.973190e+00 6.149376e+01 
2.007440e+00 5.995795e+01 
2.042160e+00 5.845554e+01 
2.077900e+00 5.696137e+01 
2.112390e+00 5.557179e+01 
2.146220e+00 5.425084e+01 
2.181600e+00 5.291621e+01 
2.216930e+00 5.162918e+01 
2.250760e+00 5.043713e+01 
2.286500e+00 4.921871e+01 
2.321770e+00 4.805617e+01 
2.355950e+00 4.696576e+01 
2.391280e+00 4.587244e+01 
2.426240e+00 4.482536e+01 
2.460670e+00 4.382696e+01 
2.495640e+00 4.284482e+01 
2.531080e+00 4.187750e+01 
2.566220e+00 4.094821e+01 
2.600830e+00 4.006122e+01 
2.635080e+00 3.921006e+01 
2.670340e+00 3.835849e+01 
2.705970e+00 3.752377e+01 
2.740040e+00 3.674892e+01 
2.774520e+00 3.598545e+01 
2.809730e+00 3.522852e+01 
2.844390e+00 3.450540e+01 
2.879960e+00 3.378417e+01 
2.914860e+00 3.309588e+01 
2.949410e+00 3.243377e+01 
2.984440e+00 3.178050e+01 
3.019760e+00 3.113981e+01 
3.054730e+00 3.052321e+01 
3.089030e+00 2.993380e+01 
3.124060e+00 2.934814e+01 
3.159560e+00 2.877030e+01 
3.194710e+00 2.821340e+01 
3.229010e+00 2.768472e+01 
3.263320e+00 2.716868e+01 
3.297930e+00 2.666167e+01 
3.332830e+00 2.616300e+01 
3.368040e+00 2.567287e+01 
3.403300e+00 2.519483e+01 
3.438450e+00 2.473019e+01 
3.473060e+00 2.428457e+01 
3.508440e+00 2.383965e+01 
3.543110e+00 2.341489e+01 
3.577470e+00 2.300393e+01 
3.613040e+00 2.258904e+01 
3.648120e+00 2.218936e+01 
3.682910e+00 2.180276e+01 
3.718050e+00 2.142164e+01 
3.753320e+00 2.104844e+01 
3.787980e+00 2.069041e+01 
3.822290e+00 2.034426e+01 
3.857020e+00 2.000186e+01 
3.891920e+00 1.966578e+01 
3.926650e+00 1.933886e+01 
3.961970e+00 1.901420e+01 
3.997360e+00 1.869649e+01 
4.031670e+00 1.839555e+01 
4.066330e+00 1.809818e+01 
4.101420e+00 1.780399e+01 
4.136200e+00 1.751874e+01 
4.170810e+00 1.724124e+01 
4.206250e+00 1.696321e+01 
4.241580e+00 1.669224e+01 
4.276300e+00 1.643185e+01 
4.310970e+00 1.617749e+01 
4.346120e+00 1.592524e+01 
4.380600e+00 1.568316e+01 
4.414730e+00 1.544858e+01 
4.450350e+00 1.520900e+01 
4.485320e+00 1.497881e+01 
4.519810e+00 1.475655e+01 
4.555430e+00 1.453183e+01 
4.590870e+00 1.431301e+01 
4.625480e+00 1.410384e+01 
4.659910e+00 1.389995e+01 
4.695230e+00 1.369517e+01 
4.729960e+00 1.349790e+01 
4.764450e+00 1.330593e+01 
4.799530e+00 1.311464e+01 
4.834910e+00 1.292555e+01 
4.869700e+00 1.274351e+01 
4.904370e+00 1.256565e+01 
4.939450e+00 1.238924e+01 
4.973940e+00 1.221935e+01 
5.008430e+00 1.205266e+01 
5.043810e+00 1.188502e+01 
5.078840e+00 1.172227e+01 
5.113500e+00 1.156424e+01 
5.148890e+00 1.140626e+01 
5.184210e+00 1.125155e+01 
5.219060e+00 1.110180e+01 
5.253660e+00 1.095604e+01 
5.288570e+00 1.081164e+01 
5.323420e+00 1.067023e+01 
5.358440e+00 1.053085e+01 
5.393590e+00 1.039345e+01 
5.428310e+00 1.026039e+01 
5.462800e+00 1.013065e+01 
5.497640e+00 1.000186e+01 
5.532670e+00 9.874874e+00 
5.567280e+00 9.751650e+00 
5.602000e+00 9.630140e+00 
5.637270e+00 9.509114e+00 
5.672410e+00 9.390664e+00 
5.707020e+00 9.275964e+00 
5.742040e+00 9.162145e+00 
5.777430e+00 9.049117e+00 
5.812210e+00 8.939886e+00 
5.846820e+00 8.833220e+00 
5.881610e+00 8.727807e+00 
5.916510e+00 8.623780e+00 
5.951600e+00 8.521133e+00 
5.986560e+00 8.420629e+00 
6.021830e+00 8.320866e+00 
6.056490e+00 8.224594e+00 
6.091160e+00 8.129977e+00 
6.125830e+00 8.036839e+00 
6.161090e+00 7.943710e+00 
6.195760e+00 7.853798e+00 
6.230420e+00 7.765294e+00 
6.265690e+00 7.676634e+00 
6.300950e+00 7.589686e+00 
6.335620e+00 7.505498e+00 
6.370880e+00 7.421177e+00 
6.405550e+00 7.339752e+00 
6.440220e+00 7.259634e+00 
6.475480e+00 7.179370e+00 
6.510150e+00 7.101710e+00 
6.544810e+00 7.025408e+00 
6.580080e+00 6.948904e+00 
6.614750e+00 6.874803e+00 
6.649410e+00 6.802091e+00 
6.684080e+00 6.730460e+00 
6.719340e+00 6.658660e+00 
6.754010e+00 6.589156e+00 
6.788680e+00 6.520827e+00 
6.823940e+00 6.452322e+00 
6.859800e+00 6.383651e+00 
6.894470e+00 6.318408e+00 
6.929140e+00 6.254144e+00 
6.963800e+00 6.190784e+00 
6.999070e+00 6.127217e+00 
7.033730e+00 6.065835e+00 
7.068400e+00 6.005270e+00 
7.103660e+00 5.944514e+00 
7.138330e+00 5.885681e+00 
7.173600e+00 5.826835e+00 
7.208260e+00 5.769784e+00 
7.243530e+00 5.712505e+00 
7.277600e+00 5.658043e+00 
7.312860e+00 5.602544e+00 
7.348120e+00 5.547783e+00 
7.382790e+00 5.494645e+00 
7.417460e+00 5.442352e+00 
7.452720e+00 5.389942e+00 
7.487390e+00 5.339075e+00 
7.522650e+00 5.288010e+00 
7.557320e+00 5.238601e+00 
7.591990e+00 5.189876e+00 
7.627250e+00 5.140951e+00 
7.662510e+00 5.092651e+00 
7.697180e+00 5.045923e+00 
7.731850e+00 4.999840e+00 
7.766510e+00 4.954341e+00 
7.801180e+00 4.909389e+00 
7.836440e+00 4.864380e+00 
7.871110e+00 4.820757e+00 
7.906380e+00 4.776924e+00 
7.941040e+00 4.734374e+00 
7.976310e+00 4.691682e+00 
8.011570e+00 4.649619e+00 
8.046240e+00 4.608757e+00 
8.080900e+00 4.568393e+00 
8.115570e+00 4.528537e+00 
8.150830e+00 4.488639e+00 
8.185500e+00 4.449873e+00 
8.220770e+00 4.410902e+00 
8.255430e+00 4.373054e+00 
8.290100e+00 4.335800e+00 
8.324770e+00 4.298994e+00 
8.359430e+00 4.262623e+00 
8.394700e+00 4.226039e+00 
8.429960e+00 4.189982e+00 
8.464630e+00 4.155026e+00 
8.499890e+00 4.119882e+00 
8.534560e+00 4.085718e+00 
8.569200e+00 4.051967e+00 
