# Parameters:
# omega_b = 0.023232, omega_m = 0.145630, n_s = 0.969685, h = 57.598425, w = -1.000000, sigma_8 = 0.848031
# z = 1.100000
#
# k[1/Mpc] # P(k):
8.694000e-04 5.897545e+03 
2.077466e-03 1.267616e+04 
3.285532e-03 1.804512e+04 
4.493598e-03 2.225183e+04 
5.701664e-03 2.543519e+04 
6.909730e-03 2.774739e+04 
8.117797e-03 2.937062e+04 
9.325863e-03 3.039664e+04 
1.053393e-02 3.091890e+04 
1.174199e-02 3.102502e+04 
1.295006e-02 3.077070e+04 
1.415813e-02 3.023396e+04 
1.536619e-02 2.948353e+04 
1.657426e-02 2.857176e+04 
1.778233e-02 2.757344e+04 
1.899039e-02 2.658508e+04 
2.019846e-02 2.558063e+04 
2.140652e-02 2.454048e+04 
2.261459e-02 2.349368e+04 
2.382266e-02 2.247712e+04 
2.503072e-02 2.151057e+04 
2.623879e-02 2.060141e+04 
2.744685e-02 1.975227e+04 
2.865492e-02 1.896856e+04 
2.986299e-02 1.824953e+04 
3.100100e-02 1.763006e+04 
3.220400e-02 1.703368e+04 
3.288100e-02 1.672368e+04 
3.424300e-02 1.615112e+04 
3.555100e-02 1.565743e+04 
3.686000e-02 1.521256e+04 
3.795000e-02 1.487343e+04 
3.929100e-02 1.449035e+04 
4.039800e-02 1.419592e+04 
4.164000e-02 1.388318e+04 
4.294400e-02 1.356740e+04 
4.415000e-02 1.328456e+04 
4.542900e-02 1.298523e+04 
4.660900e-02 1.271145e+04 
4.782300e-02 1.242131e+04 
4.892900e-02 1.215504e+04 
5.031200e-02 1.181485e+04 
5.155900e-02 1.149964e+04 
5.238100e-02 1.128880e+04 
5.378200e-02 1.092555e+04 
5.513400e-02 1.057043e+04 
5.627600e-02 1.026955e+04 
5.735300e-02 9.987911e+03 
5.870100e-02 9.640991e+03 
5.988700e-02 9.344081e+03 
6.113500e-02 9.041268e+03 
6.225900e-02 8.778086e+03 
6.340100e-02 8.521003e+03 
6.480200e-02 8.220507e+03 
6.601100e-02 7.974626e+03 
6.725500e-02 7.735459e+03 
6.829100e-02 7.548208e+03 
6.958600e-02 7.328152e+03 
7.071100e-02 7.151116e+03 
7.192300e-02 6.974537e+03 
7.307400e-02 6.820080e+03 
7.412300e-02 6.690017e+03 
7.550400e-02 6.534586e+03 
7.663100e-02 6.418331e+03 
7.791200e-02 6.299104e+03 
7.912700e-02 6.196220e+03 
8.027600e-02 6.105681e+03 
8.138400e-02 6.023213e+03 
8.272200e-02 5.928614e+03 
8.406100e-02 5.837434e+03 
8.534100e-02 5.751245e+03 
8.653800e-02 5.669607e+03 
8.759800e-02 5.596388e+03 
8.900300e-02 5.496848e+03 
9.009000e-02 5.416834e+03 
9.113300e-02 5.336736e+03 
9.239600e-02 5.237825e+03 
9.358000e-02 5.142065e+03 
9.496100e-02 5.026194e+03 
9.608400e-02 4.931051e+03 
9.727500e-02 4.830143e+03 
9.852600e-02 4.721896e+03 
9.973800e-02 4.618768e+03 
1.009000e-01 4.521622e+03 
1.020900e-01 4.423633e+03 
1.034000e-01 4.319267e+03 
1.046000e-01 4.226845e+03 
1.057200e-01 4.144351e+03 
1.069100e-01 4.059858e+03 
1.082500e-01 3.969890e+03 
1.093900e-01 3.897505e+03 
1.105400e-01 3.827540e+03 
1.116900e-01 3.762488e+03 
1.129600e-01 3.693723e+03 
1.142000e-01 3.631437e+03 
1.153300e-01 3.577465e+03 
1.166400e-01 3.518573e+03 
1.177800e-01 3.470504e+03 
1.190000e-01 3.421188e+03 
1.201200e-01 3.378738e+03 
1.213400e-01 3.333903e+03 
1.227100e-01 3.286584e+03 
1.238900e-01 3.247029e+03 
1.250700e-01 3.208869e+03 
1.263200e-01 3.169347e+03 
1.275500e-01 3.131269e+03 
1.287500e-01 3.094648e+03 
1.299900e-01 3.057155e+03 
1.311300e-01 3.022827e+03 
1.323500e-01 2.985951e+03 
1.335900e-01 2.948475e+03 
1.347100e-01 2.914243e+03 
1.359800e-01 2.875481e+03 
1.372100e-01 2.837207e+03 
1.384300e-01 2.799454e+03 
1.395700e-01 2.763423e+03 
1.407700e-01 2.726122e+03 
1.420300e-01 2.686082e+03 
1.432800e-01 2.647249e+03 
1.444500e-01 2.610465e+03 
1.456300e-01 2.574140e+03 
1.468900e-01 2.535922e+03 
1.480500e-01 2.501404e+03 
1.491700e-01 2.468860e+03 
1.503800e-01 2.434562e+03 
1.516400e-01 2.399765e+03 
1.528200e-01 2.368567e+03 
1.540200e-01 2.337471e+03 
1.551900e-01 2.308718e+03 
1.564300e-01 2.279078e+03 
1.576600e-01 2.250830e+03 
1.588700e-01 2.224262e+03 
1.600900e-01 2.198041e+03 
1.612700e-01 2.174182e+03 
1.625400e-01 2.148986e+03 
1.637600e-01 2.125688e+03 
1.649500e-01 2.103637e+03 
1.662200e-01 2.080586e+03 
1.674000e-01 2.059842e+03 
1.685000e-01 2.040827e+03 
1.697500e-01 2.019568e+03 
1.710300e-01 1.998178e+03 
1.722200e-01 1.978644e+03 
1.734400e-01 1.958636e+03 
1.746400e-01 1.939281e+03 
1.758700e-01 1.919636e+03 
1.770900e-01 1.900187e+03 
1.782700e-01 1.881691e+03 
1.794600e-01 1.863081e+03 
1.807000e-01 1.843835e+03 
1.819100e-01 1.825371e+03 
1.830100e-01 1.808556e+03 
1.842200e-01 1.790301e+03 
1.855000e-01 1.771305e+03 
1.867000e-01 1.753582e+03 
1.879200e-01 1.735856e+03 
1.890900e-01 1.719116e+03 
1.902800e-01 1.702304e+03 
1.915200e-01 1.685066e+03 
1.926900e-01 1.669079e+03 
1.939000e-01 1.652869e+03 
1.951700e-01 1.636128e+03 
1.963100e-01 1.621371e+03 
1.975100e-01 1.606172e+03 
1.987800e-01 1.590337e+03 
2.000100e-01 1.575308e+03 
2.012500e-01 1.560544e+03 
2.023400e-01 1.547753e+03 
2.036100e-01 1.533106e+03 
2.048900e-01 1.518727e+03 
2.060400e-01 1.505999e+03 
2.072200e-01 1.493134e+03 
2.084200e-01 1.480382e+03 
2.096900e-01 1.467084e+03 
2.109200e-01 1.454396e+03 
2.121100e-01 1.442348e+03 
2.132700e-01 1.430767e+03 
2.145200e-01 1.418463e+03 
2.157200e-01 1.406812e+03 
2.168800e-01 1.395699e+03 
2.180700e-01 1.384452e+03 
2.193400e-01 1.372572e+03 
2.206000e-01 1.360872e+03 
2.217500e-01 1.350339e+03 
2.229500e-01 1.339492e+03 
2.241400e-01 1.328702e+03 
2.253500e-01 1.317872e+03 
2.264900e-01 1.307802e+03 
2.277100e-01 1.297042e+03 
2.289900e-01 1.285773e+03 
2.301500e-01 1.275697e+03 
2.313600e-01 1.265320e+03 
2.325600e-01 1.254901e+03 
2.337700e-01 1.244532e+03 
2.350000e-01 1.234130e+03 
2.362000e-01 1.224009e+03 
2.374100e-01 1.213809e+03 
2.386500e-01 1.203494e+03 
2.399100e-01 1.193151e+03 
2.410400e-01 1.183845e+03 
2.422500e-01 1.173984e+03 
2.435000e-01 1.163929e+03 
2.447300e-01 1.154150e+03 
2.458700e-01 1.145146e+03 
2.470600e-01 1.135861e+03 
2.483300e-01 1.126078e+03 
2.495600e-01 1.116734e+03 
2.507600e-01 1.107745e+03 
2.519600e-01 1.098867e+03 
2.532200e-01 1.089660e+03 
2.543700e-01 1.081434e+03 
2.555500e-01 1.073142e+03 
2.568000e-01 1.064464e+03 
2.580100e-01 1.056167e+03 
2.592400e-01 1.047965e+03 
2.604100e-01 1.040311e+03 
2.616100e-01 1.032552e+03 
2.628400e-01 1.024693e+03 
2.640600e-01 1.017139e+03 
2.652200e-01 1.010097e+03 
2.664300e-01 1.002834e+03 
2.676500e-01 9.955952e+02 
2.688400e-01 9.887386e+02 
2.700700e-01 9.818090e+02 
2.712400e-01 9.752906e+02 
2.724800e-01 9.684590e+02 
2.736700e-01 9.620594e+02 
2.748800e-01 9.557089e+02 
2.761000e-01 9.493763e+02 
2.773200e-01 9.431133e+02 
2.785400e-01 9.369589e+02 
2.797000e-01 9.312528e+02 
2.808900e-01 9.254602e+02 
2.821400e-01 9.194409e+02 
2.833900e-01 9.134910e+02 
2.845500e-01 9.081020e+02 
2.857800e-01 9.024471e+02 
2.870300e-01 8.967619e+02 
2.882100e-01 8.914511e+02 
2.893900e-01 8.862277e+02 
2.906300e-01 8.808134e+02 
2.918900e-01 8.753701e+02 
2.930500e-01 8.704100e+02 
2.942500e-01 8.653356e+02 
2.954200e-01 8.604552e+02 
2.966500e-01 8.553759e+02 
2.978900e-01 8.503079e+02 
2.990400e-01 8.456542e+02 
3.002700e-01 8.407325e+02 
3.015100e-01 8.358243e+02 
3.026800e-01 8.312388e+02 
3.038500e-01 8.266970e+02 
3.050300e-01 8.221601e+02 
3.062600e-01 8.174797e+02 
3.075000e-01 8.128081e+02 
3.087000e-01 8.083314e+02 
3.099100e-01 8.038608e+02 
3.111200e-01 7.994344e+02 
3.123100e-01 7.951244e+02 
3.135300e-01 7.907478e+02 
3.147300e-01 7.864839e+02 
3.159900e-01 7.820499e+02 
3.171800e-01 7.779035e+02 
3.183700e-01 7.737963e+02 
3.196300e-01 7.694888e+02 
3.208400e-01 7.653915e+02 
3.220300e-01 7.613990e+02 
3.232000e-01 7.575110e+02 
3.244300e-01 7.534616e+02 
3.256700e-01 7.494177e+02 
3.269200e-01 7.453794e+02 
3.280800e-01 7.416660e+02 
3.292500e-01 7.379600e+02 
3.304800e-01 7.341010e+02 
3.317100e-01 7.302774e+02 
3.328900e-01 7.266420e+02 
3.340700e-01 7.230383e+02 
3.353600e-01 7.191421e+02 
3.365300e-01 7.156431e+02 
3.377100e-01 7.121445e+02 
3.389200e-01 7.085882e+02 
3.401600e-01 7.049761e+02 
3.413700e-01 7.014929e+02 
3.425300e-01 6.981891e+02 
3.437700e-01 6.946880e+02 
3.449800e-01 6.913015e+02 
3.461800e-01 6.879718e+02 
3.473600e-01 6.847299e+02 
3.485800e-01 6.814181e+02 
3.498100e-01 6.781079e+02 
3.510200e-01 6.748795e+02 
3.522000e-01 6.717574e+02 
3.533900e-01 6.686349e+02 
3.546400e-01 6.654001e+02 
3.558400e-01 6.623220e+02 
3.570600e-01 6.592188e+02 
3.582700e-01 6.561667e+02 
3.595000e-01 6.530900e+02 
3.607100e-01 6.500989e+02 
3.618900e-01 6.472137e+02 
3.631200e-01 6.442308e+02 
3.643200e-01 6.413446e+02 
3.655500e-01 6.384104e+02 
3.667300e-01 6.356182e+02 
3.679500e-01 6.327753e+02 
3.691900e-01 6.299095e+02 
3.703600e-01 6.272270e+02 
3.715700e-01 6.244747e+02 
3.727700e-01 6.217669e+02 
3.739900e-01 6.190431e+02 
3.752000e-01 6.163763e+02 
3.763900e-01 6.137741e+02 
3.775800e-01 6.111921e+02 
3.788200e-01 6.085228e+02 
3.800300e-01 6.059387e+02 
3.812100e-01 6.034472e+02 
3.824200e-01 6.009183e+02 
3.836100e-01 5.984503e+02 
3.848600e-01 5.958780e+02 
3.860400e-01 5.934686e+02 
3.872400e-01 5.910367e+02 
3.884600e-01 5.885953e+02 
3.896500e-01 5.862364e+02 
3.908700e-01 5.838363e+02 
3.920600e-01 5.815130e+02 
3.933100e-01 5.790910e+02 
3.945300e-01 5.767453e+02 
3.957200e-01 5.744880e+02 
3.969300e-01 5.722136e+02 
3.981700e-01 5.699003e+02 
3.993500e-01 5.677154e+02 
4.094840e-01 5.496025e+02 
4.272360e-01 5.206702e+02 
4.454600e-01 4.939774e+02 
4.630560e-01 4.706320e+02 
4.804610e-01 4.495418e+02 
4.980690e-01 4.299636e+02 
5.159230e-01 4.117009e+02 
5.317440e-01 3.967192e+02 
5.489640e-01 3.815743e+02 
5.671990e-01 3.667548e+02 
5.838690e-01 3.541959e+02 
6.018840e-01 3.415870e+02 
6.202330e-01 3.296909e+02 
6.379250e-01 3.190347e+02 
6.545410e-01 3.097132e+02 
6.714560e-01 3.008083e+02 
6.892080e-01 2.920748e+02 
7.066010e-01 2.840541e+02 
7.240540e-01 2.764927e+02 
7.420450e-01 2.691626e+02 
7.593780e-01 2.625004e+02 
7.764720e-01 2.562775e+02 
7.942840e-01 2.501357e+02 
8.116170e-01 2.444583e+02 
8.288310e-01 2.390861e+02 
8.462240e-01 2.339037e+02 
8.631980e-01 2.290591e+02 
8.810700e-01 2.241765e+02 
8.989410e-01 2.194963e+02 
9.166330e-01 2.150449e+02 
9.345640e-01 2.107088e+02 
9.515980e-01 2.067302e+02 
9.688720e-01 2.028307e+02 
9.865640e-01 1.989649e+02 
1.031870e+00 1.896287e+02 
1.063490e+00 1.835249e+02 
1.097920e+00 1.772311e+02 
1.134370e+00 1.709203e+02 
1.167730e+00 1.654386e+02 
1.203830e+00 1.597763e+02 
1.240470e+00 1.543234e+02 
1.275790e+00 1.492963e+02 
1.309140e+00 1.447796e+02 
1.342970e+00 1.403623e+02 
1.378420e+00 1.359459e+02 
1.413200e+00 1.317878e+02 
1.448110e+00 1.277863e+02 
1.484090e+00 1.238385e+02 
1.518820e+00 1.201819e+02 
1.552880e+00 1.167300e+02 
1.588630e+00 1.132523e+02 
1.623230e+00 1.100199e+02 
1.657720e+00 1.069206e+02 
1.692450e+00 1.039230e+02 
1.726400e+00 1.010927e+02 
1.762200e+00 9.821735e+01 
1.797880e+00 9.546517e+01 
1.833270e+00 9.283485e+01 
1.869070e+00 9.027184e+01 
1.903200e+00 8.791972e+01 
1.937740e+00 8.562247e+01 
1.973190e+00 8.334556e+01 
2.007440e+00 8.122499e+01 
2.042160e+00 7.914986e+01 
2.077900e+00 7.708471e+01 
2.112390e+00 7.516428e+01 
2.146220e+00 7.333738e+01 
2.181600e+00 7.149179e+01 
2.216930e+00 6.971168e+01 
2.250760e+00 6.806280e+01 
2.286500e+00 6.637737e+01 
2.321770e+00 6.476922e+01 
2.355950e+00 6.326133e+01 
2.391280e+00 6.174921e+01 
2.426240e+00 6.030160e+01 
2.460670e+00 5.892165e+01 
2.495640e+00 5.756431e+01 
2.531080e+00 5.622758e+01 
2.566220e+00 5.494387e+01 
2.600830e+00 5.371913e+01 
2.635080e+00 5.254440e+01 
2.670340e+00 5.136975e+01 
2.705970e+00 5.021862e+01 
2.740040e+00 4.915033e+01 
2.774520e+00 4.809802e+01 
2.809730e+00 4.705549e+01 
2.844390e+00 4.606010e+01 
2.879960e+00 4.506796e+01 
2.914860e+00 4.412145e+01 
2.949410e+00 4.321136e+01 
2.984440e+00 4.231421e+01 
3.019760e+00 4.143459e+01 
3.054730e+00 4.058835e+01 
3.089030e+00 3.978038e+01 
3.124060e+00 3.897785e+01 
3.159560e+00 3.818635e+01 
3.194710e+00 3.742423e+01 
3.229010e+00 3.670113e+01 
3.263320e+00 3.599611e+01 
3.297930e+00 3.530365e+01 
3.332830e+00 3.462279e+01 
3.368040e+00 3.395423e+01 
3.403300e+00 3.330267e+01 
3.438450e+00 3.266997e+01 
3.473060e+00 3.206345e+01 
3.508440e+00 3.145836e+01 
3.543110e+00 3.088097e+01 
3.577470e+00 3.032302e+01 
3.613040e+00 2.975996e+01 
3.648120e+00 2.921787e+01 
3.682910e+00 2.869387e+01 
3.718050e+00 2.817779e+01 
3.753320e+00 2.767276e+01 
3.787980e+00 2.718863e+01 
3.822290e+00 2.672091e+01 
3.857020e+00 2.625867e+01 
3.891920e+00 2.580523e+01 
3.926650e+00 2.536452e+01 
3.961970e+00 2.492713e+01 
3.997360e+00 2.449956e+01 
4.031670e+00 2.409472e+01 
4.066330e+00 2.369504e+01 
4.101420e+00 2.329974e+01 
4.136200e+00 2.291696e+01 
4.170810e+00 2.254467e+01 
4.206250e+00 2.217205e+01 
4.241580e+00 2.180903e+01 
4.276300e+00 2.146052e+01 
4.310970e+00 2.112032e+01 
4.346120e+00 2.078314e+01 
4.380600e+00 2.045983e+01 
4.414730e+00 2.014661e+01 
4.450350e+00 1.982717e+01 
4.485320e+00 1.952031e+01 
4.519810e+00 1.922432e+01 
4.555430e+00 1.892521e+01 
4.590870e+00 1.863410e+01 
4.625480e+00 1.835609e+01 
4.659910e+00 1.808514e+01 
4.695230e+00 1.781335e+01 
4.729960e+00 1.755162e+01 
4.764450e+00 1.729708e+01 
4.799530e+00 1.704367e+01 
4.834910e+00 1.679322e+01 
4.869700e+00 1.655237e+01 
4.904370e+00 1.631712e+01 
4.939450e+00 1.608390e+01 
4.973940e+00 1.585952e+01 
5.008430e+00 1.563940e+01 
5.043810e+00 1.541823e+01 
5.078840e+00 1.520362e+01 
5.113500e+00 1.499527e+01 
5.148890e+00 1.478724e+01 
5.184210e+00 1.458356e+01 
5.219060e+00 1.438648e+01 
5.253660e+00 1.419485e+01 
5.288570e+00 1.400501e+01 
5.323420e+00 1.381922e+01 
5.358440e+00 1.363622e+01 
5.393590e+00 1.345585e+01 
5.428310e+00 1.328132e+01 
5.462800e+00 1.311122e+01 
5.497640e+00 1.294240e+01 
5.532670e+00 1.277609e+01 
5.567280e+00 1.261476e+01 
5.602000e+00 1.245570e+01 
5.637270e+00 1.229740e+01 
5.672410e+00 1.214252e+01 
5.707020e+00 1.199255e+01 
5.742040e+00 1.184388e+01 
5.777430e+00 1.169628e+01 
5.812210e+00 1.155365e+01 
5.846820e+00 1.141447e+01 
5.881610e+00 1.127696e+01 
5.916510e+00 1.114127e+01 
5.951600e+00 1.100748e+01 
5.986560e+00 1.087653e+01 
6.021830e+00 1.074656e+01 
6.056490e+00 1.062120e+01 
6.091160e+00 1.049806e+01 
6.125830e+00 1.037685e+01 
6.161090e+00 1.025569e+01 
6.195760e+00 1.013877e+01 
6.230420e+00 1.002369e+01 
6.265690e+00 9.908420e+00 
6.300950e+00 9.795474e+00 
6.335620e+00 9.686117e+00 
6.370880e+00 9.576592e+00 
6.405550e+00 9.470880e+00 
6.440220e+00 9.366889e+00 
6.475480e+00 9.262712e+00 
6.510150e+00 9.161941e+00 
6.544810e+00 9.062989e+00 
6.580080e+00 8.963779e+00 
6.614750e+00 8.867689e+00 
6.649410e+00 8.773442e+00 
6.684080e+00 8.680608e+00 
6.719340e+00 8.587558e+00 
6.754010e+00 8.497500e+00 
6.788680e+00 8.409003e+00 
6.823940e+00 8.320280e+00 
6.859800e+00 8.231344e+00 
6.894470e+00 8.146876e+00 
6.929140e+00 8.063686e+00 
6.963800e+00 7.981669e+00 
6.999070e+00 7.899389e+00 
7.033730e+00 7.819973e+00 
7.068400e+00 7.741616e+00 
7.103660e+00 7.663014e+00 
7.138330e+00 7.586906e+00 
7.173600e+00 7.510796e+00 
7.208260e+00 7.437008e+00 
7.243530e+00 7.362929e+00 
7.277600e+00 7.292501e+00 
7.312860e+00 7.220742e+00 
7.348120e+00 7.149939e+00 
7.382790e+00 7.081236e+00 
7.417460e+00 7.013639e+00 
7.452720e+00 6.945899e+00 
7.487390e+00 6.880155e+00 
7.522650e+00 6.814156e+00 
7.557320e+00 6.750297e+00 
7.591990e+00 6.687323e+00 
7.627250e+00 6.624092e+00 
7.662510e+00 6.561669e+00 
7.697180e+00 6.501286e+00 
7.731850e+00 6.441738e+00 
7.766510e+00 6.382945e+00 
7.801180e+00 6.324861e+00 
7.836440e+00 6.266700e+00 
7.871110e+00 6.210328e+00 
7.906380e+00 6.153684e+00 
7.941040e+00 6.098701e+00 
7.976310e+00 6.043532e+00 
8.011570e+00 5.989172e+00 
8.046240e+00 5.936367e+00 
8.080900e+00 5.884206e+00 
8.115570e+00 5.832700e+00 
8.150830e+00 5.781134e+00 
8.185500e+00 5.731032e+00 
8.220770e+00 5.680666e+00 
8.255430e+00 5.631754e+00 
8.290100e+00 5.583599e+00 
8.324770e+00 5.536025e+00 
8.359430e+00 5.489012e+00 
8.394700e+00 5.441727e+00 
8.429960e+00 5.395114e+00 
8.464630e+00 5.349919e+00 
8.499890e+00 5.304480e+00 
8.534560e+00 5.260311e+00 
8.569200e+00 5.216675e+00 
