# Parameters:
# omega_b = 0.023154, omega_m = 0.148661, n_s = 1.010630, h = 71.299213, w = -1.000000, sigma_8 = 0.805512
# z = 1.100000
#
# k[1/Mpc] # P(k):
8.694000e-04 3.537166e+03 
2.077466e-03 7.906289e+03 
3.285532e-03 1.148831e+04 
4.493598e-03 1.437505e+04 
5.701664e-03 1.661880e+04 
6.909730e-03 1.830205e+04 
8.117797e-03 1.953504e+04 
9.325863e-03 2.037225e+04 
1.053393e-02 2.087007e+04 
1.174199e-02 2.108164e+04 
1.295006e-02 2.104238e+04 
1.415813e-02 2.080307e+04 
1.536619e-02 2.040652e+04 
1.657426e-02 1.987927e+04 
1.778233e-02 1.922561e+04 
1.899039e-02 1.847776e+04 
2.019846e-02 1.770513e+04 
2.140652e-02 1.695492e+04 
2.261459e-02 1.622509e+04 
2.382266e-02 1.552135e+04 
2.503072e-02 1.485378e+04 
2.623879e-02 1.422771e+04 
2.744685e-02 1.364589e+04 
2.865492e-02 1.311199e+04 
2.986299e-02 1.262567e+04 
3.100100e-02 1.221081e+04 
3.220400e-02 1.181596e+04 
3.288100e-02 1.161335e+04 
3.424300e-02 1.124422e+04 
3.555100e-02 1.093190e+04 
3.686000e-02 1.065644e+04 
3.795000e-02 1.045026e+04 
3.929100e-02 1.022215e+04 
4.039800e-02 1.004902e+04 
4.164000e-02 9.865998e+03 
4.294400e-02 9.679982e+03 
4.415000e-02 9.511099e+03 
4.542900e-02 9.326896e+03 
4.660900e-02 9.153926e+03 
4.782300e-02 8.962444e+03 
4.892900e-02 8.781490e+03 
5.031200e-02 8.542266e+03 
5.155900e-02 8.313095e+03 
5.238100e-02 8.156550e+03 
5.378200e-02 7.881810e+03 
5.513400e-02 7.607728e+03 
5.627600e-02 7.372176e+03 
5.735300e-02 7.149540e+03 
5.870100e-02 6.872945e+03 
5.988700e-02 6.634942e+03 
6.113500e-02 6.392020e+03 
6.225900e-02 6.182187e+03 
6.340100e-02 5.979922e+03 
6.480200e-02 5.748080e+03 
6.601100e-02 5.564649e+03 
6.725500e-02 5.392259e+03 
6.829100e-02 5.262604e+03 
6.958600e-02 5.114817e+03 
7.071100e-02 5.000390e+03 
7.192300e-02 4.889771e+03 
7.307400e-02 4.795763e+03 
7.412300e-02 4.718402e+03 
7.550400e-02 4.628084e+03 
7.663100e-02 4.561411e+03 
7.791200e-02 4.493546e+03 
7.912700e-02 4.434493e+03 
8.027600e-02 4.381626e+03 
8.138400e-02 4.332395e+03 
8.272200e-02 4.274059e+03 
8.406100e-02 4.215583e+03 
8.534100e-02 4.157685e+03 
8.653800e-02 4.100802e+03 
8.759800e-02 4.048672e+03 
8.900300e-02 3.976251e+03 
9.009000e-02 3.916979e+03 
9.113300e-02 3.856956e+03 
9.239600e-02 3.782334e+03 
9.358000e-02 3.709596e+03 
9.496100e-02 3.621047e+03 
9.608400e-02 3.548111e+03 
9.727500e-02 3.470610e+03 
9.852600e-02 3.387148e+03 
9.973800e-02 3.307631e+03 
1.009000e-01 3.232739e+03 
1.020900e-01 3.157410e+03 
1.034000e-01 3.077495e+03 
1.046000e-01 3.007060e+03 
1.057200e-01 2.945065e+03 
1.069100e-01 2.881995e+03 
1.082500e-01 2.816161e+03 
1.093900e-01 2.764214e+03 
1.105400e-01 2.714604e+03 
1.116900e-01 2.670062e+03 
1.129600e-01 2.623541e+03 
1.142000e-01 2.582897e+03 
1.153300e-01 2.548218e+03 
1.166400e-01 2.511242e+03 
1.177800e-01 2.481642e+03 
1.190000e-01 2.451557e+03 
1.201200e-01 2.425827e+03 
1.213400e-01 2.398683e+03 
1.227100e-01 2.369565e+03 
1.238900e-01 2.345012e+03 
1.250700e-01 2.320576e+03 
1.263200e-01 2.294857e+03 
1.275500e-01 2.269159e+03 
1.287500e-01 2.243890e+03 
1.299900e-01 2.217146e+03 
1.311300e-01 2.192144e+03 
1.323500e-01 2.164523e+03 
1.335900e-01 2.136033e+03 
1.347100e-01 2.109468e+03 
1.359800e-01 2.079169e+03 
1.372100e-01 2.048821e+03 
1.384300e-01 2.018827e+03 
1.395700e-01 1.990043e+03 
1.407700e-01 1.960273e+03 
1.420300e-01 1.928412e+03 
1.432800e-01 1.897538e+03 
1.444500e-01 1.868694e+03 
1.456300e-01 1.840230e+03 
1.468900e-01 1.810782e+03 
1.480500e-01 1.784342e+03 
1.491700e-01 1.759750e+03 
1.503800e-01 1.734259e+03 
1.516400e-01 1.708561e+03 
1.528200e-01 1.686211e+03 
1.540200e-01 1.663934e+03 
1.551900e-01 1.643974e+03 
1.564300e-01 1.623555e+03 
1.576600e-01 1.604379e+03 
1.588700e-01 1.586692e+03 
1.600900e-01 1.569251e+03 
1.612700e-01 1.553741e+03 
1.625400e-01 1.537357e+03 
1.637600e-01 1.522220e+03 
1.649500e-01 1.507901e+03 
1.662200e-01 1.492887e+03 
1.674000e-01 1.479130e+03 
1.685000e-01 1.466518e+03 
1.697500e-01 1.452149e+03 
1.710300e-01 1.437421e+03 
1.722200e-01 1.423970e+03 
1.734400e-01 1.409586e+03 
1.746400e-01 1.395646e+03 
1.758700e-01 1.381318e+03 
1.770900e-01 1.366770e+03 
1.782700e-01 1.352936e+03 
1.794600e-01 1.338790e+03 
1.807000e-01 1.324013e+03 
1.819100e-01 1.309841e+03 
1.830100e-01 1.296800e+03 
1.842200e-01 1.282623e+03 
1.855000e-01 1.267878e+03 
1.867000e-01 1.254139e+03 
1.879200e-01 1.240402e+03 
1.890900e-01 1.227459e+03 
1.902800e-01 1.214594e+03 
1.915200e-01 1.201406e+03 
1.926900e-01 1.189230e+03 
1.939000e-01 1.177056e+03 
1.951700e-01 1.164485e+03 
1.963100e-01 1.153468e+03 
1.975100e-01 1.142283e+03 
1.987800e-01 1.130633e+03 
2.000100e-01 1.119632e+03 
2.012500e-01 1.108954e+03 
2.023400e-01 1.099703e+03 
2.036100e-01 1.089134e+03 
2.048900e-01 1.078854e+03 
2.060400e-01 1.069754e+03 
2.072200e-01 1.060559e+03 
2.084200e-01 1.051491e+03 
2.096900e-01 1.042033e+03 
2.109200e-01 1.033010e+03 
2.121100e-01 1.024447e+03 
2.132700e-01 1.016218e+03 
2.145200e-01 1.007474e+03 
2.157200e-01 9.991935e+02 
2.168800e-01 9.912959e+02 
2.180700e-01 9.833027e+02 
2.193400e-01 9.748715e+02 
2.206000e-01 9.665893e+02 
2.217500e-01 9.591326e+02 
2.229500e-01 9.514539e+02 
2.241400e-01 9.438902e+02 
2.253500e-01 9.363002e+02 
2.264900e-01 9.292420e+02 
2.277100e-01 9.217688e+02 
2.289900e-01 9.140156e+02 
2.301500e-01 9.070824e+02 
2.313600e-01 8.999429e+02 
2.325600e-01 8.929474e+02 
2.337700e-01 8.859846e+02 
2.350000e-01 8.789985e+02 
2.362000e-01 8.722825e+02 
2.374100e-01 8.656108e+02 
2.386500e-01 8.588612e+02 
2.399100e-01 8.520921e+02 
2.410400e-01 8.461261e+02 
2.422500e-01 8.398185e+02 
2.435000e-01 8.333845e+02 
2.447300e-01 8.271432e+02 
2.458700e-01 8.214671e+02 
2.470600e-01 8.156117e+02 
2.483300e-01 8.094397e+02 
2.495600e-01 8.035505e+02 
2.507600e-01 7.978930e+02 
2.519600e-01 7.923026e+02 
2.532200e-01 7.865035e+02 
2.543700e-01 7.812895e+02 
2.555500e-01 7.760111e+02 
2.568000e-01 7.704854e+02 
2.580100e-01 7.651999e+02 
2.592400e-01 7.598977e+02 
2.604100e-01 7.549154e+02 
2.616100e-01 7.498628e+02 
2.628400e-01 7.447434e+02 
2.640600e-01 7.397219e+02 
2.652200e-01 7.349996e+02 
2.664300e-01 7.301283e+02 
2.676500e-01 7.252721e+02 
2.688400e-01 7.205836e+02 
2.700700e-01 7.157886e+02 
2.712400e-01 7.112777e+02 
2.724800e-01 7.065495e+02 
2.736700e-01 7.020572e+02 
2.748800e-01 6.975340e+02 
2.761000e-01 6.930233e+02 
2.773200e-01 6.885620e+02 
2.785400e-01 6.841462e+02 
2.797000e-01 6.799856e+02 
2.808900e-01 6.757619e+02 
2.821400e-01 6.713729e+02 
2.833900e-01 6.670316e+02 
2.845500e-01 6.630346e+02 
2.857800e-01 6.588404e+02 
2.870300e-01 6.546239e+02 
2.882100e-01 6.506852e+02 
2.893900e-01 6.467825e+02 
2.906300e-01 6.427216e+02 
2.918900e-01 6.386392e+02 
2.930500e-01 6.349195e+02 
2.942500e-01 6.311083e+02 
2.954200e-01 6.274245e+02 
2.966500e-01 6.235908e+02 
2.978900e-01 6.197658e+02 
2.990400e-01 6.162537e+02 
3.002700e-01 6.125309e+02 
3.015100e-01 6.088144e+02 
3.026800e-01 6.053425e+02 
3.038500e-01 6.019039e+02 
3.050300e-01 5.984691e+02 
3.062600e-01 5.949217e+02 
3.075000e-01 5.913812e+02 
3.087000e-01 5.879887e+02 
3.099100e-01 5.846010e+02 
3.111200e-01 5.812472e+02 
3.123100e-01 5.779823e+02 
3.135300e-01 5.746671e+02 
3.147300e-01 5.714374e+02 
3.159900e-01 5.680792e+02 
3.171800e-01 5.649402e+02 
3.183700e-01 5.618317e+02 
3.196300e-01 5.585719e+02 
3.208400e-01 5.554714e+02 
3.220300e-01 5.524504e+02 
3.232000e-01 5.495118e+02 
3.244300e-01 5.464527e+02 
3.256700e-01 5.433978e+02 
3.269200e-01 5.403475e+02 
3.280800e-01 5.375426e+02 
3.292500e-01 5.347462e+02 
3.304800e-01 5.318354e+02 
3.317100e-01 5.289514e+02 
3.328900e-01 5.262096e+02 
3.340700e-01 5.234918e+02 
3.353600e-01 5.205563e+02 
3.365300e-01 5.179212e+02 
3.377100e-01 5.152866e+02 
3.389200e-01 5.126086e+02 
3.401600e-01 5.098888e+02 
3.413700e-01 5.072683e+02 
3.425300e-01 5.047844e+02 
3.437700e-01 5.021521e+02 
3.449800e-01 4.996062e+02 
3.461800e-01 4.971032e+02 
3.473600e-01 4.946669e+02 
3.485800e-01 4.921795e+02 
3.498100e-01 4.896936e+02 
3.510200e-01 4.872691e+02 
3.522000e-01 4.849246e+02 
3.533900e-01 4.825799e+02 
3.546400e-01 4.801527e+02 
3.558400e-01 4.778432e+02 
3.570600e-01 4.755150e+02 
3.582700e-01 4.732252e+02 
3.595000e-01 4.709171e+02 
3.607100e-01 4.686735e+02 
3.618900e-01 4.665097e+02 
3.631200e-01 4.642727e+02 
3.643200e-01 4.621082e+02 
3.655500e-01 4.599079e+02 
3.667300e-01 4.578142e+02 
3.679500e-01 4.556824e+02 
3.691900e-01 4.535335e+02 
3.703600e-01 4.515223e+02 
3.715700e-01 4.494587e+02 
3.727700e-01 4.474285e+02 
3.739900e-01 4.453862e+02 
3.752000e-01 4.433864e+02 
3.763900e-01 4.414351e+02 
3.775800e-01 4.394990e+02 
3.788200e-01 4.374975e+02 
3.800300e-01 4.355600e+02 
3.812100e-01 4.336913e+02 
3.824200e-01 4.317941e+02 
3.836100e-01 4.299426e+02 
3.848600e-01 4.280130e+02 
3.860400e-01 4.262055e+02 
3.872400e-01 4.243814e+02 
3.884600e-01 4.225495e+02 
3.896500e-01 4.207795e+02 
3.908700e-01 4.189786e+02 
3.920600e-01 4.172352e+02 
3.933100e-01 4.154180e+02 
3.945300e-01 4.136581e+02 
3.957200e-01 4.119628e+02 
3.969300e-01 4.102542e+02 
3.981700e-01 4.085165e+02 
3.993500e-01 4.068753e+02 
4.094840e-01 3.932709e+02 
4.272360e-01 3.715143e+02 
4.454600e-01 3.514428e+02 
4.630560e-01 3.339054e+02 
4.804610e-01 3.180883e+02 
4.980690e-01 3.034330e+02 
5.159230e-01 2.897903e+02 
5.317440e-01 2.786168e+02 
5.489640e-01 2.673432e+02 
5.671990e-01 2.563234e+02 
5.838690e-01 2.469926e+02 
6.018840e-01 2.376364e+02 
6.202330e-01 2.288190e+02 
6.379250e-01 2.209210e+02 
6.545410e-01 2.140214e+02 
6.714560e-01 2.074392e+02 
6.892080e-01 2.009854e+02 
7.066010e-01 1.950736e+02 
7.240540e-01 1.895049e+02 
7.420450e-01 1.841247e+02 
7.593780e-01 1.792492e+02 
7.764720e-01 1.747073e+02 
7.942840e-01 1.702375e+02 
8.116170e-01 1.661245e+02 
8.288310e-01 1.622513e+02 
8.462240e-01 1.585297e+02 
8.631980e-01 1.550697e+02 
8.810700e-01 1.515970e+02 
8.989410e-01 1.482859e+02 
9.166330e-01 1.451527e+02 
9.345640e-01 1.421155e+02 
9.515980e-01 1.393468e+02 
9.688720e-01 1.366475e+02 
9.865640e-01 1.339877e+02 
1.031870e+00 1.276149e+02 
1.063490e+00 1.234958e+02 
1.097920e+00 1.192854e+02 
1.134370e+00 1.150976e+02 
1.167730e+00 1.114902e+02 
1.203830e+00 1.077913e+02 
1.240470e+00 1.042494e+02 
1.275790e+00 1.010059e+02 
1.309140e+00 9.810142e+01 
1.342970e+00 9.527549e+01 
1.378420e+00 9.245909e+01 
1.413200e+00 8.981605e+01 
1.448110e+00 8.727719e+01 
1.484090e+00 8.477865e+01 
1.518820e+00 8.246702e+01 
1.552880e+00 8.028724e+01 
1.588630e+00 7.809148e+01 
1.623230e+00 7.605266e+01 
1.657720e+00 7.409836e+01 
1.692450e+00 7.220613e+01 
1.726400e+00 7.041946e+01 
1.762200e+00 6.860417e+01 
1.797880e+00 6.686363e+01 
1.833270e+00 6.520000e+01 
1.869070e+00 6.357670e+01 
1.903200e+00 6.208393e+01 
1.937740e+00 6.062437e+01 
1.973190e+00 5.917594e+01 
2.007440e+00 5.782409e+01 
2.042160e+00 5.649823e+01 
2.077900e+00 5.517725e+01 
2.112390e+00 5.394562e+01 
2.146220e+00 5.277256e+01 
2.181600e+00 5.158425e+01 
2.216930e+00 5.043553e+01 
2.250760e+00 4.936938e+01 
2.286500e+00 4.827742e+01 
2.321770e+00 4.723319e+01 
2.355950e+00 4.625122e+01 
2.391280e+00 4.526425e+01 
2.426240e+00 4.431679e+01 
2.460670e+00 4.341150e+01 
2.495640e+00 4.251926e+01 
2.531080e+00 4.163832e+01 
2.566220e+00 4.079005e+01 
2.600830e+00 3.997861e+01 
2.635080e+00 3.919829e+01 
2.670340e+00 3.841517e+01 
2.705970e+00 3.764620e+01 
2.740040e+00 3.693123e+01 
2.774520e+00 3.622543e+01 
2.809730e+00 3.552370e+01 
2.844390e+00 3.485193e+01 
2.879960e+00 3.418032e+01 
2.914860e+00 3.353818e+01 
2.949410e+00 3.291945e+01 
2.984440e+00 3.230724e+01 
3.019760e+00 3.170588e+01 
3.054730e+00 3.112636e+01 
3.089030e+00 3.057044e+01 
3.124060e+00 3.001733e+01 
3.159560e+00 2.947073e+01 
3.194710e+00 2.894259e+01 
3.229010e+00 2.844048e+01 
3.263320e+00 2.794891e+01 
3.297930e+00 2.746537e+01 
3.332830e+00 2.698892e+01 
3.368040e+00 2.651970e+01 
3.403300e+00 2.606129e+01 
3.438450e+00 2.561456e+01 
3.473060e+00 2.518564e+01 
3.508440e+00 2.475632e+01 
3.543110e+00 2.434601e+01 
3.577470e+00 2.394789e+01 
3.613040e+00 2.354555e+01 
3.648120e+00 2.315730e+01 
3.682910e+00 2.278120e+01 
3.718050e+00 2.240957e+01 
3.753320e+00 2.204515e+01 
3.787980e+00 2.169487e+01 
3.822290e+00 2.135573e+01 
3.857020e+00 2.101961e+01 
3.891920e+00 2.068925e+01 
3.926650e+00 2.036725e+01 
3.961970e+00 2.004709e+01 
3.997360e+00 1.973316e+01 
4.031670e+00 1.943549e+01 
4.066330e+00 1.914065e+01 
4.101420e+00 1.884878e+01 
4.136200e+00 1.856511e+01 
4.170810e+00 1.828899e+01 
4.206250e+00 1.801180e+01 
4.241580e+00 1.774141e+01 
4.276300e+00 1.748103e+01 
4.310970e+00 1.722631e+01 
4.346120e+00 1.697340e+01 
4.380600e+00 1.673028e+01 
4.414730e+00 1.649455e+01 
4.450350e+00 1.625321e+01 
4.485320e+00 1.602120e+01 
4.519810e+00 1.579675e+01 
4.555430e+00 1.556955e+01 
4.590870e+00 1.534807e+01 
4.625480e+00 1.513600e+01 
4.659910e+00 1.492919e+01 
4.695230e+00 1.472100e+01 
4.729960e+00 1.452028e+01 
4.764450e+00 1.432473e+01 
4.799530e+00 1.412955e+01 
4.834910e+00 1.393652e+01 
4.869700e+00 1.375032e+01 
4.904370e+00 1.356826e+01 
4.939450e+00 1.338752e+01 
4.973940e+00 1.321314e+01 
5.008430e+00 1.304197e+01 
5.043810e+00 1.286957e+01 
5.078840e+00 1.270201e+01 
5.113500e+00 1.253925e+01 
5.148890e+00 1.237615e+01 
5.184210e+00 1.221636e+01 
5.219060e+00 1.206155e+01 
5.253660e+00 1.191062e+01 
5.288570e+00 1.176103e+01 
5.323420e+00 1.161438e+01 
5.358440e+00 1.146964e+01 
5.393590e+00 1.132691e+01 
5.428310e+00 1.118846e+01 
5.462800e+00 1.105332e+01 
5.497640e+00 1.091913e+01 
5.532670e+00 1.078659e+01 
5.567280e+00 1.065787e+01 
5.602000e+00 1.053090e+01 
5.637270e+00 1.040423e+01 
5.672410e+00 1.028017e+01 
5.707020e+00 1.016000e+01 
5.742040e+00 1.004054e+01 
5.777430e+00 9.921825e+00 
5.812210e+00 9.807064e+00 
5.846820e+00 9.694811e+00 
5.881610e+00 9.583805e+00 
5.916510e+00 9.474225e+00 
5.951600e+00 9.365938e+00 
5.986560e+00 9.259824e+00 
6.021830e+00 9.154462e+00 
6.056490e+00 9.052668e+00 
6.091160e+00 8.952523e+00 
6.125830e+00 8.853916e+00 
6.161090e+00 8.755237e+00 
6.195760e+00 8.659826e+00 
6.230420e+00 8.565884e+00 
6.265690e+00 8.471745e+00 
6.300950e+00 8.379253e+00 
6.335620e+00 8.289672e+00 
6.370880e+00 8.199927e+00 
6.405550e+00 8.113146e+00 
6.440220e+00 8.027698e+00 
6.475480e+00 7.942073e+00 
6.510150e+00 7.859163e+00 
6.544810e+00 7.777586e+00 
6.580080e+00 7.695776e+00 
6.614750e+00 7.616515e+00 
6.649410e+00 7.538623e+00 
6.684080e+00 7.461851e+00 
6.719340e+00 7.384881e+00 
6.754010e+00 7.310316e+00 
6.788680e+00 7.236904e+00 
6.823940e+00 7.163285e+00 
6.859800e+00 7.089473e+00 
6.894470e+00 7.019253e+00 
6.929140e+00 6.950046e+00 
6.963800e+00 6.881799e+00 
6.999070e+00 6.813308e+00 
7.033730e+00 6.747065e+00 
7.068400e+00 6.681691e+00 
7.103660e+00 6.616099e+00 
7.138330e+00 6.552537e+00 
7.173600e+00 6.488879e+00 
7.208260e+00 6.427151e+00 
7.243530e+00 6.365166e+00 
7.277600e+00 6.306165e+00 
7.312860e+00 6.245981e+00 
7.348120e+00 6.186587e+00 
7.382790e+00 6.128944e+00 
7.417460e+00 6.072152e+00 
7.452720e+00 6.015194e+00 
7.487390e+00 5.959905e+00 
7.522650e+00 5.904392e+00 
7.557320e+00 5.850607e+00 
7.591990e+00 5.797535e+00 
7.627250e+00 5.744238e+00 
7.662510e+00 5.691614e+00 
7.697180e+00 5.640638e+00 
7.731850e+00 5.590336e+00 
7.766510e+00 5.540665e+00 
7.801180e+00 5.491585e+00 
7.836440e+00 5.442391e+00 
7.871110e+00 5.394678e+00 
7.906380e+00 5.346729e+00 
7.941040e+00 5.300178e+00 
7.976310e+00 5.253430e+00 
8.011570e+00 5.207321e+00 
8.046240e+00 5.162525e+00 
8.080900e+00 5.118269e+00 
8.115570e+00 5.074551e+00 
8.150830e+00 5.030734e+00 
8.185500e+00 4.988155e+00 
8.220770e+00 4.945345e+00 
8.255430e+00 4.903766e+00 
8.290100e+00 4.862767e+00 
8.324770e+00 4.822251e+00 
8.359430e+00 4.782208e+00 
8.394700e+00 4.741927e+00 
8.429960e+00 4.702194e+00 
8.464630e+00 4.663643e+00 
8.499890e+00 4.624880e+00 
8.534560e+00 4.587196e+00 
8.569200e+00 4.549963e+00 
