# Parameters:
# omega_b = 0.022555, omega_m = 0.154724, n_s = 1.026378, h = 75.078740, w = -1.000000, sigma_8 = 0.764567
# z = 1.100000
#
# k[1/Mpc] # P(k):
8.694000e-04 2.446721e+03 
2.077466e-03 5.577008e+03 
3.285532e-03 8.208766e+03 
4.493598e-03 1.036837e+04 
5.701664e-03 1.208805e+04 
6.909730e-03 1.341327e+04 
8.117797e-03 1.441302e+04 
9.325863e-03 1.512216e+04 
1.053393e-02 1.558027e+04 
1.174199e-02 1.582646e+04 
1.295006e-02 1.588567e+04 
1.415813e-02 1.579365e+04 
1.536619e-02 1.558082e+04 
1.657426e-02 1.526511e+04 
1.778233e-02 1.484438e+04 
1.899039e-02 1.433056e+04 
2.019846e-02 1.378003e+04 
2.140652e-02 1.324098e+04 
2.261459e-02 1.271300e+04 
2.382266e-02 1.219897e+04 
2.503072e-02 1.170686e+04 
2.623879e-02 1.124154e+04 
2.744685e-02 1.080559e+04 
2.865492e-02 1.040296e+04 
2.986299e-02 1.003427e+04 
3.100100e-02 9.718329e+03 
3.220400e-02 9.416770e+03 
3.288100e-02 9.261856e+03 
3.424300e-02 8.979683e+03 
3.555100e-02 8.741423e+03 
3.686000e-02 8.532280e+03 
3.795000e-02 8.376650e+03 
3.929100e-02 8.206153e+03 
4.039800e-02 8.077968e+03 
4.164000e-02 7.943469e+03 
4.294400e-02 7.807807e+03 
4.415000e-02 7.684880e+03 
4.542900e-02 7.550421e+03 
4.660900e-02 7.423476e+03 
4.782300e-02 7.281192e+03 
4.892900e-02 7.145383e+03 
5.031200e-02 6.963524e+03 
5.155900e-02 6.786816e+03 
5.238100e-02 6.664891e+03 
5.378200e-02 6.448827e+03 
5.513400e-02 6.230667e+03 
5.627600e-02 6.041353e+03 
5.735300e-02 5.861049e+03 
5.870100e-02 5.635290e+03 
5.988700e-02 5.439643e+03 
6.113500e-02 5.238736e+03 
6.225900e-02 5.064372e+03 
6.340100e-02 4.895819e+03 
6.480200e-02 4.702419e+03 
6.601100e-02 4.549630e+03 
6.725500e-02 4.406519e+03 
6.829100e-02 4.299478e+03 
6.958600e-02 4.178109e+03 
7.071100e-02 4.084820e+03 
7.192300e-02 3.995252e+03 
7.307400e-02 3.919678e+03 
7.412300e-02 3.857892e+03 
7.550400e-02 3.786335e+03 
7.663100e-02 3.733847e+03 
7.791200e-02 3.680851e+03 
7.912700e-02 3.635032e+03 
8.027600e-02 3.594191e+03 
8.138400e-02 3.556277e+03 
8.272200e-02 3.511462e+03 
8.406100e-02 3.466599e+03 
8.534100e-02 3.422200e+03 
8.653800e-02 3.378528e+03 
8.759800e-02 3.338447e+03 
8.900300e-02 3.282629e+03 
9.009000e-02 3.236775e+03 
9.113300e-02 3.190111e+03 
9.239600e-02 3.131852e+03 
9.358000e-02 3.074706e+03 
9.496100e-02 3.004487e+03 
9.608400e-02 2.946213e+03 
9.727500e-02 2.883935e+03 
9.852600e-02 2.815907e+03 
9.973800e-02 2.750644e+03 
1.009000e-01 2.688814e+03 
1.020900e-01 2.625751e+03 
1.034000e-01 2.558492e+03 
1.046000e-01 2.498845e+03 
1.057200e-01 2.445843e+03 
1.069100e-01 2.391789e+03 
1.082500e-01 2.335012e+03 
1.093900e-01 2.290110e+03 
1.105400e-01 2.247169e+03 
1.116900e-01 2.208637e+03 
1.129600e-01 2.168451e+03 
1.142000e-01 2.133564e+03 
1.153300e-01 2.103980e+03 
1.166400e-01 2.072725e+03 
1.177800e-01 2.048108e+03 
1.190000e-01 2.023288e+03 
1.201200e-01 2.002625e+03 
1.213400e-01 1.980934e+03 
1.227100e-01 1.958423e+03 
1.238900e-01 1.939563e+03 
1.250700e-01 1.921154e+03 
1.263200e-01 1.901838e+03 
1.275500e-01 1.882661e+03 
1.287500e-01 1.863743e+03 
1.299900e-01 1.843621e+03 
1.311300e-01 1.824616e+03 
1.323500e-01 1.803336e+03 
1.335900e-01 1.781089e+03 
1.347100e-01 1.759968e+03 
1.359800e-01 1.735605e+03 
1.372100e-01 1.710671e+03 
1.384300e-01 1.685815e+03 
1.395700e-01 1.661470e+03 
1.407700e-01 1.636238e+03 
1.420300e-01 1.608671e+03 
1.432800e-01 1.581967e+03 
1.444500e-01 1.556648e+03 
1.456300e-01 1.531677e+03 
1.468900e-01 1.505750e+03 
1.480500e-01 1.482452e+03 
1.491700e-01 1.460827e+03 
1.503800e-01 1.438465e+03 
1.516400e-01 1.415982e+03 
1.528200e-01 1.396653e+03 
1.540200e-01 1.377394e+03 
1.551900e-01 1.360445e+03 
1.564300e-01 1.343186e+03 
1.576600e-01 1.327165e+03 
1.588700e-01 1.312621e+03 
1.600900e-01 1.298297e+03 
1.612700e-01 1.285904e+03 
1.625400e-01 1.272813e+03 
1.637600e-01 1.260849e+03 
1.649500e-01 1.249609e+03 
1.662200e-01 1.237827e+03 
1.674000e-01 1.227061e+03 
1.685000e-01 1.217190e+03 
1.697500e-01 1.205872e+03 
1.710300e-01 1.194200e+03 
1.722200e-01 1.183540e+03 
1.734400e-01 1.171903e+03 
1.746400e-01 1.160616e+03 
1.758700e-01 1.148927e+03 
1.770900e-01 1.136888e+03 
1.782700e-01 1.125440e+03 
1.794600e-01 1.113603e+03 
1.807000e-01 1.101154e+03 
1.819100e-01 1.089215e+03 
1.830100e-01 1.078112e+03 
1.842200e-01 1.066023e+03 
1.855000e-01 1.053447e+03 
1.867000e-01 1.041657e+03 
1.879200e-01 1.029872e+03 
1.890900e-01 1.018768e+03 
1.902800e-01 1.007722e+03 
1.915200e-01 9.964024e+02 
1.926900e-01 9.859604e+02 
1.939000e-01 9.755462e+02 
1.951700e-01 9.647945e+02 
1.963100e-01 9.553880e+02 
1.975100e-01 9.458826e+02 
1.987800e-01 9.359822e+02 
2.000100e-01 9.266539e+02 
2.012500e-01 9.176455e+02 
2.023400e-01 9.098421e+02 
2.036100e-01 9.009398e+02 
2.048900e-01 8.923282e+02 
2.060400e-01 8.847056e+02 
2.072200e-01 8.770078e+02 
2.084200e-01 8.694543e+02 
2.096900e-01 8.615776e+02 
2.109200e-01 8.540619e+02 
2.121100e-01 8.469582e+02 
2.132700e-01 8.401320e+02 
2.145200e-01 8.328791e+02 
2.157200e-01 8.260254e+02 
2.168800e-01 8.194949e+02 
2.180700e-01 8.128854e+02 
2.193400e-01 8.059226e+02 
2.206000e-01 7.990997e+02 
2.217500e-01 7.929567e+02 
2.229500e-01 7.866308e+02 
2.241400e-01 7.804307e+02 
2.253500e-01 7.742097e+02 
2.264900e-01 7.684243e+02 
2.277100e-01 7.623223e+02 
2.289900e-01 7.560174e+02 
2.301500e-01 7.503791e+02 
2.313600e-01 7.445733e+02 
2.325600e-01 7.389411e+02 
2.337700e-01 7.333348e+02 
2.350000e-01 7.277093e+02 
2.362000e-01 7.223281e+02 
2.374100e-01 7.170139e+02 
2.386500e-01 7.116373e+02 
2.399100e-01 7.062445e+02 
2.410400e-01 7.015321e+02 
2.422500e-01 6.965545e+02 
2.435000e-01 6.914767e+02 
2.447300e-01 6.865559e+02 
2.458700e-01 6.821024e+02 
2.470600e-01 6.775077e+02 
2.483300e-01 6.726641e+02 
2.495600e-01 6.680417e+02 
2.507600e-01 6.636005e+02 
2.519600e-01 6.592115e+02 
2.532200e-01 6.546583e+02 
2.543700e-01 6.505485e+02 
2.555500e-01 6.463772e+02 
2.568000e-01 6.420100e+02 
2.580100e-01 6.378322e+02 
2.592400e-01 6.336083e+02 
2.604100e-01 6.296245e+02 
2.616100e-01 6.255843e+02 
2.628400e-01 6.214903e+02 
2.640600e-01 6.174343e+02 
2.652200e-01 6.136041e+02 
2.664300e-01 6.096528e+02 
2.676500e-01 6.057136e+02 
2.688400e-01 6.018768e+02 
2.700700e-01 5.979320e+02 
2.712400e-01 5.942208e+02 
2.724800e-01 5.903306e+02 
2.736700e-01 5.866121e+02 
2.748800e-01 5.828448e+02 
2.761000e-01 5.790880e+02 
2.773200e-01 5.753722e+02 
2.785400e-01 5.716835e+02 
2.797000e-01 5.681855e+02 
2.808900e-01 5.646344e+02 
2.821400e-01 5.609443e+02 
2.833900e-01 5.572935e+02 
2.845500e-01 5.539105e+02 
2.857800e-01 5.503608e+02 
2.870300e-01 5.467923e+02 
2.882100e-01 5.434590e+02 
2.893900e-01 5.401465e+02 
2.906300e-01 5.366948e+02 
2.918900e-01 5.332250e+02 
2.930500e-01 5.300634e+02 
2.942500e-01 5.268222e+02 
2.954200e-01 5.236831e+02 
2.966500e-01 5.204163e+02 
2.978900e-01 5.171571e+02 
2.990400e-01 5.141647e+02 
3.002700e-01 5.109893e+02 
3.015100e-01 5.078179e+02 
3.026800e-01 5.048553e+02 
3.038500e-01 5.019212e+02 
3.050300e-01 4.989905e+02 
3.062600e-01 4.959611e+02 
3.075000e-01 4.929378e+02 
3.087000e-01 4.900410e+02 
3.099100e-01 4.871485e+02 
3.111200e-01 4.842846e+02 
3.123100e-01 4.814961e+02 
3.135300e-01 4.786647e+02 
3.147300e-01 4.759066e+02 
3.159900e-01 4.730388e+02 
3.171800e-01 4.703578e+02 
3.183700e-01 4.677028e+02 
3.196300e-01 4.649186e+02 
3.208400e-01 4.622706e+02 
3.220300e-01 4.596906e+02 
3.232000e-01 4.571815e+02 
3.244300e-01 4.545698e+02 
3.256700e-01 4.519619e+02 
3.269200e-01 4.493579e+02 
3.280800e-01 4.469636e+02 
3.292500e-01 4.445769e+02 
3.304800e-01 4.420927e+02 
3.317100e-01 4.396315e+02 
3.328900e-01 4.372918e+02 
3.340700e-01 4.349726e+02 
3.353600e-01 4.324685e+02 
3.365300e-01 4.302209e+02 
3.377100e-01 4.279738e+02 
3.389200e-01 4.256899e+02 
3.401600e-01 4.233704e+02 
3.413700e-01 4.211364e+02 
3.425300e-01 4.190195e+02 
3.437700e-01 4.167763e+02 
3.449800e-01 4.146068e+02 
3.461800e-01 4.124739e+02 
3.473600e-01 4.103982e+02 
3.485800e-01 4.082799e+02 
3.498100e-01 4.061628e+02 
3.510200e-01 4.040982e+02 
3.522000e-01 4.021018e+02 
3.533900e-01 4.001053e+02 
3.546400e-01 3.980399e+02 
3.558400e-01 3.960749e+02 
3.570600e-01 3.940940e+02 
3.582700e-01 3.921459e+02 
3.595000e-01 3.901823e+02 
3.607100e-01 3.882742e+02 
3.618900e-01 3.864345e+02 
3.631200e-01 3.845326e+02 
3.643200e-01 3.826925e+02 
3.655500e-01 3.808219e+02 
3.667300e-01 3.790420e+02 
3.679500e-01 3.772310e+02 
3.691900e-01 3.754055e+02 
3.703600e-01 3.736969e+02 
3.715700e-01 3.719440e+02 
3.727700e-01 3.702195e+02 
3.739900e-01 3.684851e+02 
3.752000e-01 3.667875e+02 
3.763900e-01 3.651311e+02 
3.775800e-01 3.634877e+02 
3.788200e-01 3.617888e+02 
3.800300e-01 3.601443e+02 
3.812100e-01 3.585587e+02 
3.824200e-01 3.569492e+02 
3.836100e-01 3.553786e+02 
3.848600e-01 3.537417e+02 
3.860400e-01 3.522086e+02 
3.872400e-01 3.506613e+02 
3.884600e-01 3.491081e+02 
3.896500e-01 3.476077e+02 
3.908700e-01 3.460811e+02 
3.920600e-01 3.446035e+02 
3.933100e-01 3.430632e+02 
3.945300e-01 3.415715e+02 
3.957200e-01 3.401348e+02 
3.969300e-01 3.386871e+02 
3.981700e-01 3.372147e+02 
3.993500e-01 3.358240e+02 
4.094840e-01 3.243021e+02 
4.272360e-01 3.058894e+02 
4.454600e-01 2.889164e+02 
4.630560e-01 2.740975e+02 
4.804610e-01 2.607410e+02 
4.980690e-01 2.483721e+02 
5.159230e-01 2.368637e+02 
5.317440e-01 2.274421e+02 
5.489640e-01 2.179418e+02 
5.671990e-01 2.086583e+02 
5.838690e-01 2.008008e+02 
6.018840e-01 1.929279e+02 
6.202330e-01 1.855146e+02 
6.379250e-01 1.788762e+02 
6.545410e-01 1.730838e+02 
6.714560e-01 1.675638e+02 
6.892080e-01 1.621546e+02 
7.066010e-01 1.572087e+02 
7.240540e-01 1.525534e+02 
7.420450e-01 1.480657e+02 
7.593780e-01 1.440066e+02 
7.764720e-01 1.402314e+02 
7.942840e-01 1.365224e+02 
8.116170e-01 1.331184e+02 
8.288310e-01 1.299212e+02 
8.462240e-01 1.268556e+02 
8.631980e-01 1.240139e+02 
8.810700e-01 1.211677e+02 
8.989410e-01 1.184614e+02 
9.166330e-01 1.159073e+02 
9.345640e-01 1.134371e+02 
9.515980e-01 1.111930e+02 
9.688720e-01 1.090110e+02 
9.865640e-01 1.068673e+02 
1.031870e+00 1.017513e+02 
1.063490e+00 9.846320e+01 
1.097920e+00 9.511697e+01 
1.134370e+00 9.180221e+01 
1.167730e+00 8.895896e+01 
1.203830e+00 8.605447e+01 
1.240470e+00 8.328159e+01 
1.275790e+00 8.075116e+01 
1.309140e+00 7.848913e+01 
1.342970e+00 7.629430e+01 
1.378420e+00 7.411086e+01 
1.413200e+00 7.206543e+01 
1.448110e+00 7.010251e+01 
1.484090e+00 6.817385e+01 
1.518820e+00 6.639057e+01 
1.552880e+00 6.471009e+01 
1.588630e+00 6.301754e+01 
1.623230e+00 6.144725e+01 
1.657720e+00 5.994252e+01 
1.692450e+00 5.848468e+01 
1.726400e+00 5.710844e+01 
1.762200e+00 5.571042e+01 
1.797880e+00 5.436868e+01 
1.833270e+00 5.308656e+01 
1.869070e+00 5.183481e+01 
1.903200e+00 5.068245e+01 
1.937740e+00 4.955524e+01 
1.973190e+00 4.843617e+01 
2.007440e+00 4.739060e+01 
2.042160e+00 4.636393e+01 
2.077900e+00 4.534074e+01 
2.112390e+00 4.438535e+01 
2.146220e+00 4.347514e+01 
2.181600e+00 4.255173e+01 
2.216930e+00 4.165813e+01 
2.250760e+00 4.082801e+01 
2.286500e+00 3.997705e+01 
2.321770e+00 3.916242e+01 
2.355950e+00 3.839514e+01 
2.391280e+00 3.762320e+01 
2.426240e+00 3.688108e+01 
2.460670e+00 3.617120e+01 
2.495640e+00 3.547093e+01 
2.531080e+00 3.477872e+01 
2.566220e+00 3.411125e+01 
2.600830e+00 3.347191e+01 
2.635080e+00 3.285627e+01 
2.670340e+00 3.223719e+01 
2.705970e+00 3.162878e+01 
2.740040e+00 3.106267e+01 
2.774520e+00 3.050327e+01 
2.809730e+00 2.994600e+01 
2.844390e+00 2.941179e+01 
2.879960e+00 2.887684e+01 
2.914860e+00 2.836490e+01 
2.949410e+00 2.787113e+01 
2.984440e+00 2.738154e+01 
3.019760e+00 2.690028e+01 
3.054730e+00 2.643616e+01 
3.089030e+00 2.598973e+01 
3.124060e+00 2.554525e+01 
3.159560e+00 2.510563e+01 
3.194710e+00 2.468005e+01 
3.229010e+00 2.427504e+01 
3.263320e+00 2.387763e+01 
3.297930e+00 2.348646e+01 
3.332830e+00 2.310068e+01 
3.368040e+00 2.272016e+01 
3.403300e+00 2.234794e+01 
3.438450e+00 2.198451e+01 
3.473060e+00 2.163529e+01 
3.508440e+00 2.128518e+01 
3.543110e+00 2.095034e+01 
3.577470e+00 2.062470e+01 
3.613040e+00 2.029541e+01 
3.648120e+00 1.997732e+01 
3.682910e+00 1.966883e+01 
3.718050e+00 1.936349e+01 
3.753320e+00 1.906376e+01 
3.787980e+00 1.877527e+01 
3.822290e+00 1.849565e+01 
3.857020e+00 1.821811e+01 
3.891920e+00 1.794505e+01 
3.926650e+00 1.767851e+01 
3.961970e+00 1.741327e+01 
3.997360e+00 1.715276e+01 
4.031670e+00 1.690558e+01 
4.066330e+00 1.666034e+01 
4.101420e+00 1.641746e+01 
4.136200e+00 1.618096e+01 
4.170810e+00 1.595068e+01 
4.206250e+00 1.571916e+01 
4.241580e+00 1.549321e+01 
4.276300e+00 1.527524e+01 
4.310970e+00 1.506178e+01 
4.346120e+00 1.484964e+01 
4.380600e+00 1.464546e+01 
4.414730e+00 1.444742e+01 
4.450350e+00 1.424424e+01 
4.485320e+00 1.404886e+01 
4.519810e+00 1.385956e+01 
4.555430e+00 1.366777e+01 
4.590870e+00 1.348067e+01 
4.625480e+00 1.330128e+01 
4.659910e+00 1.312628e+01 
4.695230e+00 1.294980e+01 
4.729960e+00 1.277956e+01 
4.764450e+00 1.261356e+01 
4.799530e+00 1.244764e+01 
4.834910e+00 1.228351e+01 
4.869700e+00 1.212493e+01 
4.904370e+00 1.196981e+01 
4.939450e+00 1.181570e+01 
4.973940e+00 1.166681e+01 
5.008430e+00 1.152062e+01 
5.043810e+00 1.137321e+01 
5.078840e+00 1.122981e+01 
5.113500e+00 1.109050e+01 
5.148890e+00 1.095062e+01 
5.184210e+00 1.081353e+01 
5.219060e+00 1.068065e+01 
5.253660e+00 1.055093e+01 
5.288570e+00 1.042233e+01 
5.323420e+00 1.029614e+01 
5.358440e+00 1.017149e+01 
5.393590e+00 1.004854e+01 
5.428310e+00 9.929120e+00 
5.462800e+00 9.812468e+00 
5.497640e+00 9.696612e+00 
5.532670e+00 9.582028e+00 
5.567280e+00 9.470688e+00 
5.602000e+00 9.360840e+00 
5.637270e+00 9.251112e+00 
5.672410e+00 9.143603e+00 
5.707020e+00 9.039447e+00 
5.742040e+00 8.935751e+00 
5.777430e+00 8.832666e+00 
5.812210e+00 8.732996e+00 
5.846820e+00 8.635388e+00 
5.881610e+00 8.538823e+00 
5.916510e+00 8.443484e+00 
5.951600e+00 8.349167e+00 
5.986560e+00 8.256689e+00 
6.021830e+00 8.164851e+00 
6.056490e+00 8.076051e+00 
6.091160e+00 7.988626e+00 
6.125830e+00 7.902530e+00 
6.161090e+00 7.816327e+00 
6.195760e+00 7.732897e+00 
6.230420e+00 7.650740e+00 
6.265690e+00 7.568396e+00 
6.300950e+00 7.487385e+00 
6.335620e+00 7.408914e+00 
6.370880e+00 7.330289e+00 
6.405550e+00 7.254195e+00 
6.440220e+00 7.179236e+00 
6.475480e+00 7.104113e+00 
6.510150e+00 7.031337e+00 
6.544810e+00 6.959663e+00 
6.580080e+00 6.887776e+00 
6.614750e+00 6.818122e+00 
6.649410e+00 6.749606e+00 
6.684080e+00 6.682059e+00 
6.719340e+00 6.614329e+00 
6.754010e+00 6.548686e+00 
6.788680e+00 6.483999e+00 
6.823940e+00 6.419124e+00 
6.859800e+00 6.354071e+00 
6.894470e+00 6.292139e+00 
6.929140e+00 6.231080e+00 
6.963800e+00 6.170862e+00 
6.999070e+00 6.110420e+00 
7.033730e+00 6.051908e+00 
7.068400e+00 5.994157e+00 
7.103660e+00 5.936209e+00 
7.138330e+00 5.880033e+00 
7.173600e+00 5.823735e+00 
7.208260e+00 5.769140e+00 
7.243530e+00 5.714313e+00 
7.277600e+00 5.662095e+00 
7.312860e+00 5.608804e+00 
7.348120e+00 5.556208e+00 
7.382790e+00 5.505158e+00 
7.417460e+00 5.454832e+00 
7.452720e+00 5.404340e+00 
7.487390e+00 5.355325e+00 
7.522650e+00 5.306106e+00 
7.557320e+00 5.258394e+00 
7.591990e+00 5.211302e+00 
7.627250e+00 5.164006e+00 
7.662510e+00 5.117304e+00 
7.697180e+00 5.072039e+00 
7.731850e+00 5.027360e+00 
7.766510e+00 4.983237e+00 
7.801180e+00 4.939637e+00 
7.836440e+00 4.895919e+00 
7.871110e+00 4.853506e+00 
7.906380e+00 4.810880e+00 
7.941040e+00 4.769495e+00 
7.976310e+00 4.727918e+00 
8.011570e+00 4.686892e+00 
8.046240e+00 4.647032e+00 
8.080900e+00 4.607650e+00 
8.115570e+00 4.568741e+00 
8.150830e+00 4.529727e+00 
8.185500e+00 4.491813e+00 
8.220770e+00 4.453692e+00 
8.255430e+00 4.416664e+00 
8.290100e+00 4.380127e+00 
8.324770e+00 4.344017e+00 
8.359430e+00 4.308326e+00 
8.394700e+00 4.272421e+00 
8.429960e+00 4.236996e+00 
8.464630e+00 4.202617e+00 
8.499890e+00 4.168047e+00 
8.534560e+00 4.134437e+00 
8.569200e+00 4.101228e+00 
