# Parameters:
# omega_b = 0.022539, omega_m = 0.135433, n_s = 0.947638, h = 78.149606, w = -1.000000, sigma_8 = 0.751969
# z = 1.100000
#
# k[1/Mpc] # P(k):
8.694000e-04 5.325240e+03 
2.077466e-03 1.115323e+04 
3.285532e-03 1.560305e+04 
4.493598e-03 1.895225e+04 
5.701664e-03 2.137662e+04 
6.909730e-03 2.304074e+04 
8.117797e-03 2.412129e+04 
9.325863e-03 2.470868e+04 
1.053393e-02 2.489033e+04 
1.174199e-02 2.474471e+04 
1.295006e-02 2.432345e+04 
1.415813e-02 2.369463e+04 
1.536619e-02 2.291407e+04 
1.657426e-02 2.201635e+04 
1.778233e-02 2.100866e+04 
1.899039e-02 1.992533e+04 
2.019846e-02 1.884607e+04 
2.140652e-02 1.782731e+04 
2.261459e-02 1.686670e+04 
2.382266e-02 1.596730e+04 
2.503072e-02 1.513627e+04 
2.623879e-02 1.437591e+04 
2.744685e-02 1.368746e+04 
2.865492e-02 1.306965e+04 
2.986299e-02 1.251850e+04 
3.100100e-02 1.205820e+04 
3.220400e-02 1.162813e+04 
3.288100e-02 1.141095e+04 
3.424300e-02 1.102021e+04 
3.555100e-02 1.069398e+04 
3.686000e-02 1.040886e+04 
3.795000e-02 1.019615e+04 
3.929100e-02 9.959948e+03 
4.039800e-02 9.778691e+03 
4.164000e-02 9.584476e+03 
4.294400e-02 9.381990e+03 
4.415000e-02 9.194817e+03 
4.542900e-02 8.986102e+03 
4.660900e-02 8.787859e+03 
4.782300e-02 8.566031e+03 
4.892900e-02 8.356002e+03 
5.031200e-02 8.078830e+03 
5.155900e-02 7.815180e+03 
5.238100e-02 7.636538e+03 
5.378200e-02 7.326176e+03 
5.513400e-02 7.021564e+03 
5.627600e-02 6.764073e+03 
5.735300e-02 6.524378e+03 
5.870100e-02 6.231763e+03 
5.988700e-02 5.984508e+03 
6.113500e-02 5.736642e+03 
6.225900e-02 5.526575e+03 
6.340100e-02 5.327766e+03 
6.480200e-02 5.103978e+03 
6.601100e-02 4.931205e+03 
6.725500e-02 4.772311e+03 
6.829100e-02 4.655706e+03 
6.958600e-02 4.525199e+03 
7.071100e-02 4.426516e+03 
7.192300e-02 4.332943e+03 
7.307400e-02 4.254793e+03 
7.412300e-02 4.191286e+03 
7.550400e-02 4.117838e+03 
7.663100e-02 4.063657e+03 
7.791200e-02 4.007811e+03 
7.912700e-02 3.957784e+03 
8.027600e-02 3.911496e+03 
8.138400e-02 3.866913e+03 
8.272200e-02 3.811881e+03 
8.406100e-02 3.754419e+03 
8.534100e-02 3.695202e+03 
8.653800e-02 3.635602e+03 
8.759800e-02 3.580388e+03 
8.900300e-02 3.503096e+03 
9.009000e-02 3.439727e+03 
9.113300e-02 3.375854e+03 
9.239600e-02 3.296899e+03 
9.358000e-02 3.220674e+03 
9.496100e-02 3.129294e+03 
9.608400e-02 3.055004e+03 
9.727500e-02 2.976888e+03 
9.852600e-02 2.894750e+03 
9.973800e-02 2.817534e+03 
1.009000e-01 2.745665e+03 
1.020900e-01 2.675374e+03 
1.034000e-01 2.601811e+03 
1.046000e-01 2.537996e+03 
1.057200e-01 2.483473e+03 
1.069100e-01 2.428616e+03 
1.082500e-01 2.373032e+03 
1.093900e-01 2.330160e+03 
1.105400e-01 2.289805e+03 
1.116900e-01 2.254774e+03 
1.129600e-01 2.218552e+03 
1.142000e-01 2.187724e+03 
1.153300e-01 2.161551e+03 
1.166400e-01 2.133864e+03 
1.177800e-01 2.111470e+03 
1.190000e-01 2.088598e+03 
1.201200e-01 2.068154e+03 
1.213400e-01 2.046425e+03 
1.227100e-01 2.021273e+03 
1.238900e-01 1.999648e+03 
1.250700e-01 1.976778e+03 
1.263200e-01 1.952235e+03 
1.275500e-01 1.926689e+03 
1.287500e-01 1.901218e+03 
1.299900e-01 1.873727e+03 
1.311300e-01 1.847977e+03 
1.323500e-01 1.819463e+03 
1.335900e-01 1.790281e+03 
1.347100e-01 1.763356e+03 
1.359800e-01 1.732997e+03 
1.372100e-01 1.703236e+03 
1.384300e-01 1.674180e+03 
1.395700e-01 1.647078e+03 
1.407700e-01 1.619183e+03 
1.420300e-01 1.590421e+03 
1.432800e-01 1.562576e+03 
1.444500e-01 1.537534e+03 
1.456300e-01 1.512836e+03 
1.468900e-01 1.487855e+03 
1.480500e-01 1.465599e+03 
1.491700e-01 1.445103e+03 
1.503800e-01 1.424118e+03 
1.516400e-01 1.403006e+03 
1.528200e-01 1.384834e+03 
1.540200e-01 1.366721e+03 
1.551900e-01 1.350506e+03 
1.564300e-01 1.333922e+03 
1.576600e-01 1.318280e+03 
1.588700e-01 1.303768e+03 
1.600900e-01 1.289444e+03 
1.612700e-01 1.276443e+03 
1.625400e-01 1.262709e+03 
1.637600e-01 1.249820e+03 
1.649500e-01 1.237507e+03 
1.662200e-01 1.224548e+03 
1.674000e-01 1.212409e+03 
1.685000e-01 1.201283e+03 
1.697500e-01 1.188495e+03 
1.710300e-01 1.175282e+03 
1.722200e-01 1.163217e+03 
1.734400e-01 1.150209e+03 
1.746400e-01 1.137603e+03 
1.758700e-01 1.124653e+03 
1.770900e-01 1.111518e+03 
1.782700e-01 1.099034e+03 
1.794600e-01 1.086324e+03 
1.807000e-01 1.073087e+03 
1.819100e-01 1.060398e+03 
1.830100e-01 1.048842e+03 
1.842200e-01 1.036305e+03 
1.855000e-01 1.023279e+03 
1.867000e-01 1.011302e+03 
1.879200e-01 9.993323e+02 
1.890900e-01 9.880846e+02 
1.902800e-01 9.770357e+02 
1.915200e-01 9.657142e+02 
1.926900e-01 9.552947e+02 
1.939000e-01 9.449760e+02 
1.951700e-01 9.343242e+02 
1.963100e-01 9.250132e+02 
1.975100e-01 9.156240e+02 
1.987800e-01 9.058456e+02 
2.000100e-01 8.966238e+02 
2.012500e-01 8.876976e+02 
2.023400e-01 8.799660e+02 
2.036100e-01 8.711321e+02 
2.048900e-01 8.625312e+02 
2.060400e-01 8.549191e+02 
2.072200e-01 8.472263e+02 
2.084200e-01 8.396014e+02 
2.096900e-01 8.316514e+02 
2.109200e-01 8.240669e+02 
2.121100e-01 8.168227e+02 
2.132700e-01 8.098586e+02 
2.145200e-01 8.024606e+02 
2.157200e-01 7.954258e+02 
2.168800e-01 7.887032e+02 
2.180700e-01 7.819006e+02 
2.193400e-01 7.747196e+02 
2.206000e-01 7.676541e+02 
2.217500e-01 7.612942e+02 
2.229500e-01 7.547463e+02 
2.241400e-01 7.483004e+02 
2.253500e-01 7.418337e+02 
2.264900e-01 7.358213e+02 
2.277100e-01 7.294724e+02 
2.289900e-01 7.229044e+02 
2.301500e-01 7.170323e+02 
2.313600e-01 7.109871e+02 
2.325600e-01 7.051133e+02 
2.337700e-01 6.992679e+02 
2.350000e-01 6.934041e+02 
2.362000e-01 6.877936e+02 
2.374100e-01 6.822512e+02 
2.386500e-01 6.766450e+02 
2.399100e-01 6.710235e+02 
2.410400e-01 6.661144e+02 
2.422500e-01 6.609306e+02 
2.435000e-01 6.556435e+02 
2.447300e-01 6.505231e+02 
2.458700e-01 6.458983e+02 
2.470600e-01 6.411278e+02 
2.483300e-01 6.360998e+02 
2.495600e-01 6.313127e+02 
2.507600e-01 6.267280e+02 
2.519600e-01 6.221981e+02 
2.532200e-01 6.174995e+02 
2.543700e-01 6.132771e+02 
2.555500e-01 6.090043e+02 
2.568000e-01 6.045316e+02 
2.580100e-01 6.002536e+02 
2.592400e-01 5.959547e+02 
2.604100e-01 5.919121e+02 
2.616100e-01 5.878127e+02 
2.628400e-01 5.836595e+02 
2.640600e-01 5.795699e+02 
2.652200e-01 5.757179e+02 
2.664300e-01 5.717447e+02 
2.676500e-01 5.677841e+02 
2.688400e-01 5.639444e+02 
2.700700e-01 5.600077e+02 
2.712400e-01 5.563047e+02 
2.724800e-01 5.524236e+02 
2.736700e-01 5.487242e+02 
2.748800e-01 5.449870e+02 
2.761000e-01 5.412606e+02 
2.773200e-01 5.375755e+02 
2.785400e-01 5.339215e+02 
2.797000e-01 5.304648e+02 
2.808900e-01 5.269561e+02 
2.821400e-01 5.233107e+02 
2.833900e-01 5.197047e+02 
2.845500e-01 5.163698e+02 
2.857800e-01 5.128711e+02 
2.870300e-01 5.093542e+02 
2.882100e-01 5.060697e+02 
2.893900e-01 5.028086e+02 
2.906300e-01 4.994121e+02 
2.918900e-01 4.959983e+02 
2.930500e-01 4.928882e+02 
2.942500e-01 4.897009e+02 
2.954200e-01 4.866169e+02 
2.966500e-01 4.834078e+02 
2.978900e-01 4.802067e+02 
2.990400e-01 4.772679e+02 
3.002700e-01 4.741521e+02 
3.015100e-01 4.710415e+02 
3.026800e-01 4.681361e+02 
3.038500e-01 4.652590e+02 
3.050300e-01 4.623857e+02 
3.062600e-01 4.594195e+02 
3.075000e-01 4.564597e+02 
3.087000e-01 4.536241e+02 
3.099100e-01 4.507930e+02 
3.111200e-01 4.479917e+02 
3.123100e-01 4.452670e+02 
3.135300e-01 4.425008e+02 
3.147300e-01 4.398065e+02 
3.159900e-01 4.370053e+02 
3.171800e-01 4.343901e+02 
3.183700e-01 4.318026e+02 
3.196300e-01 4.290895e+02 
3.208400e-01 4.265095e+02 
3.220300e-01 4.239960e+02 
3.232000e-01 4.215545e+02 
3.244300e-01 4.190145e+02 
3.256700e-01 4.164785e+02 
3.269200e-01 4.139466e+02 
3.280800e-01 4.116189e+02 
3.292500e-01 4.093014e+02 
3.304800e-01 4.068905e+02 
3.317100e-01 4.045021e+02 
3.328900e-01 4.022318e+02 
3.340700e-01 3.999817e+02 
3.353600e-01 3.975551e+02 
3.365300e-01 3.953784e+02 
3.377100e-01 3.932023e+02 
3.389200e-01 3.909908e+02 
3.401600e-01 3.887451e+02 
3.413700e-01 3.865835e+02 
3.425300e-01 3.845362e+02 
3.437700e-01 3.823669e+02 
3.449800e-01 3.802691e+02 
3.461800e-01 3.782068e+02 
3.473600e-01 3.762006e+02 
3.485800e-01 3.741545e+02 
3.498100e-01 3.721098e+02 
3.510200e-01 3.701160e+02 
3.522000e-01 3.681882e+02 
3.533900e-01 3.662605e+02 
3.546400e-01 3.642671e+02 
3.558400e-01 3.623708e+02 
3.570600e-01 3.604593e+02 
3.582700e-01 3.585796e+02 
3.595000e-01 3.566852e+02 
3.607100e-01 3.548447e+02 
3.618900e-01 3.530704e+02 
3.631200e-01 3.512363e+02 
3.643200e-01 3.494620e+02 
3.655500e-01 3.476584e+02 
3.667300e-01 3.459425e+02 
3.679500e-01 3.441964e+02 
3.691900e-01 3.424365e+02 
3.703600e-01 3.407895e+02 
3.715700e-01 3.390999e+02 
3.727700e-01 3.374378e+02 
3.739900e-01 3.357661e+02 
3.752000e-01 3.341294e+02 
3.763900e-01 3.325327e+02 
3.775800e-01 3.309486e+02 
3.788200e-01 3.293111e+02 
3.800300e-01 3.277262e+02 
3.812100e-01 3.261979e+02 
3.824200e-01 3.246465e+02 
3.836100e-01 3.231328e+02 
3.848600e-01 3.215553e+02 
3.860400e-01 3.200779e+02 
3.872400e-01 3.185869e+02 
3.884600e-01 3.170900e+02 
3.896500e-01 3.156438e+02 
3.908700e-01 3.141726e+02 
3.920600e-01 3.127485e+02 
3.933100e-01 3.112642e+02 
3.945300e-01 3.098269e+02 
3.957200e-01 3.084422e+02 
3.969300e-01 3.070468e+02 
3.981700e-01 3.056278e+02 
3.993500e-01 3.042877e+02 
4.094840e-01 2.931904e+02 
4.272360e-01 2.754733e+02 
4.454600e-01 2.591854e+02 
4.630560e-01 2.450130e+02 
4.804610e-01 2.322903e+02 
4.980690e-01 2.205586e+02 
5.159230e-01 2.096918e+02 
5.317440e-01 2.008295e+02 
5.489640e-01 1.919252e+02 
5.671990e-01 1.832553e+02 
5.838690e-01 1.759370e+02 
6.018840e-01 1.686224e+02 
6.202330e-01 1.617503e+02 
6.379250e-01 1.556069e+02 
6.545410e-01 1.502542e+02 
6.714560e-01 1.451593e+02 
6.892080e-01 1.401718e+02 
7.066010e-01 1.356150e+02 
7.240540e-01 1.313304e+02 
7.420450e-01 1.272026e+02 
7.593780e-01 1.234719e+02 
7.764720e-01 1.200049e+02 
7.942840e-01 1.166014e+02 
8.116170e-01 1.134803e+02 
8.288310e-01 1.105513e+02 
8.462240e-01 1.077458e+02 
8.631980e-01 1.051474e+02 
8.810700e-01 1.025479e+02 
8.989410e-01 1.000793e+02 
9.166330e-01 9.775224e+01 
9.345640e-01 9.550486e+01 
9.515980e-01 9.346582e+01 
9.688720e-01 9.148619e+01 
9.865640e-01 8.954460e+01 
1.031870e+00 8.492458e+01 
1.063490e+00 8.196712e+01 
1.097920e+00 7.896708e+01 
1.134370e+00 7.600713e+01 
1.167730e+00 7.347713e+01 
1.203830e+00 7.090432e+01 
1.240470e+00 6.845653e+01 
1.275790e+00 6.623298e+01 
1.309140e+00 6.425095e+01 
1.342970e+00 6.233726e+01 
1.378420e+00 6.043842e+01 
1.413200e+00 5.866656e+01 
1.448110e+00 5.697271e+01 
1.484090e+00 5.531293e+01 
1.518820e+00 5.378391e+01 
1.552880e+00 5.234798e+01 
1.588630e+00 5.090619e+01 
1.623230e+00 4.957207e+01 
1.657720e+00 4.829681e+01 
1.692450e+00 4.706504e+01 
1.726400e+00 4.590565e+01 
1.762200e+00 4.473070e+01 
1.797880e+00 4.360608e+01 
1.833270e+00 4.253358e+01 
1.869070e+00 4.148924e+01 
1.903200e+00 4.052984e+01 
1.937740e+00 3.959322e+01 
1.973190e+00 3.866531e+01 
2.007440e+00 3.780005e+01 
2.042160e+00 3.695219e+01 
2.077900e+00 3.610861e+01 
2.112390e+00 3.532230e+01 
2.146220e+00 3.457447e+01 
2.181600e+00 3.381707e+01 
2.216930e+00 3.308540e+01 
2.250760e+00 3.240664e+01 
2.286500e+00 3.171173e+01 
2.321770e+00 3.104745e+01 
2.355950e+00 3.042269e+01 
2.391280e+00 2.979512e+01 
2.426240e+00 2.919250e+01 
2.460670e+00 2.861667e+01 
2.495640e+00 2.804923e+01 
2.531080e+00 2.748908e+01 
2.566220e+00 2.694959e+01 
2.600830e+00 2.643333e+01 
2.635080e+00 2.593666e+01 
2.670340e+00 2.543798e+01 
2.705970e+00 2.494826e+01 
2.740040e+00 2.449288e+01 
2.774520e+00 2.404326e+01 
2.809730e+00 2.359587e+01 
2.844390e+00 2.316732e+01 
2.879960e+00 2.273857e+01 
2.914860e+00 2.232853e+01 
2.949410e+00 2.193325e+01 
2.984440e+00 2.154172e+01 
3.019760e+00 2.115706e+01 
3.054730e+00 2.078624e+01 
3.089030e+00 2.042997e+01 
3.124060e+00 2.007539e+01 
3.159560e+00 1.972485e+01 
3.194710e+00 1.938575e+01 
3.229010e+00 1.906316e+01 
3.263320e+00 1.874687e+01 
3.297930e+00 1.843566e+01 
3.332830e+00 1.812894e+01 
3.368040e+00 1.782648e+01 
3.403300e+00 1.753068e+01 
3.438450e+00 1.724209e+01 
3.473060e+00 1.696485e+01 
3.508440e+00 1.668707e+01 
3.543110e+00 1.642145e+01 
3.577470e+00 1.616328e+01 
3.613040e+00 1.590226e+01 
3.648120e+00 1.565020e+01 
3.682910e+00 1.540581e+01 
3.718050e+00 1.516401e+01 
3.753320e+00 1.492671e+01 
3.787980e+00 1.469840e+01 
3.822290e+00 1.447714e+01 
3.857020e+00 1.425757e+01 
3.891920e+00 1.404160e+01 
3.926650e+00 1.383086e+01 
3.961970e+00 1.362117e+01 
3.997360e+00 1.341524e+01 
4.031670e+00 1.321989e+01 
4.066330e+00 1.302617e+01 
4.101420e+00 1.283433e+01 
4.136200e+00 1.264754e+01 
4.170810e+00 1.246567e+01 
4.206250e+00 1.228284e+01 
4.241580e+00 1.210442e+01 
4.276300e+00 1.193236e+01 
4.310970e+00 1.176390e+01 
4.346120e+00 1.159650e+01 
4.380600e+00 1.143539e+01 
4.414730e+00 1.127914e+01 
4.450350e+00 1.111884e+01 
4.485320e+00 1.096471e+01 
4.519810e+00 1.081540e+01 
4.555430e+00 1.066415e+01 
4.590870e+00 1.051662e+01 
4.625480e+00 1.037517e+01 
4.659910e+00 1.023720e+01 
4.695230e+00 1.009807e+01 
4.729960e+00 9.963869e+00 
4.764450e+00 9.833016e+00 
4.799530e+00 9.702247e+00 
4.834910e+00 9.572898e+00 
4.869700e+00 9.447928e+00 
4.904370e+00 9.325691e+00 
4.939450e+00 9.204265e+00 
4.973940e+00 9.086952e+00 
5.008430e+00 8.971782e+00 
5.043810e+00 8.855645e+00 
5.078840e+00 8.742679e+00 
5.113500e+00 8.632930e+00 
5.148890e+00 8.522768e+00 
5.184210e+00 8.414814e+00 
5.219060e+00 8.310171e+00 
5.253660e+00 8.208018e+00 
5.288570e+00 8.106756e+00 
5.323420e+00 8.007400e+00 
5.358440e+00 7.909257e+00 
5.393590e+00 7.812463e+00 
5.428310e+00 7.718460e+00 
5.462800e+00 7.626641e+00 
5.497640e+00 7.535458e+00 
5.532670e+00 7.445282e+00 
5.567280e+00 7.357667e+00 
5.602000e+00 7.271233e+00 
5.637270e+00 7.184901e+00 
5.672410e+00 7.100323e+00 
5.707020e+00 7.018389e+00 
5.742040e+00 6.936825e+00 
5.777430e+00 6.855750e+00 
5.812210e+00 6.777366e+00 
5.846820e+00 6.700620e+00 
5.881610e+00 6.624703e+00 
5.916510e+00 6.549755e+00 
5.951600e+00 6.475618e+00 
5.986560e+00 6.402932e+00 
6.021830e+00 6.330756e+00 
6.056490e+00 6.260974e+00 
6.091160e+00 6.192278e+00 
6.125830e+00 6.124634e+00 
6.161090e+00 6.056917e+00 
6.195760e+00 5.991398e+00 
6.230420e+00 5.926884e+00 
6.265690e+00 5.862229e+00 
6.300950e+00 5.798631e+00 
6.335620e+00 5.737033e+00 
6.370880e+00 5.675318e+00 
6.405550e+00 5.615607e+00 
6.440220e+00 5.556796e+00 
6.475480e+00 5.497861e+00 
6.510150e+00 5.440776e+00 
6.544810e+00 5.384568e+00 
6.580080e+00 5.328196e+00 
6.614750e+00 5.273581e+00 
6.649410e+00 5.219878e+00 
6.684080e+00 5.166942e+00 
6.719340e+00 5.113867e+00 
6.754010e+00 5.062438e+00 
6.788680e+00 5.011781e+00 
6.823940e+00 4.960979e+00 
6.859800e+00 4.910044e+00 
6.894470e+00 4.861568e+00 
6.929140e+00 4.813784e+00 
6.963800e+00 4.766662e+00 
6.999070e+00 4.719370e+00 
7.033730e+00 4.673604e+00 
7.068400e+00 4.628438e+00 
7.103660e+00 4.583120e+00 
7.138330e+00 4.539202e+00 
7.173600e+00 4.495210e+00 
7.208260e+00 4.452551e+00 
7.243530e+00 4.409714e+00 
7.277600e+00 4.368935e+00 
7.312860e+00 4.327333e+00 
7.348120e+00 4.286277e+00 
7.382790e+00 4.246431e+00 
7.417460e+00 4.207165e+00 
7.452720e+00 4.167779e+00 
7.487390e+00 4.129547e+00 
7.522650e+00 4.091160e+00 
7.557320e+00 4.053971e+00 
7.591990e+00 4.017277e+00 
7.627250e+00 3.980426e+00 
7.662510e+00 3.944040e+00 
7.697180e+00 3.908792e+00 
7.731850e+00 3.874010e+00 
7.766510e+00 3.839662e+00 
7.801180e+00 3.805723e+00 
7.836440e+00 3.771711e+00 
7.871110e+00 3.738727e+00 
7.906380e+00 3.705579e+00 
7.941040e+00 3.673397e+00 
7.976310e+00 3.641082e+00 
8.011570e+00 3.609215e+00 
8.046240e+00 3.578254e+00 
8.080900e+00 3.547667e+00 
8.115570e+00 3.517453e+00 
8.150830e+00 3.487177e+00 
8.185500e+00 3.457757e+00 
8.220770e+00 3.428177e+00 
8.255430e+00 3.399447e+00 
8.290100e+00 3.371129e+00 
8.324770e+00 3.343145e+00 
8.359430e+00 3.315487e+00 
8.394700e+00 3.287665e+00 
8.429960e+00 3.260229e+00 
8.464630e+00 3.233617e+00 
8.499890e+00 3.206858e+00 
8.534560e+00 3.180842e+00 
8.569200e+00 3.155138e+00 
