# Parameters:
# omega_b = 0.021815, omega_m = 0.149488, n_s = 0.953937, h = 77.913386, w = -1.000000, sigma_8 = 0.857480
# z = 1.100000
#
# k[1/Mpc] # P(k):
8.694000e-04 4.705788e+03 
2.077466e-03 1.001326e+04 
3.285532e-03 1.419779e+04 
4.493598e-03 1.746323e+04 
5.701664e-03 1.993607e+04 
6.909730e-03 2.173815e+04 
8.117797e-03 2.301083e+04 
9.325863e-03 2.382664e+04 
1.053393e-02 2.425885e+04 
1.174199e-02 2.437515e+04 
1.295006e-02 2.421937e+04 
1.415813e-02 2.385082e+04 
1.536619e-02 2.331828e+04 
1.657426e-02 2.264910e+04 
1.778233e-02 2.183255e+04 
1.899039e-02 2.088418e+04 
2.019846e-02 1.990653e+04 
2.140652e-02 1.897864e+04 
2.261459e-02 1.809353e+04 
2.382266e-02 1.724969e+04 
2.503072e-02 1.645587e+04 
2.623879e-02 1.571689e+04 
2.744685e-02 1.503529e+04 
2.865492e-02 1.441382e+04 
2.986299e-02 1.385105e+04 
3.100100e-02 1.337384e+04 
3.220400e-02 1.292205e+04 
3.288100e-02 1.269134e+04 
3.424300e-02 1.227264e+04 
3.555100e-02 1.192000e+04 
3.686000e-02 1.161012e+04 
3.795000e-02 1.137874e+04 
3.929100e-02 1.112302e+04 
4.039800e-02 1.092873e+04 
4.164000e-02 1.072290e+04 
4.294400e-02 1.051262e+04 
4.415000e-02 1.032089e+04 
4.542900e-02 1.011053e+04 
4.660900e-02 9.912306e+03 
4.782300e-02 9.692065e+03 
4.892900e-02 9.483677e+03 
5.031200e-02 9.208159e+03 
5.155900e-02 8.944611e+03 
5.238100e-02 8.764947e+03 
5.378200e-02 8.450426e+03 
5.513400e-02 8.137931e+03 
5.627600e-02 7.870398e+03 
5.735300e-02 7.618288e+03 
5.870100e-02 7.305968e+03 
5.988700e-02 7.037895e+03 
6.113500e-02 6.764969e+03 
6.225900e-02 6.530014e+03 
6.340100e-02 6.304512e+03 
6.480200e-02 6.047438e+03 
6.601100e-02 5.845855e+03 
6.725500e-02 5.658123e+03 
6.829100e-02 5.518383e+03 
6.958600e-02 5.360375e+03 
7.071100e-02 5.239202e+03 
7.192300e-02 5.122912e+03 
7.307400e-02 5.024690e+03 
7.412300e-02 4.944199e+03 
7.550400e-02 4.850515e+03 
7.663100e-02 4.781399e+03 
7.791200e-02 4.710893e+03 
7.912700e-02 4.649204e+03 
8.027600e-02 4.593632e+03 
8.138400e-02 4.541558e+03 
8.272200e-02 4.479393e+03 
8.406100e-02 4.416624e+03 
8.534100e-02 4.354042e+03 
8.653800e-02 4.292317e+03 
8.759800e-02 4.235654e+03 
8.900300e-02 4.156849e+03 
9.009000e-02 4.092340e+03 
9.113300e-02 4.027054e+03 
9.239600e-02 3.945946e+03 
9.358000e-02 3.866978e+03 
9.496100e-02 3.770997e+03 
9.608400e-02 3.692046e+03 
9.727500e-02 3.608249e+03 
9.852600e-02 3.518203e+03 
9.973800e-02 3.432543e+03 
1.009000e-01 3.351979e+03 
1.020900e-01 3.271203e+03 
1.034000e-01 3.185683e+03 
1.046000e-01 3.110479e+03 
1.057200e-01 3.044602e+03 
1.069100e-01 2.977723e+03 
1.082500e-01 2.908292e+03 
1.093900e-01 2.853776e+03 
1.105400e-01 2.801873e+03 
1.116900e-01 2.755649e+03 
1.129600e-01 2.707507e+03 
1.142000e-01 2.665785e+03 
1.153300e-01 2.630298e+03 
1.166400e-01 2.592644e+03 
1.177800e-01 2.562592e+03 
1.190000e-01 2.532093e+03 
1.201200e-01 2.505976e+03 
1.213400e-01 2.478420e+03 
1.227100e-01 2.448624e+03 
1.238900e-01 2.423428e+03 
1.250700e-01 2.398110e+03 
1.263200e-01 2.371354e+03 
1.275500e-01 2.344384e+03 
1.287500e-01 2.317750e+03 
1.299900e-01 2.289386e+03 
1.311300e-01 2.262795e+03 
1.323500e-01 2.233314e+03 
1.335900e-01 2.202875e+03 
1.347100e-01 2.174457e+03 
1.359800e-01 2.142056e+03 
1.372100e-01 2.109623e+03 
1.384300e-01 2.077602e+03 
1.395700e-01 2.046941e+03 
1.407700e-01 2.015249e+03 
1.420300e-01 1.981469e+03 
1.432800e-01 1.948744e+03 
1.444500e-01 1.918328e+03 
1.456300e-01 1.888322e+03 
1.468900e-01 1.857407e+03 
1.480500e-01 1.829692e+03 
1.491700e-01 1.803983e+03 
1.503800e-01 1.777420e+03 
1.516400e-01 1.750670e+03 
1.528200e-01 1.727521e+03 
1.540200e-01 1.704450e+03 
1.551900e-01 1.683872e+03 
1.564300e-01 1.662847e+03 
1.576600e-01 1.643139e+03 
1.588700e-01 1.625009e+03 
1.600900e-01 1.607134e+03 
1.612700e-01 1.591276e+03 
1.625400e-01 1.574524e+03 
1.637600e-01 1.559041e+03 
1.649500e-01 1.544391e+03 
1.662200e-01 1.529020e+03 
1.674000e-01 1.514892e+03 
1.685000e-01 1.501940e+03 
1.697500e-01 1.487143e+03 
1.710300e-01 1.471938e+03 
1.722200e-01 1.458052e+03 
1.734400e-01 1.443124e+03 
1.746400e-01 1.428655e+03 
1.758700e-01 1.413765e+03 
1.770900e-01 1.398611e+03 
1.782700e-01 1.384201e+03 
1.794600e-01 1.369451e+03 
1.807000e-01 1.354032e+03 
1.819100e-01 1.339245e+03 
1.830100e-01 1.325641e+03 
1.842200e-01 1.310854e+03 
1.855000e-01 1.295475e+03 
1.867000e-01 1.281170e+03 
1.879200e-01 1.266870e+03 
1.890900e-01 1.253402e+03 
1.902800e-01 1.240045e+03 
1.915200e-01 1.226354e+03 
1.926900e-01 1.213723e+03 
1.939000e-01 1.201124e+03 
1.951700e-01 1.188116e+03 
1.963100e-01 1.176723e+03 
1.975100e-01 1.165180e+03 
1.987800e-01 1.153158e+03 
2.000100e-01 1.141811e+03 
2.012500e-01 1.130812e+03 
2.023400e-01 1.121283e+03 
2.036100e-01 1.110399e+03 
2.048900e-01 1.099819e+03 
2.060400e-01 1.090454e+03 
2.072200e-01 1.080993e+03 
2.084200e-01 1.071661e+03 
2.096900e-01 1.061930e+03 
2.109200e-01 1.052645e+03 
2.121100e-01 1.043836e+03 
2.132700e-01 1.035370e+03 
2.145200e-01 1.026375e+03 
2.157200e-01 1.017865e+03 
2.168800e-01 1.009751e+03 
2.180700e-01 1.001539e+03 
2.193400e-01 9.928877e+02 
2.206000e-01 9.844073e+02 
2.217500e-01 9.767722e+02 
2.229500e-01 9.689099e+02 
2.241400e-01 9.612093e+02 
2.253500e-01 9.534832e+02 
2.264900e-01 9.462983e+02 
2.277100e-01 9.387209e+02 
2.289900e-01 9.308927e+02 
2.301500e-01 9.238923e+02 
2.313600e-01 9.166839e+02 
2.325600e-01 9.096914e+02 
2.337700e-01 9.027310e+02 
2.350000e-01 8.957471e+02 
2.362000e-01 8.890650e+02 
2.374100e-01 8.824645e+02 
2.386500e-01 8.757866e+02 
2.399100e-01 8.690888e+02 
2.410400e-01 8.632324e+02 
2.422500e-01 8.570460e+02 
2.435000e-01 8.507352e+02 
2.447300e-01 8.446193e+02 
2.458700e-01 8.390832e+02 
2.470600e-01 8.333715e+02 
2.483300e-01 8.273506e+02 
2.495600e-01 8.216077e+02 
2.507600e-01 8.160940e+02 
2.519600e-01 8.106452e+02 
2.532200e-01 8.049926e+02 
2.543700e-01 7.998980e+02 
2.555500e-01 7.947322e+02 
2.568000e-01 7.893239e+02 
2.580100e-01 7.841503e+02 
2.592400e-01 7.789334e+02 
2.604100e-01 7.740191e+02 
2.616100e-01 7.690353e+02 
2.628400e-01 7.639852e+02 
2.640600e-01 7.589969e+02 
2.652200e-01 7.542920e+02 
2.664300e-01 7.494382e+02 
2.676500e-01 7.445993e+02 
2.688400e-01 7.398989e+02 
2.700700e-01 7.350739e+02 
2.712400e-01 7.305346e+02 
2.724800e-01 7.257764e+02 
2.736700e-01 7.212361e+02 
2.748800e-01 7.166447e+02 
2.761000e-01 7.120659e+02 
2.773200e-01 7.075370e+02 
2.785400e-01 7.030451e+02 
2.797000e-01 6.987933e+02 
2.808900e-01 6.944770e+02 
2.821400e-01 6.899917e+02 
2.833900e-01 6.855543e+02 
2.845500e-01 6.814510e+02 
2.857800e-01 6.771454e+02 
2.870300e-01 6.728168e+02 
2.882100e-01 6.687734e+02 
2.893900e-01 6.647598e+02 
2.906300e-01 6.605797e+02 
2.918900e-01 6.563775e+02 
2.930500e-01 6.525486e+02 
2.942500e-01 6.486243e+02 
2.954200e-01 6.448275e+02 
2.966500e-01 6.408761e+02 
2.978900e-01 6.369337e+02 
2.990400e-01 6.333139e+02 
3.002700e-01 6.294759e+02 
3.015100e-01 6.256439e+02 
3.026800e-01 6.220641e+02 
3.038500e-01 6.185187e+02 
3.050300e-01 6.149773e+02 
3.062600e-01 6.113204e+02 
3.075000e-01 6.076706e+02 
3.087000e-01 6.041734e+02 
3.099100e-01 6.006812e+02 
3.111200e-01 5.972245e+02 
3.123100e-01 5.938605e+02 
3.135300e-01 5.904446e+02 
3.147300e-01 5.871169e+02 
3.159900e-01 5.836567e+02 
3.171800e-01 5.804238e+02 
3.183700e-01 5.772234e+02 
3.196300e-01 5.738670e+02 
3.208400e-01 5.706748e+02 
3.220300e-01 5.675644e+02 
3.232000e-01 5.645399e+02 
3.244300e-01 5.613919e+02 
3.256700e-01 5.582483e+02 
3.269200e-01 5.551094e+02 
3.280800e-01 5.522230e+02 
3.292500e-01 5.493466e+02 
3.304800e-01 5.463528e+02 
3.317100e-01 5.433867e+02 
3.328900e-01 5.405667e+02 
3.340700e-01 5.377715e+02 
3.353600e-01 5.347532e+02 
3.365300e-01 5.320441e+02 
3.377100e-01 5.293354e+02 
3.389200e-01 5.265823e+02 
3.401600e-01 5.237861e+02 
3.413700e-01 5.210921e+02 
3.425300e-01 5.185387e+02 
3.437700e-01 5.158329e+02 
3.449800e-01 5.132158e+02 
3.461800e-01 5.106427e+02 
3.473600e-01 5.081383e+02 
3.485800e-01 5.055813e+02 
3.498100e-01 5.030258e+02 
3.510200e-01 5.005335e+02 
3.522000e-01 4.981235e+02 
3.533900e-01 4.957132e+02 
3.546400e-01 4.932175e+02 
3.558400e-01 4.908428e+02 
3.570600e-01 4.884488e+02 
3.582700e-01 4.860944e+02 
3.595000e-01 4.837212e+02 
3.607100e-01 4.814139e+02 
3.618900e-01 4.791882e+02 
3.631200e-01 4.768872e+02 
3.643200e-01 4.746609e+02 
3.655500e-01 4.723977e+02 
3.667300e-01 4.702442e+02 
3.679500e-01 4.680504e+02 
3.691900e-01 4.658389e+02 
3.703600e-01 4.637691e+02 
3.715700e-01 4.616455e+02 
3.727700e-01 4.595562e+02 
3.739900e-01 4.574541e+02 
3.752000e-01 4.553948e+02 
3.763900e-01 4.533855e+02 
3.775800e-01 4.513919e+02 
3.788200e-01 4.493309e+02 
3.800300e-01 4.473357e+02 
3.812100e-01 4.454108e+02 
3.824200e-01 4.434560e+02 
3.836100e-01 4.415483e+02 
3.848600e-01 4.395601e+02 
3.860400e-01 4.376979e+02 
3.872400e-01 4.358184e+02 
3.884600e-01 4.339300e+02 
3.896500e-01 4.321050e+02 
3.908700e-01 4.302483e+02 
3.920600e-01 4.284509e+02 
3.933100e-01 4.265773e+02 
3.945300e-01 4.247628e+02 
3.957200e-01 4.230140e+02 
3.969300e-01 4.212513e+02 
3.981700e-01 4.194586e+02 
3.993500e-01 4.177654e+02 
4.094840e-01 4.037272e+02 
4.272360e-01 3.812601e+02 
4.454600e-01 3.605306e+02 
4.630560e-01 3.424241e+02 
4.804610e-01 3.261052e+02 
4.980690e-01 3.109991e+02 
5.159230e-01 2.969511e+02 
5.317440e-01 2.854558e+02 
5.489640e-01 2.738660e+02 
5.671990e-01 2.625458e+02 
5.838690e-01 2.529648e+02 
6.018840e-01 2.433602e+02 
6.202330e-01 2.343097e+02 
6.379250e-01 2.262038e+02 
6.545410e-01 2.191210e+02 
6.714560e-01 2.123626e+02 
6.892080e-01 2.057351e+02 
7.066010e-01 1.996609e+02 
7.240540e-01 1.939386e+02 
7.420450e-01 1.884066e+02 
7.593780e-01 1.833913e+02 
7.764720e-01 1.787176e+02 
7.942840e-01 1.741166e+02 
8.116170e-01 1.698807e+02 
8.288310e-01 1.658898e+02 
8.462240e-01 1.620542e+02 
8.631980e-01 1.584864e+02 
8.810700e-01 1.549048e+02 
8.989410e-01 1.514889e+02 
9.166330e-01 1.482557e+02 
9.345640e-01 1.451211e+02 
9.515980e-01 1.422625e+02 
9.688720e-01 1.394752e+02 
9.865640e-01 1.367282e+02 
1.031870e+00 1.301462e+02 
1.063490e+00 1.258914e+02 
1.097920e+00 1.215426e+02 
1.134370e+00 1.172178e+02 
1.167730e+00 1.134926e+02 
1.203830e+00 1.096745e+02 
1.240470e+00 1.060194e+02 
1.275790e+00 1.026736e+02 
1.309140e+00 9.967865e+01 
1.342970e+00 9.676633e+01 
1.378420e+00 9.386448e+01 
1.413200e+00 9.114267e+01 
1.448110e+00 8.852986e+01 
1.484090e+00 8.595917e+01 
1.518820e+00 8.358230e+01 
1.552880e+00 8.134231e+01 
1.588630e+00 7.908719e+01 
1.623230e+00 7.699393e+01 
1.657720e+00 7.498826e+01 
1.692450e+00 7.304767e+01 
1.726400e+00 7.121620e+01 
1.762200e+00 6.935606e+01 
1.797880e+00 6.757373e+01 
1.833270e+00 6.587059e+01 
1.869070e+00 6.420962e+01 
1.903200e+00 6.268307e+01 
1.937740e+00 6.119107e+01 
1.973190e+00 5.971099e+01 
2.007440e+00 5.833032e+01 
2.042160e+00 5.697692e+01 
2.077900e+00 5.562884e+01 
2.112390e+00 5.437266e+01 
2.146220e+00 5.317649e+01 
2.181600e+00 5.196542e+01 
2.216930e+00 5.079519e+01 
2.250760e+00 4.970944e+01 
2.286500e+00 4.859775e+01 
2.321770e+00 4.753505e+01 
2.355950e+00 4.653620e+01 
2.391280e+00 4.553261e+01 
2.426240e+00 4.456957e+01 
2.460670e+00 4.364970e+01 
2.495640e+00 4.274333e+01 
2.531080e+00 4.184871e+01 
2.566220e+00 4.098761e+01 
2.600830e+00 4.016418e+01 
2.635080e+00 3.937259e+01 
2.670340e+00 3.857860e+01 
2.705970e+00 3.779909e+01 
2.740040e+00 3.707443e+01 
2.774520e+00 3.635920e+01 
2.809730e+00 3.564845e+01 
2.844390e+00 3.496827e+01 
2.879960e+00 3.428849e+01 
2.914860e+00 3.363864e+01 
2.949410e+00 3.301260e+01 
2.984440e+00 3.239346e+01 
3.019760e+00 3.178536e+01 
3.054730e+00 3.119941e+01 
3.089030e+00 3.063765e+01 
3.124060e+00 3.007880e+01 
3.159560e+00 2.952659e+01 
3.194710e+00 2.899323e+01 
3.229010e+00 2.848626e+01 
3.263320e+00 2.799015e+01 
3.297930e+00 2.750219e+01 
3.332830e+00 2.702146e+01 
3.368040e+00 2.654814e+01 
3.403300e+00 2.608582e+01 
3.438450e+00 2.563545e+01 
3.473060e+00 2.520308e+01 
3.508440e+00 2.477042e+01 
3.543110e+00 2.435697e+01 
3.577470e+00 2.395596e+01 
3.613040e+00 2.355073e+01 
3.648120e+00 2.315974e+01 
3.682910e+00 2.278104e+01 
3.718050e+00 2.240696e+01 
3.753320e+00 2.204020e+01 
3.787980e+00 2.168775e+01 
3.822290e+00 2.134655e+01 
3.857020e+00 2.100846e+01 
3.891920e+00 2.067621e+01 
3.926650e+00 2.035245e+01 
3.961970e+00 2.003059e+01 
3.997360e+00 1.971503e+01 
4.031670e+00 1.941586e+01 
4.066330e+00 1.911962e+01 
4.101420e+00 1.882637e+01 
4.136200e+00 1.854142e+01 
4.170810e+00 1.826407e+01 
4.206250e+00 1.798568e+01 
4.241580e+00 1.771415e+01 
4.276300e+00 1.745273e+01 
4.310970e+00 1.719705e+01 
4.346120e+00 1.694320e+01 
4.380600e+00 1.669921e+01 
4.414730e+00 1.646266e+01 
4.450350e+00 1.622053e+01 
4.485320e+00 1.598777e+01 
4.519810e+00 1.576265e+01 
4.555430e+00 1.553479e+01 
4.590870e+00 1.531270e+01 
4.625480e+00 1.510007e+01 
4.659910e+00 1.489271e+01 
4.695230e+00 1.468402e+01 
4.729960e+00 1.448284e+01 
4.764450e+00 1.428686e+01 
4.799530e+00 1.409128e+01 
4.834910e+00 1.389787e+01 
4.869700e+00 1.371132e+01 
4.904370e+00 1.352894e+01 
4.939450e+00 1.334789e+01 
4.973940e+00 1.317324e+01 
5.008430e+00 1.300182e+01 
5.043810e+00 1.282919e+01 
5.078840e+00 1.266141e+01 
5.113500e+00 1.249845e+01 
5.148890e+00 1.233518e+01 
5.184210e+00 1.217523e+01 
5.219060e+00 1.202028e+01 
5.253660e+00 1.186924e+01 
5.288570e+00 1.171954e+01 
5.323420e+00 1.157279e+01 
5.358440e+00 1.142797e+01 
5.393590e+00 1.128516e+01 
5.428310e+00 1.114666e+01 
5.462800e+00 1.101148e+01 
5.497640e+00 1.087725e+01 
5.532670e+00 1.074470e+01 
5.567280e+00 1.061598e+01 
5.602000e+00 1.048901e+01 
5.637270e+00 1.036235e+01 
5.672410e+00 1.023831e+01 
5.707020e+00 1.011817e+01 
5.742040e+00 9.998743e+00 
5.777430e+00 9.880078e+00 
5.812210e+00 9.765367e+00 
5.846820e+00 9.653177e+00 
5.881610e+00 9.542240e+00 
5.916510e+00 9.432730e+00 
5.951600e+00 9.324525e+00 
5.986560e+00 9.218498e+00 
6.021830e+00 9.113224e+00 
6.056490e+00 9.011525e+00 
6.091160e+00 8.911481e+00 
6.125830e+00 8.812975e+00 
6.161090e+00 8.714405e+00 
6.195760e+00 8.619111e+00 
6.230420e+00 8.525287e+00 
6.265690e+00 8.431270e+00 
6.300950e+00 8.338908e+00 
6.335620e+00 8.249456e+00 
6.370880e+00 8.159842e+00 
6.405550e+00 8.073197e+00 
6.440220e+00 7.987887e+00 
6.475480e+00 7.902403e+00 
6.510150e+00 7.819633e+00 
6.544810e+00 7.738204e+00 
6.580080e+00 7.656543e+00 
6.614750e+00 7.577429e+00 
6.649410e+00 7.499689e+00 
6.684080e+00 7.423071e+00 
6.719340e+00 7.346257e+00 
6.754010e+00 7.271848e+00 
6.788680e+00 7.198599e+00 
6.823940e+00 7.125146e+00 
6.859800e+00 7.051502e+00 
6.894470e+00 6.981448e+00 
6.929140e+00 6.912407e+00 
6.963800e+00 6.844324e+00 
6.999070e+00 6.776001e+00 
7.033730e+00 6.709927e+00 
7.068400e+00 6.644720e+00 
7.103660e+00 6.579296e+00 
7.138330e+00 6.515902e+00 
7.173600e+00 6.452418e+00 
7.208260e+00 6.390860e+00 
7.243530e+00 6.329048e+00 
7.277600e+00 6.270216e+00 
7.312860e+00 6.210212e+00 
7.348120e+00 6.150996e+00 
7.382790e+00 6.093526e+00 
7.417460e+00 6.036909e+00 
7.452720e+00 5.980130e+00 
7.487390e+00 5.925016e+00 
7.522650e+00 5.869678e+00 
7.557320e+00 5.816070e+00 
7.591990e+00 5.763174e+00 
7.627250e+00 5.710056e+00 
7.662510e+00 5.657608e+00 
7.697180e+00 5.606809e+00 
7.731850e+00 5.556683e+00 
7.766510e+00 5.507186e+00 
7.801180e+00 5.458279e+00 
7.836440e+00 5.409263e+00 
7.871110e+00 5.361724e+00 
7.906380e+00 5.313950e+00 
7.941040e+00 5.267570e+00 
7.976310e+00 5.220998e+00 
8.011570e+00 5.175067e+00 
8.046240e+00 5.130445e+00 
8.080900e+00 5.086361e+00 
8.115570e+00 5.042815e+00 
8.150830e+00 4.999173e+00 
8.185500e+00 4.956764e+00 
8.220770e+00 4.914127e+00 
8.255430e+00 4.872715e+00 
8.290100e+00 4.831889e+00 
8.324770e+00 4.791545e+00 
8.359430e+00 4.751673e+00 
8.394700e+00 4.711564e+00 
8.429960e+00 4.672004e+00 
8.464630e+00 4.633622e+00 
8.499890e+00 4.595030e+00 
8.534560e+00 4.557512e+00 
8.569200e+00 4.520443e+00 
