# Parameters:
# omega_b = 0.022287, omega_m = 0.123031, n_s = 0.857874, h = 84.055118, w = -1.000000, sigma_8 = 0.747244
# z = 1.100000
#
# k[1/Mpc] # P(k):
8.694000e-04 1.069012e+04 
2.077466e-03 2.039120e+04 
3.285532e-03 2.706372e+04 
4.493598e-03 3.159448e+04 
5.701664e-03 3.450233e+04 
6.909730e-03 3.617097e+04 
8.117797e-03 3.694766e+04 
9.325863e-03 3.700881e+04 
1.053393e-02 3.651334e+04 
1.174199e-02 3.559618e+04 
1.295006e-02 3.434358e+04 
1.415813e-02 3.286255e+04 
1.536619e-02 3.123779e+04 
1.657426e-02 2.952063e+04 
1.778233e-02 2.772520e+04 
1.899039e-02 2.589843e+04 
2.019846e-02 2.414037e+04 
2.140652e-02 2.252034e+04 
2.261459e-02 2.103268e+04 
2.382266e-02 1.967587e+04 
2.503072e-02 1.845193e+04 
2.623879e-02 1.735706e+04 
2.744685e-02 1.638863e+04 
2.865492e-02 1.553685e+04 
2.986299e-02 1.479094e+04 
3.100100e-02 1.417927e+04 
3.220400e-02 1.361649e+04 
3.288100e-02 1.333579e+04 
3.424300e-02 1.283523e+04 
3.555100e-02 1.242057e+04 
3.686000e-02 1.205906e+04 
3.795000e-02 1.178860e+04 
3.929100e-02 1.148491e+04 
4.039800e-02 1.124828e+04 
4.164000e-02 1.099103e+04 
4.294400e-02 1.071707e+04 
4.415000e-02 1.046101e+04 
4.542900e-02 1.017279e+04 
4.660900e-02 9.898730e+03 
4.782300e-02 9.593301e+03 
4.892900e-02 9.306278e+03 
5.031200e-02 8.931917e+03 
5.155900e-02 8.581467e+03 
5.238100e-02 8.347187e+03 
5.378200e-02 7.946064e+03 
5.513400e-02 7.560374e+03 
5.627600e-02 7.240477e+03 
5.735300e-02 6.947521e+03 
5.870100e-02 6.596233e+03 
5.988700e-02 6.304606e+03 
6.113500e-02 6.017119e+03 
6.225900e-02 5.777512e+03 
6.340100e-02 5.554166e+03 
6.480200e-02 5.306308e+03 
6.601100e-02 5.118381e+03 
6.725500e-02 4.948164e+03 
6.829100e-02 4.825308e+03 
6.958600e-02 4.689448e+03 
7.071100e-02 4.588279e+03 
7.192300e-02 4.493495e+03 
7.307400e-02 4.415121e+03 
7.412300e-02 4.351812e+03 
7.550400e-02 4.278697e+03 
7.663100e-02 4.224477e+03 
7.791200e-02 4.167524e+03 
7.912700e-02 4.114925e+03 
8.027600e-02 4.064782e+03 
8.138400e-02 4.015149e+03 
8.272200e-02 3.952033e+03 
8.406100e-02 3.884362e+03 
8.534100e-02 3.812982e+03 
8.653800e-02 3.740287e+03 
8.759800e-02 3.672674e+03 
8.900300e-02 3.577901e+03 
9.009000e-02 3.500409e+03 
9.113300e-02 3.422819e+03 
9.239600e-02 3.327573e+03 
9.358000e-02 3.236574e+03 
9.496100e-02 3.129174e+03 
9.608400e-02 3.043027e+03 
9.727500e-02 2.953426e+03 
9.852600e-02 2.861501e+03 
9.973800e-02 2.776277e+03 
1.009000e-01 2.697933e+03 
1.020900e-01 2.623515e+03 
1.034000e-01 2.546705e+03 
1.046000e-01 2.481163e+03 
1.057200e-01 2.426841e+03 
1.069100e-01 2.372780e+03 
1.082500e-01 2.319634e+03 
1.093900e-01 2.279543e+03 
1.105400e-01 2.242356e+03 
1.116900e-01 2.211102e+03 
1.129600e-01 2.179077e+03 
1.142000e-01 2.152398e+03 
1.153300e-01 2.129737e+03 
1.166400e-01 2.105756e+03 
1.177800e-01 2.085841e+03 
1.190000e-01 2.065253e+03 
1.201200e-01 2.045631e+03 
1.213400e-01 2.024557e+03 
1.227100e-01 1.998070e+03 
1.238900e-01 1.974896e+03 
1.250700e-01 1.949151e+03 
1.263200e-01 1.921175e+03 
1.275500e-01 1.891318e+03 
1.287500e-01 1.861398e+03 
1.299900e-01 1.828879e+03 
1.311300e-01 1.798557e+03 
1.323500e-01 1.765171e+03 
1.335900e-01 1.731380e+03 
1.347100e-01 1.700658e+03 
1.359800e-01 1.666448e+03 
1.372100e-01 1.633694e+03 
1.384300e-01 1.602112e+03 
1.395700e-01 1.573506e+03 
1.407700e-01 1.544204e+03 
1.420300e-01 1.515123e+03 
1.432800e-01 1.486988e+03 
1.444500e-01 1.462646e+03 
1.456300e-01 1.438643e+03 
1.468900e-01 1.414879e+03 
1.480500e-01 1.393862e+03 
1.491700e-01 1.374652e+03 
1.503800e-01 1.355174e+03 
1.516400e-01 1.335582e+03 
1.528200e-01 1.318753e+03 
1.540200e-01 1.301975e+03 
1.551900e-01 1.286795e+03 
1.564300e-01 1.271226e+03 
1.576600e-01 1.256377e+03 
1.588700e-01 1.242401e+03 
1.600900e-01 1.228584e+03 
1.612700e-01 1.215632e+03 
1.625400e-01 1.201952e+03 
1.637600e-01 1.188885e+03 
1.649500e-01 1.176268e+03 
1.662200e-01 1.162955e+03 
1.674000e-01 1.150275e+03 
1.685000e-01 1.138655e+03 
1.697500e-01 1.125267e+03 
1.710300e-01 1.111404e+03 
1.722200e-01 1.098752e+03 
1.734400e-01 1.085179e+03 
1.746400e-01 1.072036e+03 
1.758700e-01 1.058594e+03 
1.770900e-01 1.045074e+03 
1.782700e-01 1.032232e+03 
1.794600e-01 1.019279e+03 
1.807000e-01 1.005872e+03 
1.819100e-01 9.930274e+02 
1.830100e-01 9.814941e+02 
1.842200e-01 9.690133e+02 
1.855000e-01 9.560588e+02 
1.867000e-01 9.443201e+02 
1.879200e-01 9.325927e+02 
1.890900e-01 9.215971e+02 
1.902800e-01 9.109092e+02 
1.915200e-01 8.999602e+02 
1.926900e-01 8.899058e+02 
1.939000e-01 8.800163e+02 
1.951700e-01 8.698093e+02 
1.963100e-01 8.608978e+02 
1.975100e-01 8.519380e+02 
1.987800e-01 8.426078e+02 
2.000100e-01 8.338062e+02 
2.012500e-01 8.252786e+02 
2.023400e-01 8.178932e+02 
2.036100e-01 8.094458e+02 
2.048900e-01 8.011831e+02 
2.060400e-01 7.938712e+02 
2.072200e-01 7.864778e+02 
2.084200e-01 7.790899e+02 
2.096900e-01 7.713884e+02 
2.109200e-01 7.640421e+02 
2.121100e-01 7.569625e+02 
2.132700e-01 7.501548e+02 
2.145200e-01 7.429243e+02 
2.157200e-01 7.360103e+02 
2.168800e-01 7.293862e+02 
2.180700e-01 7.226850e+02 
2.193400e-01 7.155974e+02 
2.206000e-01 7.085974e+02 
2.217500e-01 7.022983e+02 
2.229500e-01 6.958149e+02 
2.241400e-01 6.894045e+02 
2.253500e-01 6.829748e+02 
2.264900e-01 6.769987e+02 
2.277100e-01 6.706811e+02 
2.289900e-01 6.641377e+02 
2.301500e-01 6.582896e+02 
2.313600e-01 6.522710e+02 
2.325600e-01 6.464139e+02 
2.337700e-01 6.405872e+02 
2.350000e-01 6.347442e+02 
2.362000e-01 6.291530e+02 
2.374100e-01 6.236287e+02 
2.386500e-01 6.180426e+02 
2.399100e-01 6.124431e+02 
2.410400e-01 6.075569e+02 
2.422500e-01 6.023990e+02 
2.435000e-01 5.971399e+02 
2.447300e-01 5.920501e+02 
2.458700e-01 5.874607e+02 
2.470600e-01 5.827280e+02 
2.483300e-01 5.777413e+02 
2.495600e-01 5.730027e+02 
2.507600e-01 5.684766e+02 
2.519600e-01 5.640055e+02 
2.532200e-01 5.593692e+02 
2.543700e-01 5.552176e+02 
2.555500e-01 5.510268e+02 
2.568000e-01 5.466408e+02 
2.580100e-01 5.424469e+02 
2.592400e-01 5.382534e+02 
2.604100e-01 5.343194e+02 
2.616100e-01 5.303311e+02 
2.628400e-01 5.262913e+02 
2.640600e-01 5.223336e+02 
2.652200e-01 5.186145e+02 
2.664300e-01 5.147790e+02 
2.676500e-01 5.109565e+02 
2.688400e-01 5.072656e+02 
2.700700e-01 5.034910e+02 
2.712400e-01 4.999410e+02 
2.724800e-01 4.962211e+02 
2.736700e-01 4.926845e+02 
2.748800e-01 4.891213e+02 
2.761000e-01 4.855690e+02 
2.773200e-01 4.820566e+02 
2.785400e-01 4.785780e+02 
2.797000e-01 4.752950e+02 
2.808900e-01 4.719631e+02 
2.821400e-01 4.685020e+02 
2.833900e-01 4.650791e+02 
2.845500e-01 4.619198e+02 
2.857800e-01 4.586058e+02 
2.870300e-01 4.552753e+02 
2.882100e-01 4.521652e+02 
2.893900e-01 4.490801e+02 
2.906300e-01 4.458687e+02 
2.918900e-01 4.426415e+02 
2.930500e-01 4.397018e+02 
2.942500e-01 4.366905e+02 
2.954200e-01 4.337791e+02 
2.966500e-01 4.307503e+02 
2.978900e-01 4.277295e+02 
2.990400e-01 4.249567e+02 
3.002700e-01 4.220190e+02 
3.015100e-01 4.190875e+02 
3.026800e-01 4.163499e+02 
3.038500e-01 4.136394e+02 
3.050300e-01 4.109330e+02 
3.062600e-01 4.081422e+02 
3.075000e-01 4.053579e+02 
3.087000e-01 4.026909e+02 
3.099100e-01 4.000286e+02 
3.111200e-01 3.973960e+02 
3.123100e-01 3.948376e+02 
3.135300e-01 3.922407e+02 
3.147300e-01 3.897117e+02 
3.159900e-01 3.870828e+02 
3.171800e-01 3.846314e+02 
3.183700e-01 3.822079e+02 
3.196300e-01 3.796672e+02 
3.208400e-01 3.772515e+02 
3.220300e-01 3.748985e+02 
3.232000e-01 3.726155e+02 
3.244300e-01 3.702415e+02 
3.256700e-01 3.678716e+02 
3.269200e-01 3.655060e+02 
3.280800e-01 3.633315e+02 
3.292500e-01 3.611691e+02 
3.304800e-01 3.589204e+02 
3.317100e-01 3.566932e+02 
3.328900e-01 3.545763e+02 
3.340700e-01 3.524787e+02 
3.353600e-01 3.502190e+02 
3.365300e-01 3.481933e+02 
3.377100e-01 3.461684e+02 
3.389200e-01 3.441108e+02 
3.401600e-01 3.420216e+02 
3.413700e-01 3.400120e+02 
3.425300e-01 3.381096e+02 
3.437700e-01 3.360942e+02 
3.449800e-01 3.341453e+02 
3.461800e-01 3.322299e+02 
3.473600e-01 3.303671e+02 
3.485800e-01 3.284686e+02 
3.498100e-01 3.265717e+02 
3.510200e-01 3.247222e+02 
3.522000e-01 3.229342e+02 
3.533900e-01 3.211465e+02 
3.546400e-01 3.192988e+02 
3.558400e-01 3.175414e+02 
3.570600e-01 3.157702e+02 
3.582700e-01 3.140286e+02 
3.595000e-01 3.122736e+02 
3.607100e-01 3.105690e+02 
3.618900e-01 3.089262e+02 
3.631200e-01 3.072282e+02 
3.643200e-01 3.055857e+02 
3.655500e-01 3.039164e+02 
3.667300e-01 3.023284e+02 
3.679500e-01 3.007127e+02 
3.691900e-01 2.990844e+02 
3.703600e-01 2.975607e+02 
3.715700e-01 2.959978e+02 
3.727700e-01 2.944605e+02 
3.739900e-01 2.929143e+02 
3.752000e-01 2.914006e+02 
3.763900e-01 2.899239e+02 
3.775800e-01 2.884590e+02 
3.788200e-01 2.869450e+02 
3.800300e-01 2.854797e+02 
3.812100e-01 2.840668e+02 
3.824200e-01 2.826327e+02 
3.836100e-01 2.812335e+02 
3.848600e-01 2.797756e+02 
3.860400e-01 2.784103e+02 
3.872400e-01 2.770327e+02 
3.884600e-01 2.756494e+02 
3.896500e-01 2.743131e+02 
3.908700e-01 2.729537e+02 
3.920600e-01 2.716381e+02 
3.933100e-01 2.702670e+02 
3.945300e-01 2.689395e+02 
3.957200e-01 2.676604e+02 
3.969300e-01 2.663715e+02 
3.981700e-01 2.650609e+02 
3.993500e-01 2.638232e+02 
4.094840e-01 2.535825e+02 
4.272360e-01 2.372567e+02 
4.454600e-01 2.222937e+02 
4.630560e-01 2.093213e+02 
4.804610e-01 1.977234e+02 
4.980690e-01 1.870745e+02 
5.159230e-01 1.772539e+02 
5.317440e-01 1.692751e+02 
5.489640e-01 1.612876e+02 
5.671990e-01 1.535377e+02 
5.838690e-01 1.470144e+02 
6.018840e-01 1.405115e+02 
6.202330e-01 1.344173e+02 
6.379250e-01 1.289794e+02 
6.545410e-01 1.242499e+02 
6.714560e-01 1.197554e+02 
6.892080e-01 1.153615e+02 
7.066010e-01 1.113525e+02 
7.240540e-01 1.075879e+02 
7.420450e-01 1.039660e+02 
7.593780e-01 1.006969e+02 
7.764720e-01 9.766269e+01 
7.942840e-01 9.468817e+01 
8.116170e-01 9.196441e+01 
8.288310e-01 8.941223e+01 
8.462240e-01 8.697165e+01 
8.631980e-01 8.471472e+01 
8.810700e-01 8.246058e+01 
8.989410e-01 8.032388e+01 
9.166330e-01 7.831340e+01 
9.345640e-01 7.637544e+01 
9.515980e-01 7.462066e+01 
9.688720e-01 7.292054e+01 
9.865640e-01 7.125674e+01 
1.031870e+00 6.731244e+01 
1.063490e+00 6.480006e+01 
1.097920e+00 6.226167e+01 
1.134370e+00 5.976873e+01 
1.167730e+00 5.764687e+01 
1.203830e+00 5.549980e+01 
1.240470e+00 5.346500e+01 
1.275790e+00 5.162578e+01 
1.309140e+00 4.999139e+01 
1.342970e+00 4.842142e+01 
1.378420e+00 4.686809e+01 
1.413200e+00 4.542447e+01 
1.448110e+00 4.404965e+01 
1.484090e+00 4.270644e+01 
1.518820e+00 4.147347e+01 
1.552880e+00 4.031948e+01 
1.588630e+00 3.916420e+01 
1.623230e+00 3.809807e+01 
1.657720e+00 3.708144e+01 
1.692450e+00 3.610219e+01 
1.726400e+00 3.518309e+01 
1.762200e+00 3.425383e+01 
1.797880e+00 3.336646e+01 
1.833270e+00 3.252189e+01 
1.869070e+00 3.170147e+01 
1.903200e+00 3.094913e+01 
1.937740e+00 3.021597e+01 
1.973190e+00 2.949103e+01 
2.007440e+00 2.881616e+01 
2.042160e+00 2.815601e+01 
2.077900e+00 2.750022e+01 
2.112390e+00 2.688977e+01 
2.146220e+00 2.631016e+01 
2.181600e+00 2.572388e+01 
2.216930e+00 2.515835e+01 
2.250760e+00 2.463431e+01 
2.286500e+00 2.409838e+01 
2.321770e+00 2.358666e+01 
2.355950e+00 2.310591e+01 
2.391280e+00 2.262363e+01 
2.426240e+00 2.216089e+01 
2.460670e+00 2.171909e+01 
2.495640e+00 2.128408e+01 
2.531080e+00 2.085512e+01 
2.566220e+00 2.044233e+01 
2.600830e+00 2.004757e+01 
2.635080e+00 1.966801e+01 
2.670340e+00 1.928733e+01 
2.705970e+00 1.891369e+01 
2.740040e+00 1.856641e+01 
2.774520e+00 1.822372e+01 
2.809730e+00 1.788297e+01 
2.844390e+00 1.755671e+01 
2.879960e+00 1.723048e+01 
2.914860e+00 1.691862e+01 
2.949410e+00 1.661808e+01 
2.984440e+00 1.632055e+01 
3.019760e+00 1.602834e+01 
3.054730e+00 1.574672e+01 
3.089030e+00 1.547630e+01 
3.124060e+00 1.520720e+01 
3.159560e+00 1.494125e+01 
3.194710e+00 1.468406e+01 
3.229010e+00 1.443941e+01 
3.263320e+00 1.419961e+01 
3.297930e+00 1.396371e+01 
3.332830e+00 1.373132e+01 
3.368040e+00 1.350214e+01 
3.403300e+00 1.327800e+01 
3.438450e+00 1.305937e+01 
3.473060e+00 1.284936e+01 
3.508440e+00 1.263900e+01 
3.543110e+00 1.243784e+01 
3.577470e+00 1.224234e+01 
3.613040e+00 1.204469e+01 
3.648120e+00 1.185383e+01 
3.682910e+00 1.166879e+01 
3.718050e+00 1.148571e+01 
3.753320e+00 1.130604e+01 
3.787980e+00 1.113318e+01 
3.822290e+00 1.096564e+01 
3.857020e+00 1.079937e+01 
3.891920e+00 1.063582e+01 
3.926650e+00 1.047624e+01 
3.961970e+00 1.031743e+01 
3.997360e+00 1.016143e+01 
4.031670e+00 1.001345e+01 
4.066330e+00 9.866728e+00 
4.101420e+00 9.721431e+00 
4.136200e+00 9.579898e+00 
4.170810e+00 9.442097e+00 
4.206250e+00 9.303532e+00 
4.241580e+00 9.168299e+00 
4.276300e+00 9.037885e+00 
4.310970e+00 8.910196e+00 
4.346120e+00 8.783296e+00 
4.380600e+00 8.661140e+00 
4.414730e+00 8.542666e+00 
4.450350e+00 8.421077e+00 
4.485320e+00 8.304166e+00 
4.519810e+00 8.190895e+00 
4.555430e+00 8.076145e+00 
4.590870e+00 7.964201e+00 
4.625480e+00 7.856857e+00 
4.659910e+00 7.752154e+00 
4.695230e+00 7.646526e+00 
4.729960e+00 7.544642e+00 
4.764450e+00 7.445287e+00 
4.799530e+00 7.345976e+00 
4.834910e+00 7.247746e+00 
4.869700e+00 7.152811e+00 
4.904370e+00 7.059947e+00 
4.939450e+00 6.967694e+00 
4.973940e+00 6.878543e+00 
5.008430e+00 6.791024e+00 
5.043810e+00 6.702744e+00 
5.078840e+00 6.616860e+00 
5.113500e+00 6.533425e+00 
5.148890e+00 6.449660e+00 
5.184210e+00 6.367576e+00 
5.219060e+00 6.288002e+00 
5.253660e+00 6.210296e+00 
5.288570e+00 6.133271e+00 
5.323420e+00 6.057685e+00 
5.358440e+00 5.983012e+00 
5.393590e+00 5.909368e+00 
5.428310e+00 5.837833e+00 
5.462800e+00 5.767955e+00 
5.497640e+00 5.698563e+00 
5.532670e+00 5.629923e+00 
5.567280e+00 5.563229e+00 
5.602000e+00 5.497437e+00 
5.637270e+00 5.431711e+00 
5.672410e+00 5.367320e+00 
5.707020e+00 5.304945e+00 
5.742040e+00 5.242839e+00 
5.777430e+00 5.181103e+00 
5.812210e+00 5.121420e+00 
5.846820e+00 5.062980e+00 
5.881610e+00 5.005172e+00 
5.916510e+00 4.948106e+00 
5.951600e+00 4.891648e+00 
5.986560e+00 4.836292e+00 
6.021830e+00 4.781329e+00 
6.056490e+00 4.728184e+00 
6.091160e+00 4.675862e+00 
6.125830e+00 4.624344e+00 
6.161090e+00 4.572774e+00 
6.195760e+00 4.522881e+00 
6.230420e+00 4.473757e+00 
6.265690e+00 4.424528e+00 
6.300950e+00 4.376097e+00 
6.335620e+00 4.329191e+00 
6.370880e+00 4.282200e+00 
6.405550e+00 4.236738e+00 
6.440220e+00 4.191964e+00 
6.475480e+00 4.147099e+00 
6.510150e+00 4.103643e+00 
6.544810e+00 4.060855e+00 
6.580080e+00 4.017945e+00 
6.614750e+00 3.976375e+00 
6.649410e+00 3.935506e+00 
6.684080e+00 3.895223e+00 
6.719340e+00 3.854837e+00 
6.754010e+00 3.815709e+00 
6.788680e+00 3.777175e+00 
6.823940e+00 3.738535e+00 
6.859800e+00 3.699795e+00 
6.894470e+00 3.662932e+00 
6.929140e+00 3.626600e+00 
6.963800e+00 3.590772e+00 
6.999070e+00 3.554817e+00 
7.033730e+00 3.520029e+00 
7.068400e+00 3.485699e+00 
7.103660e+00 3.451256e+00 
7.138330e+00 3.417882e+00 
7.173600e+00 3.384464e+00 
7.208260e+00 3.352061e+00 
7.243530e+00 3.319525e+00 
7.277600e+00 3.288560e+00 
7.312860e+00 3.256981e+00 
7.348120e+00 3.225817e+00 
7.382790e+00 3.195574e+00 
7.417460e+00 3.165777e+00 
7.452720e+00 3.135895e+00 
7.487390e+00 3.106890e+00 
7.522650e+00 3.077767e+00 
7.557320e+00 3.049570e+00 
7.591990e+00 3.021754e+00 
7.627250e+00 2.993820e+00 
7.662510e+00 2.966240e+00 
7.697180e+00 2.939533e+00 
7.731850e+00 2.913184e+00 
7.766510e+00 2.887165e+00 
7.801180e+00 2.861456e+00 
7.836440e+00 2.835705e+00 
7.871110e+00 2.810739e+00 
7.906380e+00 2.785650e+00 
7.941040e+00 2.761293e+00 
7.976310e+00 2.736847e+00 
8.011570e+00 2.712750e+00 
8.046240e+00 2.689339e+00 
8.080900e+00 2.666211e+00 
8.115570e+00 2.643370e+00 
8.150830e+00 2.620496e+00 
8.185500e+00 2.598268e+00 
8.220770e+00 2.575920e+00 
8.255430e+00 2.554215e+00 
8.290100e+00 2.532841e+00 
8.324770e+00 2.511722e+00 
8.359430e+00 2.490850e+00 
8.394700e+00 2.469853e+00 
8.429960e+00 2.449158e+00 
8.464630e+00 2.429094e+00 
8.499890e+00 2.408920e+00 
8.534560e+00 2.389307e+00 
8.569200e+00 2.369928e+00 
