# Parameters:
# omega_b = 0.022098, omega_m = 0.123307, n_s = 0.950787, h = 73.897638, w = -1.000000, sigma_8 = 0.789764
# z = 1.300000
#
# k[1/Mpc] # P(k):
8.694000e-04 6.951152e+03 
2.077466e-03 1.445067e+04 
3.285532e-03 2.002392e+04 
4.493598e-03 2.407300e+04 
5.701664e-03 2.688474e+04 
6.909730e-03 2.870029e+04 
8.117797e-03 2.976406e+04 
9.325863e-03 3.020349e+04 
1.053393e-02 3.014085e+04 
1.174199e-02 2.968473e+04 
1.295006e-02 2.890482e+04 
1.415813e-02 2.789055e+04 
1.536619e-02 2.671688e+04 
1.657426e-02 2.543472e+04 
1.778233e-02 2.408888e+04 
1.899039e-02 2.274251e+04 
2.019846e-02 2.142770e+04 
2.140652e-02 2.017144e+04 
2.261459e-02 1.898824e+04 
2.382266e-02 1.789383e+04 
2.503072e-02 1.689674e+04 
2.623879e-02 1.599729e+04 
2.744685e-02 1.519523e+04 
2.865492e-02 1.448536e+04 
2.986299e-02 1.386008e+04 
3.100100e-02 1.334462e+04 
3.220400e-02 1.286792e+04 
3.288100e-02 1.262907e+04 
3.424300e-02 1.220079e+04 
3.555100e-02 1.184346e+04 
3.686000e-02 1.152908e+04 
3.795000e-02 1.129174e+04 
3.929100e-02 1.102217e+04 
4.039800e-02 1.080997e+04 
4.164000e-02 1.057746e+04 
4.294400e-02 1.032768e+04 
4.415000e-02 1.009346e+04 
4.542900e-02 9.829399e+03 
4.660900e-02 9.578317e+03 
4.782300e-02 9.299143e+03 
4.892900e-02 9.037133e+03 
5.031200e-02 8.696276e+03 
5.155900e-02 8.377776e+03 
5.238100e-02 8.165048e+03 
5.378200e-02 7.801147e+03 
5.513400e-02 7.451422e+03 
5.627600e-02 7.161473e+03 
5.735300e-02 6.895951e+03 
5.870100e-02 6.577634e+03 
5.988700e-02 6.313307e+03 
6.113500e-02 6.052371e+03 
6.225900e-02 5.834237e+03 
6.340100e-02 5.629669e+03 
6.480200e-02 5.400655e+03 
6.601100e-02 5.224715e+03 
6.725500e-02 5.063013e+03 
6.829100e-02 4.944248e+03 
6.958600e-02 4.811174e+03 
7.071100e-02 4.710317e+03 
7.192300e-02 4.614409e+03 
7.307400e-02 4.533993e+03 
7.412300e-02 4.468329e+03 
7.550400e-02 4.391755e+03 
7.663100e-02 4.334740e+03 
7.791200e-02 4.274957e+03 
7.912700e-02 4.220273e+03 
8.027600e-02 4.168802e+03 
8.138400e-02 4.118495e+03 
8.272200e-02 4.055437e+03 
8.406100e-02 3.988714e+03 
8.534100e-02 3.919131e+03 
8.653800e-02 3.848713e+03 
8.759800e-02 3.783364e+03 
8.900300e-02 3.691880e+03 
9.009000e-02 3.617072e+03 
9.113300e-02 3.542042e+03 
9.239600e-02 3.449771e+03 
9.358000e-02 3.361391e+03 
9.496100e-02 3.256700e+03 
9.608400e-02 3.172487e+03 
9.727500e-02 3.084691e+03 
9.852600e-02 2.994289e+03 
9.973800e-02 2.910282e+03 
1.009000e-01 2.832889e+03 
1.020900e-01 2.759155e+03 
1.034000e-01 2.682883e+03 
1.046000e-01 2.617645e+03 
1.057200e-01 2.563407e+03 
1.069100e-01 2.509329e+03 
1.082500e-01 2.455925e+03 
1.093900e-01 2.415461e+03 
1.105400e-01 2.377817e+03 
1.116900e-01 2.345891e+03 
1.129600e-01 2.313060e+03 
1.142000e-01 2.285391e+03 
1.153300e-01 2.261743e+03 
1.166400e-01 2.236478e+03 
1.177800e-01 2.215330e+03 
1.190000e-01 2.193386e+03 
1.201200e-01 2.172400e+03 
1.213400e-01 2.149847e+03 
1.227100e-01 2.121591e+03 
1.238900e-01 2.096923e+03 
1.250700e-01 2.069698e+03 
1.263200e-01 2.040219e+03 
1.275500e-01 2.008977e+03 
1.287500e-01 1.977803e+03 
1.299900e-01 1.944123e+03 
1.311300e-01 1.912859e+03 
1.323500e-01 1.878638e+03 
1.335900e-01 1.844135e+03 
1.347100e-01 1.812944e+03 
1.359800e-01 1.778315e+03 
1.372100e-01 1.745383e+03 
1.384300e-01 1.713684e+03 
1.395700e-01 1.685137e+03 
1.407700e-01 1.655890e+03 
1.420300e-01 1.627036e+03 
1.432800e-01 1.599095e+03 
1.444500e-01 1.574988e+03 
1.456300e-01 1.551197e+03 
1.468900e-01 1.527557e+03 
1.480500e-01 1.506614e+03 
1.491700e-01 1.487375e+03 
1.503800e-01 1.467744e+03 
1.516400e-01 1.447931e+03 
1.528200e-01 1.430652e+03 
1.540200e-01 1.413420e+03 
1.551900e-01 1.397532e+03 
1.564300e-01 1.381159e+03 
1.576600e-01 1.365397e+03 
1.588700e-01 1.350381e+03 
1.600900e-01 1.335524e+03 
1.612700e-01 1.321390e+03 
1.625400e-01 1.306462e+03 
1.637600e-01 1.292168e+03 
1.649500e-01 1.278347e+03 
1.662200e-01 1.263778e+03 
1.674000e-01 1.249986e+03 
1.685000e-01 1.237348e+03 
1.697500e-01 1.222885e+03 
1.710300e-01 1.208002e+03 
1.722200e-01 1.194418e+03 
1.734400e-01 1.180087e+03 
1.746400e-01 1.166217e+03 
1.758700e-01 1.152095e+03 
1.770900e-01 1.138018e+03 
1.782700e-01 1.124642e+03 
1.794600e-01 1.111232e+03 
1.807000e-01 1.097401e+03 
1.819100e-01 1.084146e+03 
1.830100e-01 1.072285e+03 
1.842200e-01 1.059453e+03 
1.855000e-01 1.046128e+03 
1.867000e-01 1.034052e+03 
1.879200e-01 1.021982e+03 
1.890900e-01 1.010652e+03 
1.902800e-01 9.995858e+02 
1.915200e-01 9.882457e+02 
1.926900e-01 9.778102e+02 
1.939000e-01 9.674833e+02 
1.951700e-01 9.568216e+02 
1.963100e-01 9.474916e+02 
1.975100e-01 9.380573e+02 
1.987800e-01 9.282310e+02 
2.000100e-01 9.189411e+02 
2.012500e-01 9.098968e+02 
2.023400e-01 9.020625e+02 
2.036100e-01 8.930942e+02 
2.048900e-01 8.842976e+02 
2.060400e-01 8.765120e+02 
2.072200e-01 8.686382e+02 
2.084200e-01 8.607634e+02 
2.096900e-01 8.525532e+02 
2.109200e-01 8.447205e+02 
2.121100e-01 8.371787e+02 
2.132700e-01 8.299258e+02 
2.145200e-01 8.222214e+02 
2.157200e-01 8.148562e+02 
2.168800e-01 8.078002e+02 
2.180700e-01 8.006608e+02 
2.193400e-01 7.931036e+02 
2.206000e-01 7.856292e+02 
2.217500e-01 7.789021e+02 
2.229500e-01 7.719771e+02 
2.241400e-01 7.650954e+02 
2.253500e-01 7.581910e+02 
2.264900e-01 7.517728e+02 
2.277100e-01 7.449579e+02 
2.289900e-01 7.378666e+02 
2.301500e-01 7.315281e+02 
2.313600e-01 7.250034e+02 
2.325600e-01 7.185805e+02 
2.337700e-01 7.121905e+02 
2.350000e-01 7.057822e+02 
2.362000e-01 6.996123e+02 
2.374100e-01 6.934715e+02 
2.386500e-01 6.872621e+02 
2.399100e-01 6.810377e+02 
2.410400e-01 6.755521e+02 
2.422500e-01 6.697548e+02 
2.435000e-01 6.638441e+02 
2.447300e-01 6.581147e+02 
2.458700e-01 6.529122e+02 
2.470600e-01 6.475477e+02 
2.483300e-01 6.418959e+02 
2.495600e-01 6.365186e+02 
2.507600e-01 6.313732e+02 
2.519600e-01 6.262908e+02 
2.532200e-01 6.210212e+02 
2.543700e-01 6.163083e+02 
2.555500e-01 6.115549e+02 
2.568000e-01 6.065806e+02 
2.580100e-01 6.018245e+02 
2.592400e-01 5.970904e+02 
2.604100e-01 5.926590e+02 
2.616100e-01 5.881665e+02 
2.628400e-01 5.836163e+02 
2.640600e-01 5.791910e+02 
2.652200e-01 5.750452e+02 
2.664300e-01 5.707697e+02 
2.676500e-01 5.665088e+02 
2.688400e-01 5.624206e+02 
2.700700e-01 5.582560e+02 
2.712400e-01 5.543391e+02 
2.724800e-01 5.502347e+02 
2.736700e-01 5.463526e+02 
2.748800e-01 5.424619e+02 
2.761000e-01 5.385829e+02 
2.773200e-01 5.347473e+02 
2.785400e-01 5.309583e+02 
2.797000e-01 5.274026e+02 
2.808900e-01 5.237937e+02 
2.821400e-01 5.200444e+02 
2.833900e-01 5.163374e+02 
2.845500e-01 5.129373e+02 
2.857800e-01 5.093704e+02 
2.870300e-01 5.057852e+02 
2.882100e-01 5.024371e+02 
2.893900e-01 4.991259e+02 
2.906300e-01 4.956843e+02 
2.918900e-01 4.922253e+02 
2.930500e-01 4.890742e+02 
2.942500e-01 4.858479e+02 
2.954200e-01 4.827351e+02 
2.966500e-01 4.794964e+02 
2.978900e-01 4.762657e+02 
2.990400e-01 4.733000e+02 
3.002700e-01 4.701610e+02 
3.015100e-01 4.670298e+02 
3.026800e-01 4.641054e+02 
3.038500e-01 4.612096e+02 
3.050300e-01 4.583177e+02 
3.062600e-01 4.553365e+02 
3.075000e-01 4.523618e+02 
3.087000e-01 4.495120e+02 
3.099100e-01 4.466669e+02 
3.111200e-01 4.438528e+02 
3.123100e-01 4.411169e+02 
3.135300e-01 4.383395e+02 
3.147300e-01 4.356343e+02 
3.159900e-01 4.328220e+02 
3.171800e-01 4.301970e+02 
3.183700e-01 4.276003e+02 
3.196300e-01 4.248775e+02 
3.208400e-01 4.222885e+02 
3.220300e-01 4.197663e+02 
3.232000e-01 4.173164e+02 
3.244300e-01 4.147677e+02 
3.256700e-01 4.122231e+02 
3.269200e-01 4.096828e+02 
3.280800e-01 4.073474e+02 
3.292500e-01 4.050220e+02 
3.304800e-01 4.026028e+02 
3.317100e-01 4.002063e+02 
3.328900e-01 3.979283e+02 
3.340700e-01 3.956708e+02 
3.353600e-01 3.932353e+02 
3.365300e-01 3.910505e+02 
3.377100e-01 3.888664e+02 
3.389200e-01 3.866468e+02 
3.401600e-01 3.843930e+02 
3.413700e-01 3.822220e+02 
3.425300e-01 3.801648e+02 
3.437700e-01 3.779852e+02 
3.449800e-01 3.758774e+02 
3.461800e-01 3.738054e+02 
3.473600e-01 3.717894e+02 
3.485800e-01 3.697323e+02 
3.498100e-01 3.676767e+02 
3.510200e-01 3.656723e+02 
3.522000e-01 3.637343e+02 
3.533900e-01 3.617965e+02 
3.546400e-01 3.597901e+02 
3.558400e-01 3.578813e+02 
3.570600e-01 3.559573e+02 
3.582700e-01 3.540655e+02 
3.595000e-01 3.521588e+02 
3.607100e-01 3.503054e+02 
3.618900e-01 3.485178e+02 
3.631200e-01 3.466700e+02 
3.643200e-01 3.448825e+02 
3.655500e-01 3.430657e+02 
3.667300e-01 3.413371e+02 
3.679500e-01 3.395762e+02 
3.691900e-01 3.378013e+02 
3.703600e-01 3.361404e+02 
3.715700e-01 3.344366e+02 
3.727700e-01 3.327606e+02 
3.739900e-01 3.310741e+02 
3.752000e-01 3.294215e+02 
3.763900e-01 3.278092e+02 
3.775800e-01 3.262098e+02 
3.788200e-01 3.245565e+02 
3.800300e-01 3.229564e+02 
3.812100e-01 3.214128e+02 
3.824200e-01 3.198456e+02 
3.836100e-01 3.183163e+02 
3.848600e-01 3.167228e+02 
3.860400e-01 3.152304e+02 
3.872400e-01 3.137244e+02 
3.884600e-01 3.122113e+02 
3.896500e-01 3.107491e+02 
3.908700e-01 3.092617e+02 
3.920600e-01 3.078221e+02 
3.933100e-01 3.063216e+02 
3.945300e-01 3.048687e+02 
3.957200e-01 3.034682e+02 
3.969300e-01 3.020567e+02 
3.981700e-01 3.006213e+02 
3.993500e-01 2.992658e+02 
4.094840e-01 2.880496e+02 
4.272360e-01 2.701436e+02 
4.454600e-01 2.537190e+02 
4.630560e-01 2.394675e+02 
4.804610e-01 2.267170e+02 
4.980690e-01 2.150041e+02 
5.159230e-01 2.041930e+02 
5.317440e-01 1.954062e+02 
5.489640e-01 1.866006e+02 
5.671990e-01 1.780481e+02 
5.838690e-01 1.708451e+02 
6.018840e-01 1.636551e+02 
6.202330e-01 1.569082e+02 
6.379250e-01 1.508838e+02 
6.545410e-01 1.456332e+02 
6.714560e-01 1.406370e+02 
6.892080e-01 1.357473e+02 
7.066010e-01 1.312773e+02 
7.240540e-01 1.270732e+02 
7.420450e-01 1.230197e+02 
7.593780e-01 1.193540e+02 
7.764720e-01 1.159460e+02 
7.942840e-01 1.125985e+02 
8.116170e-01 1.095260e+02 
8.288310e-01 1.066400e+02 
8.462240e-01 1.038760e+02 
8.631980e-01 1.013134e+02 
8.810700e-01 9.874898e+01 
8.989410e-01 9.631133e+01 
9.166330e-01 9.401375e+01 
9.345640e-01 9.179525e+01 
9.515980e-01 8.978063e+01 
9.688720e-01 8.782378e+01 
9.865640e-01 8.590484e+01 
1.031870e+00 8.133861e+01 
1.063490e+00 7.841611e+01 
1.097920e+00 7.545317e+01 
1.134370e+00 7.253202e+01 
1.167730e+00 7.003592e+01 
1.203830e+00 6.750052e+01 
1.240470e+00 6.509064e+01 
1.275790e+00 6.290461e+01 
1.309140e+00 6.095792e+01 
1.342970e+00 5.908040e+01 
1.378420e+00 5.721910e+01 
1.413200e+00 5.548562e+01 
1.448110e+00 5.383083e+01 
1.484090e+00 5.221001e+01 
1.518820e+00 5.071922e+01 
1.552880e+00 4.932225e+01 
1.588630e+00 4.792113e+01 
1.623230e+00 4.662582e+01 
1.657720e+00 4.538859e+01 
1.692450e+00 4.419604e+01 
1.726400e+00 4.307513e+01 
1.762200e+00 4.193971e+01 
1.797880e+00 4.085477e+01 
1.833270e+00 3.982117e+01 
1.869070e+00 3.881548e+01 
1.903200e+00 3.789306e+01 
1.937740e+00 3.699335e+01 
1.973190e+00 3.610298e+01 
2.007440e+00 3.527373e+01 
2.042160e+00 3.446203e+01 
2.077900e+00 3.365497e+01 
2.112390e+00 3.290362e+01 
2.146220e+00 3.218949e+01 
2.181600e+00 3.146749e+01 
2.216930e+00 3.077027e+01 
2.250760e+00 3.012401e+01 
2.286500e+00 2.946294e+01 
2.321770e+00 2.883141e+01 
2.355950e+00 2.823846e+01 
2.391280e+00 2.764284e+01 
2.426240e+00 2.707155e+01 
2.460670e+00 2.652610e+01 
2.495640e+00 2.598889e+01 
2.531080e+00 2.545917e+01 
2.566220e+00 2.494913e+01 
2.600830e+00 2.446146e+01 
2.635080e+00 2.399278e+01 
2.670340e+00 2.352262e+01 
2.705970e+00 2.306109e+01 
2.740040e+00 2.263209e+01 
2.774520e+00 2.220877e+01 
2.809730e+00 2.178785e+01 
2.844390e+00 2.138493e+01 
2.879960e+00 2.098229e+01 
2.914860e+00 2.059721e+01 
2.949410e+00 2.022613e+01 
2.984440e+00 1.985904e+01 
3.019760e+00 1.949829e+01 
3.054730e+00 1.915053e+01 
3.089030e+00 1.881705e+01 
3.124060e+00 1.848520e+01 
3.159560e+00 1.815719e+01 
3.194710e+00 1.784018e+01 
3.229010e+00 1.753871e+01 
3.263320e+00 1.724326e+01 
3.297930e+00 1.695260e+01 
3.332830e+00 1.666620e+01 
3.368040e+00 1.638402e+01 
3.403300e+00 1.610824e+01 
3.438450e+00 1.583935e+01 
3.473060e+00 1.558111e+01 
3.508440e+00 1.532234e+01 
3.543110e+00 1.507497e+01 
3.577470e+00 1.483486e+01 
3.613040e+00 1.459210e+01 
3.648120e+00 1.435764e+01 
3.682910e+00 1.413040e+01 
3.718050e+00 1.390571e+01 
3.753320e+00 1.368524e+01 
3.787980e+00 1.347316e+01 
3.822290e+00 1.326772e+01 
3.857020e+00 1.306398e+01 
3.891920e+00 1.286362e+01 
3.926650e+00 1.266817e+01 
3.961970e+00 1.247374e+01 
3.997360e+00 1.228289e+01 
4.031670e+00 1.210188e+01 
4.066330e+00 1.192246e+01 
4.101420e+00 1.174481e+01 
4.136200e+00 1.157183e+01 
4.170810e+00 1.140342e+01 
4.206250e+00 1.123423e+01 
4.241580e+00 1.106914e+01 
4.276300e+00 1.091001e+01 
4.310970e+00 1.075425e+01 
4.346120e+00 1.059948e+01 
4.380600e+00 1.045054e+01 
4.414730e+00 1.030610e+01 
4.450350e+00 1.015801e+01 
4.485320e+00 1.001564e+01 
4.519810e+00 9.877759e+00 
4.555430e+00 9.738110e+00 
4.590870e+00 9.601899e+00 
4.625480e+00 9.471326e+00 
4.659910e+00 9.343972e+00 
4.695230e+00 9.215645e+00 
4.729960e+00 9.091896e+00 
4.764450e+00 8.971246e+00 
4.799530e+00 8.850690e+00 
4.834910e+00 8.731451e+00 
4.869700e+00 8.616276e+00 
4.904370e+00 8.503630e+00 
4.939450e+00 8.391750e+00 
4.973940e+00 8.283691e+00 
5.008430e+00 8.177614e+00 
5.043810e+00 8.070670e+00 
5.078840e+00 7.966663e+00 
5.113500e+00 7.865626e+00 
5.148890e+00 7.764225e+00 
5.184210e+00 7.664865e+00 
5.219060e+00 7.568571e+00 
5.253660e+00 7.474609e+00 
5.288570e+00 7.381474e+00 
5.323420e+00 7.290094e+00 
5.358440e+00 7.199831e+00 
5.393590e+00 7.110815e+00 
5.428310e+00 7.024389e+00 
5.462800e+00 6.939989e+00 
5.497640e+00 6.856178e+00 
5.532670e+00 6.773331e+00 
5.567280e+00 6.692854e+00 
5.602000e+00 6.613466e+00 
5.637270e+00 6.534172e+00 
5.672410e+00 6.456492e+00 
5.707020e+00 6.381246e+00 
5.742040e+00 6.306394e+00 
5.777430e+00 6.232005e+00 
5.812210e+00 6.160090e+00 
5.846820e+00 6.089674e+00 
5.881610e+00 6.020022e+00 
5.916510e+00 5.951263e+00 
5.951600e+00 5.883262e+00 
5.986560e+00 5.816600e+00 
6.021830e+00 5.750410e+00 
6.056490e+00 5.686434e+00 
6.091160e+00 5.623472e+00 
6.125830e+00 5.561477e+00 
6.161090e+00 5.499422e+00 
6.195760e+00 5.439388e+00 
6.230420e+00 5.380279e+00 
6.265690e+00 5.321045e+00 
6.300950e+00 5.262811e+00 
6.335620e+00 5.206410e+00 
6.370880e+00 5.149907e+00 
6.405550e+00 5.095241e+00 
6.440220e+00 5.041403e+00 
6.475480e+00 4.987454e+00 
6.510150e+00 4.935212e+00 
6.544810e+00 4.883800e+00 
6.580080e+00 4.832241e+00 
6.614750e+00 4.782291e+00 
6.649410e+00 4.733170e+00 
6.684080e+00 4.684751e+00 
6.719340e+00 4.636208e+00 
6.754010e+00 4.589186e+00 
6.788680e+00 4.542899e+00 
6.823940e+00 4.496484e+00 
6.859800e+00 4.449949e+00 
6.894470e+00 4.405664e+00 
6.929140e+00 4.362014e+00 
6.963800e+00 4.318971e+00 
6.999070e+00 4.275776e+00 
7.033730e+00 4.234008e+00 
7.068400e+00 4.192789e+00 
7.103660e+00 4.151433e+00 
7.138330e+00 4.111356e+00 
7.173600e+00 4.071212e+00 
7.208260e+00 4.032287e+00 
7.243530e+00 3.993201e+00 
7.277600e+00 3.955996e+00 
7.312860e+00 3.918046e+00 
7.348120e+00 3.880594e+00 
7.382790e+00 3.844248e+00 
7.417460e+00 3.808456e+00 
7.452720e+00 3.772568e+00 
7.487390e+00 3.737733e+00 
7.522650e+00 3.702758e+00 
7.557320e+00 3.668887e+00 
7.591990e+00 3.635471e+00 
7.627250e+00 3.601915e+00 
7.662510e+00 3.568782e+00 
7.697180e+00 3.536699e+00 
7.731850e+00 3.505044e+00 
7.766510e+00 3.473786e+00 
7.801180e+00 3.442901e+00 
7.836440e+00 3.411949e+00 
7.871110e+00 3.381932e+00 
7.906380e+00 3.351766e+00 
7.941040e+00 3.322481e+00 
7.976310e+00 3.293086e+00 
8.011570e+00 3.264110e+00 
8.046240e+00 3.235959e+00 
8.080900e+00 3.208149e+00 
8.115570e+00 3.180682e+00 
8.150830e+00 3.153173e+00 
8.185500e+00 3.126442e+00 
8.220770e+00 3.099567e+00 
8.255430e+00 3.073464e+00 
8.290100e+00 3.047754e+00 
8.324770e+00 3.022350e+00 
8.359430e+00 2.997244e+00 
8.394700e+00 2.971988e+00 
8.429960e+00 2.947087e+00 
8.464630e+00 2.922940e+00 
8.499890e+00 2.898660e+00 
8.534560e+00 2.875055e+00 
8.569200e+00 2.851733e+00 
