# Parameters:
# omega_b = 0.022083, omega_m = 0.147559, n_s = 0.894094, h = 82.874016, w = -1.000000, sigma_8 = 0.778740
# z = 1.300000
#
# k[1/Mpc] # P(k):
8.694000e-04 4.474595e+03 
2.077466e-03 9.023871e+03 
3.285532e-03 1.243999e+04 
4.493598e-03 1.500268e+04 
5.701664e-03 1.686657e+04 
6.909730e-03 1.816132e+04 
8.117797e-03 1.901996e+04 
9.325863e-03 1.951116e+04 
1.053393e-02 1.970057e+04 
1.174199e-02 1.964625e+04 
1.295006e-02 1.938594e+04 
1.415813e-02 1.896869e+04 
1.536619e-02 1.843402e+04 
1.657426e-02 1.780516e+04 
1.778233e-02 1.708644e+04 
1.899039e-02 1.629999e+04 
2.019846e-02 1.550382e+04 
2.140652e-02 1.474224e+04 
2.261459e-02 1.401447e+04 
2.382266e-02 1.332366e+04 
2.503072e-02 1.267675e+04 
2.623879e-02 1.207681e+04 
2.744685e-02 1.152475e+04 
2.865492e-02 1.102236e+04 
2.986299e-02 1.056770e+04 
3.100100e-02 1.018201e+04 
3.220400e-02 9.816289e+03 
3.288100e-02 9.629173e+03 
3.424300e-02 9.288401e+03 
3.555100e-02 9.000213e+03 
3.686000e-02 8.745452e+03 
3.795000e-02 8.554192e+03 
3.929100e-02 8.341528e+03 
4.039800e-02 8.179258e+03 
4.164000e-02 8.007115e+03 
4.294400e-02 7.831515e+03 
4.415000e-02 7.672065e+03 
4.542900e-02 7.498817e+03 
4.660900e-02 7.336955e+03 
4.782300e-02 7.159616e+03 
4.892900e-02 6.993313e+03 
5.031200e-02 6.775902e+03 
5.155900e-02 6.570194e+03 
5.238100e-02 6.430856e+03 
5.378200e-02 6.188202e+03 
5.513400e-02 5.947650e+03 
5.627600e-02 5.741149e+03 
5.735300e-02 5.545060e+03 
5.870100e-02 5.299094e+03 
5.988700e-02 5.084776e+03 
6.113500e-02 4.863683e+03 
6.225900e-02 4.671668e+03 
6.340100e-02 4.486973e+03 
6.480200e-02 4.277535e+03 
6.601100e-02 4.115802e+03 
6.725500e-02 3.968067e+03 
6.829100e-02 3.860587e+03 
6.958600e-02 3.741527e+03 
7.071100e-02 3.652282e+03 
7.192300e-02 3.568173e+03 
7.307400e-02 3.498275e+03 
7.412300e-02 3.441692e+03 
7.550400e-02 3.376627e+03 
7.663100e-02 3.328967e+03 
7.791200e-02 3.280541e+03 
7.912700e-02 3.238027e+03 
8.027600e-02 3.199488e+03 
8.138400e-02 3.163078e+03 
8.272200e-02 3.119097e+03 
8.406100e-02 3.074067e+03 
8.534100e-02 3.028435e+03 
8.653800e-02 2.982888e+03 
8.759800e-02 2.940789e+03 
8.900300e-02 2.881864e+03 
9.009000e-02 2.833415e+03 
9.113300e-02 2.784273e+03 
9.239600e-02 2.723187e+03 
9.358000e-02 2.663723e+03 
9.496100e-02 2.591541e+03 
9.608400e-02 2.532295e+03 
9.727500e-02 2.469545e+03 
9.852600e-02 2.402392e+03 
9.973800e-02 2.338718e+03 
1.009000e-01 2.279013e+03 
1.020900e-01 2.219524e+03 
1.034000e-01 2.156768e+03 
1.046000e-01 2.101807e+03 
1.057200e-01 2.054037e+03 
1.069100e-01 2.005710e+03 
1.082500e-01 1.955933e+03 
1.093900e-01 1.917125e+03 
1.105400e-01 1.880348e+03 
1.116900e-01 1.847978e+03 
1.129600e-01 1.814413e+03 
1.142000e-01 1.785696e+03 
1.153300e-01 1.761409e+03 
1.166400e-01 1.735859e+03 
1.177800e-01 1.715642e+03 
1.190000e-01 1.695211e+03 
1.201200e-01 1.677816e+03 
1.213400e-01 1.659481e+03 
1.227100e-01 1.639592e+03 
1.238900e-01 1.622731e+03 
1.250700e-01 1.605639e+03 
1.263200e-01 1.587483e+03 
1.275500e-01 1.568981e+03 
1.287500e-01 1.550565e+03 
1.299900e-01 1.530734e+03 
1.311300e-01 1.512004e+03 
1.323500e-01 1.491039e+03 
1.335900e-01 1.469264e+03 
1.347100e-01 1.448768e+03 
1.359800e-01 1.425327e+03 
1.372100e-01 1.401712e+03 
1.384300e-01 1.378365e+03 
1.395700e-01 1.355915e+03 
1.407700e-01 1.332725e+03 
1.420300e-01 1.307962e+03 
1.432800e-01 1.284001e+03 
1.444500e-01 1.261781e+03 
1.456300e-01 1.239884e+03 
1.468900e-01 1.217431e+03 
1.480500e-01 1.197349e+03 
1.491700e-01 1.178816e+03 
1.503800e-01 1.159785e+03 
1.516400e-01 1.140684e+03 
1.528200e-01 1.124376e+03 
1.540200e-01 1.108133e+03 
1.551900e-01 1.093861e+03 
1.564300e-01 1.079339e+03 
1.576600e-01 1.065845e+03 
1.588700e-01 1.053576e+03 
1.600900e-01 1.041490e+03 
1.612700e-01 1.030954e+03 
1.625400e-01 1.019826e+03 
1.637600e-01 1.009594e+03 
1.649500e-01 9.999437e+02 
1.662200e-01 9.898149e+02 
1.674000e-01 9.804782e+02 
1.685000e-01 9.719191e+02 
1.697500e-01 9.620758e+02 
1.710300e-01 9.518982e+02 
1.722200e-01 9.426039e+02 
1.734400e-01 9.324556e+02 
1.746400e-01 9.226145e+02 
1.758700e-01 9.124351e+02 
1.770900e-01 9.019715e+02 
1.782700e-01 8.920255e+02 
1.794600e-01 8.817725e+02 
1.807000e-01 8.710115e+02 
1.819100e-01 8.606960e+02 
1.830100e-01 8.511497e+02 
1.842200e-01 8.407681e+02 
1.855000e-01 8.299769e+02 
1.867000e-01 8.199208e+02 
1.879200e-01 8.098734e+02 
1.890900e-01 8.004177e+02 
1.902800e-01 7.910466e+02 
1.915200e-01 7.814473e+02 
1.926900e-01 7.726029e+02 
1.939000e-01 7.638060e+02 
1.951700e-01 7.547280e+02 
1.963100e-01 7.467933e+02 
1.975100e-01 7.387896e+02 
1.987800e-01 7.304564e+02 
2.000100e-01 7.226052e+02 
2.012500e-01 7.150202e+02 
2.023400e-01 7.084519e+02 
2.036100e-01 7.009585e+02 
2.048900e-01 6.937015e+02 
2.060400e-01 6.872801e+02 
2.072200e-01 6.807957e+02 
2.084200e-01 6.744167e+02 
2.096900e-01 6.677668e+02 
2.109200e-01 6.614236e+02 
2.121100e-01 6.554164e+02 
2.132700e-01 6.496447e+02 
2.145200e-01 6.435141e+02 
2.157200e-01 6.377156e+02 
2.168800e-01 6.321887e+02 
2.180700e-01 6.265966e+02 
2.193400e-01 6.207082e+02 
2.206000e-01 6.149415e+02 
2.217500e-01 6.097511e+02 
2.229500e-01 6.044077e+02 
2.241400e-01 5.991755e+02 
2.253500e-01 5.939274e+02 
2.264900e-01 5.890483e+02 
2.277100e-01 5.839079e+02 
2.289900e-01 5.786030e+02 
2.301500e-01 5.738603e+02 
2.313600e-01 5.689781e+02 
2.325600e-01 5.642521e+02 
2.337700e-01 5.595491e+02 
2.350000e-01 5.548314e+02 
2.362000e-01 5.503215e+02 
2.374100e-01 5.458710e+02 
2.386500e-01 5.413695e+02 
2.399100e-01 5.368556e+02 
2.410400e-01 5.329200e+02 
2.422500e-01 5.287649e+02 
2.435000e-01 5.245271e+02 
2.447300e-01 5.204221e+02 
2.458700e-01 5.167110e+02 
2.470600e-01 5.128829e+02 
2.483300e-01 5.088483e+02 
2.495600e-01 5.050029e+02 
2.507600e-01 5.013145e+02 
2.519600e-01 4.976702e+02 
2.532200e-01 4.938903e+02 
2.543700e-01 4.904833e+02 
2.555500e-01 4.870286e+02 
2.568000e-01 4.834124e+02 
2.580100e-01 4.799537e+02 
2.592400e-01 4.764644e+02 
2.604100e-01 4.731772e+02 
2.616100e-01 4.698440e+02 
2.628400e-01 4.664672e+02 
2.640600e-01 4.631298e+02 
2.652200e-01 4.599818e+02 
2.664300e-01 4.567348e+02 
2.676500e-01 4.534983e+02 
2.688400e-01 4.503504e+02 
2.700700e-01 4.471167e+02 
2.712400e-01 4.440752e+02 
2.724800e-01 4.408877e+02 
2.736700e-01 4.378449e+02 
2.748800e-01 4.347665e+02 
2.761000e-01 4.316973e+02 
2.773200e-01 4.286623e+02 
2.785400e-01 4.256510e+02 
2.797000e-01 4.227977e+02 
2.808900e-01 4.199017e+02 
2.821400e-01 4.168932e+02 
2.833900e-01 4.139174e+02 
2.845500e-01 4.111626e+02 
2.857800e-01 4.082728e+02 
2.870300e-01 4.053683e+02 
2.882100e-01 4.026560e+02 
2.893900e-01 3.999626e+02 
2.906300e-01 3.971574e+02 
2.918900e-01 3.943381e+02 
2.930500e-01 3.917699e+02 
2.942500e-01 3.891383e+02 
2.954200e-01 3.865919e+02 
2.966500e-01 3.839426e+02 
2.978900e-01 3.813002e+02 
2.990400e-01 3.788745e+02 
3.002700e-01 3.763033e+02 
3.015100e-01 3.737367e+02 
3.026800e-01 3.713397e+02 
3.038500e-01 3.689664e+02 
3.050300e-01 3.665964e+02 
3.062600e-01 3.641497e+02 
3.075000e-01 3.617086e+02 
3.087000e-01 3.593701e+02 
3.099100e-01 3.570357e+02 
3.111200e-01 3.547260e+02 
3.123100e-01 3.524797e+02 
3.135300e-01 3.501993e+02 
3.147300e-01 3.479785e+02 
3.159900e-01 3.456699e+02 
3.171800e-01 3.435142e+02 
3.183700e-01 3.413813e+02 
3.196300e-01 3.391451e+02 
3.208400e-01 3.370188e+02 
3.220300e-01 3.349477e+02 
3.232000e-01 3.329358e+02 
3.244300e-01 3.308430e+02 
3.256700e-01 3.287536e+02 
3.269200e-01 3.266680e+02 
3.280800e-01 3.247507e+02 
3.292500e-01 3.228417e+02 
3.304800e-01 3.208557e+02 
3.317100e-01 3.188885e+02 
3.328900e-01 3.170188e+02 
3.340700e-01 3.151661e+02 
3.353600e-01 3.131678e+02 
3.365300e-01 3.113754e+02 
3.377100e-01 3.095838e+02 
3.389200e-01 3.077632e+02 
3.401600e-01 3.059146e+02 
3.413700e-01 3.041349e+02 
3.425300e-01 3.024490e+02 
3.437700e-01 3.006628e+02 
3.449800e-01 2.989357e+02 
3.461800e-01 2.972381e+02 
3.473600e-01 2.955867e+02 
3.485800e-01 2.939027e+02 
3.498100e-01 2.922199e+02 
3.510200e-01 2.905792e+02 
3.522000e-01 2.889930e+02 
3.533900e-01 2.874071e+02 
3.546400e-01 2.857669e+02 
3.558400e-01 2.842067e+02 
3.570600e-01 2.826342e+02 
3.582700e-01 2.810880e+02 
3.595000e-01 2.795299e+02 
3.607100e-01 2.780162e+02 
3.618900e-01 2.765569e+02 
3.631200e-01 2.750487e+02 
3.643200e-01 2.735897e+02 
3.655500e-01 2.721069e+02 
3.667300e-01 2.706962e+02 
3.679500e-01 2.692609e+02 
3.691900e-01 2.678145e+02 
3.703600e-01 2.664610e+02 
3.715700e-01 2.650725e+02 
3.727700e-01 2.637068e+02 
3.739900e-01 2.623333e+02 
3.752000e-01 2.609886e+02 
3.763900e-01 2.596767e+02 
3.775800e-01 2.583753e+02 
3.788200e-01 2.570303e+02 
3.800300e-01 2.557285e+02 
3.812100e-01 2.544737e+02 
3.824200e-01 2.532002e+02 
3.836100e-01 2.519577e+02 
3.848600e-01 2.506630e+02 
3.860400e-01 2.494505e+02 
3.872400e-01 2.482271e+02 
3.884600e-01 2.469991e+02 
3.896500e-01 2.458129e+02 
3.908700e-01 2.446062e+02 
3.920600e-01 2.434384e+02 
3.933100e-01 2.422213e+02 
3.945300e-01 2.410427e+02 
3.957200e-01 2.399077e+02 
3.969300e-01 2.387639e+02 
3.981700e-01 2.376009e+02 
3.993500e-01 2.365026e+02 
4.094840e-01 2.274221e+02 
4.272360e-01 2.129511e+02 
4.454600e-01 1.996953e+02 
4.630560e-01 1.882017e+02 
4.804610e-01 1.779217e+02 
4.980690e-01 1.684762e+02 
5.159230e-01 1.597576e+02 
5.317440e-01 1.526690e+02 
5.489640e-01 1.455659e+02 
5.671990e-01 1.386657e+02 
5.838690e-01 1.328536e+02 
6.018840e-01 1.270530e+02 
6.202330e-01 1.216128e+02 
6.379250e-01 1.167567e+02 
6.545410e-01 1.125280e+02 
6.714560e-01 1.085073e+02 
6.892080e-01 1.045751e+02 
7.066010e-01 1.009849e+02 
7.240540e-01 9.761226e+01 
7.420450e-01 9.436558e+01 
7.593780e-01 9.143510e+01 
7.764720e-01 8.871418e+01 
7.942840e-01 8.604677e+01 
8.116170e-01 8.360315e+01 
8.288310e-01 8.131366e+01 
8.462240e-01 7.912455e+01 
8.631980e-01 7.710038e+01 
8.810700e-01 7.507903e+01 
8.989410e-01 7.316301e+01 
9.166330e-01 7.136117e+01 
9.345640e-01 6.962437e+01 
9.515980e-01 6.805246e+01 
9.688720e-01 6.652970e+01 
9.865640e-01 6.504039e+01 
1.031870e+00 6.151113e+01 
1.063490e+00 5.926451e+01 
1.097920e+00 5.699673e+01 
1.134370e+00 5.477086e+01 
1.167730e+00 5.287709e+01 
1.203830e+00 5.096246e+01 
1.240470e+00 4.914875e+01 
1.275790e+00 4.750977e+01 
1.309140e+00 4.605415e+01 
1.342970e+00 4.465580e+01 
1.378420e+00 4.327242e+01 
1.413200e+00 4.198760e+01 
1.448110e+00 4.076321e+01 
1.484090e+00 3.956708e+01 
1.518820e+00 3.846868e+01 
1.552880e+00 3.744091e+01 
1.588630e+00 3.641126e+01 
1.623230e+00 3.546077e+01 
1.657720e+00 3.455438e+01 
1.692450e+00 3.368074e+01 
1.726400e+00 3.286026e+01 
1.762200e+00 3.202999e+01 
1.797880e+00 3.123708e+01 
1.833270e+00 3.048197e+01 
1.869070e+00 2.974758e+01 
1.903200e+00 2.907405e+01 
1.937740e+00 2.841700e+01 
1.973190e+00 2.776684e+01 
2.007440e+00 2.716101e+01 
2.042160e+00 2.656809e+01 
2.077900e+00 2.597866e+01 
2.112390e+00 2.542931e+01 
2.146220e+00 2.490728e+01 
2.181600e+00 2.437918e+01 
2.216930e+00 2.386900e+01 
2.250760e+00 2.339582e+01 
2.286500e+00 2.291152e+01 
2.321770e+00 2.244859e+01 
2.355950e+00 2.201342e+01 
2.391280e+00 2.157631e+01 
2.426240e+00 2.115659e+01 
2.460670e+00 2.075547e+01 
2.495640e+00 2.036013e+01 
2.531080e+00 1.997002e+01 
2.566220e+00 1.959415e+01 
2.600830e+00 1.923440e+01 
2.635080e+00 1.888824e+01 
2.670340e+00 1.854040e+01 
2.705970e+00 1.819878e+01 
2.740040e+00 1.788106e+01 
2.774520e+00 1.756723e+01 
2.809730e+00 1.725479e+01 
2.844390e+00 1.695537e+01 
2.879960e+00 1.665562e+01 
2.914860e+00 1.636876e+01 
2.949410e+00 1.609212e+01 
2.984440e+00 1.581797e+01 
3.019760e+00 1.554843e+01 
3.054730e+00 1.528845e+01 
3.089030e+00 1.503844e+01 
3.124060e+00 1.478948e+01 
3.159560e+00 1.454319e+01 
3.194710e+00 1.430476e+01 
3.229010e+00 1.407782e+01 
3.263320e+00 1.385498e+01 
3.297930e+00 1.363561e+01 
3.332830e+00 1.341925e+01 
3.368040e+00 1.320572e+01 
3.403300e+00 1.299676e+01 
3.438450e+00 1.279267e+01 
3.473060e+00 1.259652e+01 
3.508440e+00 1.239969e+01 
3.543110e+00 1.221137e+01 
3.577470e+00 1.202806e+01 
3.613040e+00 1.184264e+01 
3.648120e+00 1.166345e+01 
3.682910e+00 1.148955e+01 
3.718050e+00 1.131721e+01 
3.753320e+00 1.114796e+01 
3.787980e+00 1.098497e+01 
3.822290e+00 1.082690e+01 
3.857020e+00 1.066988e+01 
3.891920e+00 1.051531e+01 
3.926650e+00 1.036428e+01 
3.961970e+00 1.021388e+01 
3.997360e+00 1.006595e+01 
4.031670e+00 9.925554e+00 
4.066330e+00 9.786206e+00 
4.101420e+00 9.648161e+00 
4.136200e+00 9.513415e+00 
4.170810e+00 9.382184e+00 
4.206250e+00 9.250120e+00 
4.241580e+00 9.121181e+00 
4.276300e+00 8.996656e+00 
4.310970e+00 8.874618e+00 
4.346120e+00 8.753240e+00 
4.380600e+00 8.636268e+00 
4.414730e+00 8.522787e+00 
4.450350e+00 8.406164e+00 
4.485320e+00 8.293997e+00 
4.519810e+00 8.185172e+00 
4.555430e+00 8.074841e+00 
4.590870e+00 7.967139e+00 
4.625480e+00 7.863756e+00 
4.659910e+00 7.762887e+00 
4.695230e+00 7.660995e+00 
4.729960e+00 7.562671e+00 
4.764450e+00 7.466705e+00 
4.799530e+00 7.370661e+00 
4.834910e+00 7.275636e+00 
4.869700e+00 7.183683e+00 
4.904370e+00 7.093700e+00 
4.939450e+00 7.004255e+00 
4.973940e+00 6.917721e+00 
5.008430e+00 6.832748e+00 
5.043810e+00 6.746961e+00 
5.078840e+00 6.663449e+00 
5.113500e+00 6.582300e+00 
5.148890e+00 6.500653e+00 
5.184210e+00 6.420619e+00 
5.219060e+00 6.343002e+00 
5.253660e+00 6.267148e+00 
5.288570e+00 6.191943e+00 
5.323420e+00 6.118080e+00 
5.358440e+00 6.045039e+00 
5.393590e+00 5.972989e+00 
5.428310e+00 5.902919e+00 
5.462800e+00 5.834422e+00 
5.497640e+00 5.766386e+00 
5.532670e+00 5.699014e+00 
5.567280e+00 5.633519e+00 
5.602000e+00 5.568897e+00 
5.637270e+00 5.504258e+00 
5.672410e+00 5.440903e+00 
5.707020e+00 5.379519e+00 
5.742040e+00 5.318342e+00 
5.777430e+00 5.257508e+00 
5.812210e+00 5.198686e+00 
5.846820e+00 5.141015e+00 
5.881610e+00 5.083940e+00 
5.916510e+00 5.027588e+00 
5.951600e+00 4.971771e+00 
5.986560e+00 4.917011e+00 
6.021830e+00 4.862629e+00 
6.056490e+00 4.810005e+00 
6.091160e+00 4.758161e+00 
6.125830e+00 4.707105e+00 
6.161090e+00 4.655969e+00 
6.195760e+00 4.606446e+00 
6.230420e+00 4.557678e+00 
6.265690e+00 4.508796e+00 
6.300950e+00 4.460644e+00 
6.335620e+00 4.414001e+00 
6.370880e+00 4.367266e+00 
6.405550e+00 4.322007e+00 
6.440220e+00 4.277411e+00 
6.475480e+00 4.232717e+00 
6.510150e+00 4.189407e+00 
6.544810e+00 4.146728e+00 
6.580080e+00 4.103921e+00 
6.614750e+00 4.062444e+00 
6.649410e+00 4.021609e+00 
6.684080e+00 3.981345e+00 
6.719340e+00 3.940972e+00 
6.754010e+00 3.901840e+00 
6.788680e+00 3.863271e+00 
6.823940e+00 3.824589e+00 
6.859800e+00 3.785803e+00 
6.894470e+00 3.748857e+00 
6.929140e+00 3.712424e+00 
6.963800e+00 3.676495e+00 
6.999070e+00 3.640432e+00 
7.033730e+00 3.605521e+00 
7.068400e+00 3.571065e+00 
7.103660e+00 3.536491e+00 
7.138330e+00 3.502971e+00 
7.173600e+00 3.469368e+00 
7.208260e+00 3.436781e+00 
7.243530e+00 3.404056e+00 
7.277600e+00 3.372884e+00 
7.312860e+00 3.341066e+00 
7.348120e+00 3.309664e+00 
7.382790e+00 3.279185e+00 
7.417460e+00 3.249139e+00 
7.452720e+00 3.218995e+00 
7.487390e+00 3.189733e+00 
7.522650e+00 3.160350e+00 
7.557320e+00 3.131881e+00 
7.591990e+00 3.103787e+00 
7.627250e+00 3.075573e+00 
7.662510e+00 3.047713e+00 
7.697180e+00 3.020712e+00 
7.731850e+00 2.994063e+00 
7.766510e+00 2.967746e+00 
7.801180e+00 2.941740e+00 
7.836440e+00 2.915668e+00 
7.871110e+00 2.890377e+00 
7.906380e+00 2.864958e+00 
7.941040e+00 2.840280e+00 
7.976310e+00 2.815495e+00 
8.011570e+00 2.791048e+00 
8.046240e+00 2.767296e+00 
8.080900e+00 2.743829e+00 
8.115570e+00 2.720648e+00 
8.150830e+00 2.697422e+00 
8.185500e+00 2.674851e+00 
8.220770e+00 2.652157e+00 
8.255430e+00 2.630113e+00 
8.290100e+00 2.608379e+00 
8.324770e+00 2.586900e+00 
8.359430e+00 2.565670e+00 
8.394700e+00 2.544313e+00 
8.429960e+00 2.523251e+00 
8.464630e+00 2.502819e+00 
8.499890e+00 2.482273e+00 
8.534560e+00 2.462298e+00 
8.569200e+00 2.442561e+00 
