# Parameters:
# omega_b = 0.021799, omega_m = 0.154449, n_s = 0.912992, h = 63.976378, w = -1.000000, sigma_8 = 0.775591
# z = 1.300000
#
# k[1/Mpc] # P(k):
8.694000e-04 4.079265e+03 
2.077466e-03 8.407898e+03 
3.285532e-03 1.173039e+04 
4.493598e-03 1.428197e+04 
5.701664e-03 1.619523e+04 
6.909730e-03 1.757578e+04 
8.117797e-03 1.853819e+04 
9.325863e-03 1.914245e+04 
1.053393e-02 1.944925e+04 
1.174199e-02 1.951446e+04 
1.295006e-02 1.937236e+04 
1.415813e-02 1.906848e+04 
1.536619e-02 1.864192e+04 
1.657426e-02 1.811839e+04 
1.778233e-02 1.752115e+04 
1.899039e-02 1.688442e+04 
2.019846e-02 1.622581e+04 
2.140652e-02 1.556435e+04 
2.261459e-02 1.490975e+04 
2.382266e-02 1.427493e+04 
2.503072e-02 1.367008e+04 
2.623879e-02 1.309980e+04 
2.744685e-02 1.256531e+04 
2.865492e-02 1.207080e+04 
2.986299e-02 1.161589e+04 
3.100100e-02 1.122300e+04 
3.220400e-02 1.084394e+04 
3.288100e-02 1.064670e+04 
3.424300e-02 1.028181e+04 
3.555100e-02 9.966996e+03 
3.686000e-02 9.683156e+03 
3.795000e-02 9.466729e+03 
3.929100e-02 9.222432e+03 
4.039800e-02 9.034734e+03 
4.164000e-02 8.835442e+03 
4.294400e-02 8.634057e+03 
4.415000e-02 8.453527e+03 
4.542900e-02 8.262137e+03 
4.660900e-02 8.086771e+03 
4.782300e-02 7.900231e+03 
4.892900e-02 7.728485e+03 
5.031200e-02 7.508427e+03 
5.155900e-02 7.303735e+03 
5.238100e-02 7.166443e+03 
5.378200e-02 6.929374e+03 
5.513400e-02 6.696707e+03 
5.627600e-02 6.498844e+03 
5.735300e-02 6.312780e+03 
5.870100e-02 6.082228e+03 
5.988700e-02 5.883597e+03 
6.113500e-02 5.679806e+03 
6.225900e-02 5.502085e+03 
6.340100e-02 5.328406e+03 
6.480200e-02 5.126083e+03 
6.601100e-02 4.962323e+03 
6.725500e-02 4.804955e+03 
6.829100e-02 4.683545e+03 
6.958600e-02 4.542670e+03 
7.071100e-02 4.430892e+03 
7.192300e-02 4.320582e+03 
7.307400e-02 4.224955e+03 
7.412300e-02 4.144939e+03 
7.550400e-02 4.049847e+03 
7.663100e-02 3.978908e+03 
7.791200e-02 3.906153e+03 
7.912700e-02 3.843126e+03 
8.027600e-02 3.787441e+03 
8.138400e-02 3.736505e+03 
8.272200e-02 3.677759e+03 
8.406100e-02 3.620823e+03 
8.534100e-02 3.566744e+03 
8.653800e-02 3.515435e+03 
8.759800e-02 3.469408e+03 
8.900300e-02 3.406863e+03 
9.009000e-02 3.356660e+03 
9.113300e-02 3.306453e+03 
9.239600e-02 3.244464e+03 
9.358000e-02 3.184430e+03 
9.496100e-02 3.111576e+03 
9.608400e-02 3.051574e+03 
9.727500e-02 2.987790e+03 
9.852600e-02 2.918778e+03 
9.973800e-02 2.852748e+03 
1.009000e-01 2.790326e+03 
1.020900e-01 2.726757e+03 
1.034000e-01 2.658821e+03 
1.046000e-01 2.598415e+03 
1.057200e-01 2.544232e+03 
1.069100e-01 2.488701e+03 
1.082500e-01 2.429457e+03 
1.093900e-01 2.381862e+03 
1.105400e-01 2.335910e+03 
1.116900e-01 2.293443e+03 
1.129600e-01 2.248701e+03 
1.142000e-01 2.208598e+03 
1.153300e-01 2.174081e+03 
1.166400e-01 2.136776e+03 
1.177800e-01 2.106751e+03 
1.190000e-01 2.076153e+03 
1.201200e-01 2.050316e+03 
1.213400e-01 2.023121e+03 
1.227100e-01 1.994984e+03 
1.238900e-01 1.971543e+03 
1.250700e-01 1.949171e+03 
1.263200e-01 1.926023e+03 
1.275500e-01 1.903771e+03 
1.287500e-01 1.882280e+03 
1.299900e-01 1.860132e+03 
1.311300e-01 1.839660e+03 
1.323500e-01 1.817383e+03 
1.335900e-01 1.794461e+03 
1.347100e-01 1.773160e+03 
1.359800e-01 1.748796e+03 
1.372100e-01 1.724264e+03 
1.384300e-01 1.699886e+03 
1.395700e-01 1.676195e+03 
1.407700e-01 1.651636e+03 
1.420300e-01 1.624833e+03 
1.432800e-01 1.598860e+03 
1.444500e-01 1.574036e+03 
1.456300e-01 1.549544e+03 
1.468900e-01 1.523792e+03 
1.480500e-01 1.500554e+03 
1.491700e-01 1.478754e+03 
1.503800e-01 1.455915e+03 
1.516400e-01 1.432836e+03 
1.528200e-01 1.412484e+03 
1.540200e-01 1.392212e+03 
1.551900e-01 1.373844e+03 
1.564300e-01 1.355010e+03 
1.576600e-01 1.337274e+03 
1.588700e-01 1.320852e+03 
1.600900e-01 1.304666e+03 
1.612700e-01 1.290298e+03 
1.625400e-01 1.275126e+03 
1.637600e-01 1.261222e+03 
1.649500e-01 1.248138e+03 
1.662200e-01 1.234462e+03 
1.674000e-01 1.222167e+03 
1.685000e-01 1.210898e+03 
1.697500e-01 1.198218e+03 
1.710300e-01 1.185381e+03 
1.722200e-01 1.173658e+03 
1.734400e-01 1.161411e+03 
1.746400e-01 1.149554e+03 
1.758700e-01 1.137429e+03 
1.770900e-01 1.125241e+03 
1.782700e-01 1.113653e+03 
1.794600e-01 1.101853e+03 
1.807000e-01 1.089560e+03 
1.819100e-01 1.077770e+03 
1.830100e-01 1.066908e+03 
1.842200e-01 1.055098e+03 
1.855000e-01 1.042812e+03 
1.867000e-01 1.031287e+03 
1.879200e-01 1.019764e+03 
1.890900e-01 1.008888e+03 
1.902800e-01 9.979673e+02 
1.915200e-01 9.867748e+02 
1.926900e-01 9.764108e+02 
1.939000e-01 9.659450e+02 
1.951700e-01 9.551408e+02 
1.963100e-01 9.456445e+02 
1.975100e-01 9.359290e+02 
1.987800e-01 9.258114e+02 
2.000100e-01 9.162358e+02 
2.012500e-01 9.068872e+02 
2.023400e-01 8.987905e+02 
2.036100e-01 8.895378e+02 
2.048900e-01 8.805197e+02 
2.060400e-01 8.725391e+02 
2.072200e-01 8.644791e+02 
2.084200e-01 8.565446e+02 
2.096900e-01 8.482724e+02 
2.109200e-01 8.403811e+02 
2.121100e-01 8.329375e+02 
2.132700e-01 8.257867e+02 
2.145200e-01 8.181905e+02 
2.157200e-01 8.110305e+02 
2.168800e-01 8.042171e+02 
2.180700e-01 7.973224e+02 
2.193400e-01 7.900665e+02 
2.206000e-01 7.829684e+02 
2.217500e-01 7.765788e+02 
2.229500e-01 7.700000e+02 
2.241400e-01 7.635362e+02 
2.253500e-01 7.570516e+02 
2.264900e-01 7.510221e+02 
2.277100e-01 7.446368e+02 
2.289900e-01 7.380107e+02 
2.301500e-01 7.320864e+02 
2.313600e-01 7.259867e+02 
2.325600e-01 7.199870e+02 
2.337700e-01 7.140165e+02 
2.350000e-01 7.080271e+02 
2.362000e-01 7.022531e+02 
2.374100e-01 6.964975e+02 
2.386500e-01 6.906762e+02 
2.399100e-01 6.848392e+02 
2.410400e-01 6.796702e+02 
2.422500e-01 6.742031e+02 
2.435000e-01 6.686277e+02 
2.447300e-01 6.632154e+02 
2.458700e-01 6.582738e+02 
2.470600e-01 6.531772e+02 
2.483300e-01 6.478063e+02 
2.495600e-01 6.426789e+02 
2.507600e-01 6.377492e+02 
2.519600e-01 6.328790e+02 
2.532200e-01 6.278284e+02 
2.543700e-01 6.232887e+02 
2.555500e-01 6.186944e+02 
2.568000e-01 6.138859e+02 
2.580100e-01 6.092875e+02 
2.592400e-01 6.046850e+02 
2.604100e-01 6.003653e+02 
2.616100e-01 5.959856e+02 
2.628400e-01 5.915489e+02 
2.640600e-01 5.872129e+02 
2.652200e-01 5.831422e+02 
2.664300e-01 5.789438e+02 
2.676500e-01 5.747592e+02 
2.688400e-01 5.707309e+02 
2.700700e-01 5.666188e+02 
2.712400e-01 5.627510e+02 
2.724800e-01 5.586976e+02 
2.736700e-01 5.548568e+02 
2.748800e-01 5.510001e+02 
2.761000e-01 5.471548e+02 
2.773200e-01 5.433523e+02 
2.785400e-01 5.395932e+02 
2.797000e-01 5.360603e+02 
2.808900e-01 5.324743e+02 
2.821400e-01 5.287486e+02 
2.833900e-01 5.250645e+02 
2.845500e-01 5.216817e+02 
2.857800e-01 5.181327e+02 
2.870300e-01 5.145654e+02 
2.882100e-01 5.112337e+02 
2.893900e-01 5.079366e+02 
2.906300e-01 5.045084e+02 
2.918900e-01 5.010626e+02 
2.930500e-01 4.979234e+02 
2.942500e-01 4.947081e+02 
2.954200e-01 4.916028e+02 
2.966500e-01 4.883717e+02 
2.978900e-01 4.851484e+02 
2.990400e-01 4.821894e+02 
3.002700e-01 4.790534e+02 
3.015100e-01 4.759235e+02 
3.026800e-01 4.730000e+02 
3.038500e-01 4.701050e+02 
3.050300e-01 4.672136e+02 
3.062600e-01 4.642261e+02 
3.075000e-01 4.612450e+02 
3.087000e-01 4.583889e+02 
3.099100e-01 4.555373e+02 
3.111200e-01 4.527140e+02 
3.123100e-01 4.499646e+02 
3.135300e-01 4.471734e+02 
3.147300e-01 4.444546e+02 
3.159900e-01 4.416281e+02 
3.171800e-01 4.389851e+02 
3.183700e-01 4.363674e+02 
3.196300e-01 4.336226e+02 
3.208400e-01 4.310124e+02 
3.220300e-01 4.284697e+02 
3.232000e-01 4.259955e+02 
3.244300e-01 4.234199e+02 
3.256700e-01 4.208484e+02 
3.269200e-01 4.182811e+02 
3.280800e-01 4.159208e+02 
3.292500e-01 4.135671e+02 
3.304800e-01 4.111172e+02 
3.317100e-01 4.086904e+02 
3.328900e-01 4.063835e+02 
3.340700e-01 4.040973e+02 
3.353600e-01 4.016288e+02 
3.365300e-01 3.994134e+02 
3.377100e-01 3.971987e+02 
3.389200e-01 3.949480e+02 
3.401600e-01 3.926626e+02 
3.413700e-01 3.904609e+02 
3.425300e-01 3.883745e+02 
3.437700e-01 3.861638e+02 
3.449800e-01 3.840260e+02 
3.461800e-01 3.819244e+02 
3.473600e-01 3.798800e+02 
3.485800e-01 3.777950e+02 
3.498100e-01 3.757114e+02 
3.510200e-01 3.736796e+02 
3.522000e-01 3.717152e+02 
3.533900e-01 3.697510e+02 
3.546400e-01 3.677206e+02 
3.558400e-01 3.657892e+02 
3.570600e-01 3.638424e+02 
3.582700e-01 3.619280e+02 
3.595000e-01 3.599986e+02 
3.607100e-01 3.581255e+02 
3.618900e-01 3.563210e+02 
3.631200e-01 3.544557e+02 
3.643200e-01 3.526511e+02 
3.655500e-01 3.508169e+02 
3.667300e-01 3.490718e+02 
3.679500e-01 3.472997e+02 
3.691900e-01 3.455136e+02 
3.703600e-01 3.438421e+02 
3.715700e-01 3.421274e+02 
3.727700e-01 3.404406e+02 
3.739900e-01 3.387455e+02 
3.752000e-01 3.370885e+02 
3.763900e-01 3.354719e+02 
3.775800e-01 3.338680e+02 
3.788200e-01 3.322102e+02 
3.800300e-01 3.306056e+02 
3.812100e-01 3.290613e+02 
3.824200e-01 3.274958e+02 
3.836100e-01 3.259681e+02 
3.848600e-01 3.243762e+02 
3.860400e-01 3.228852e+02 
3.872400e-01 3.213806e+02 
3.884600e-01 3.198733e+02 
3.896500e-01 3.184183e+02 
3.908700e-01 3.169381e+02 
3.920600e-01 3.155054e+02 
3.933100e-01 3.140121e+02 
3.945300e-01 3.125660e+02 
3.957200e-01 3.111771e+02 
3.969300e-01 3.097785e+02 
3.981700e-01 3.083562e+02 
3.993500e-01 3.070130e+02 
4.094840e-01 2.959133e+02 
4.272360e-01 2.782896e+02 
4.454600e-01 2.621547e+02 
4.630560e-01 2.481396e+02 
4.804610e-01 2.355552e+02 
4.980690e-01 2.239322e+02 
5.159230e-01 2.131375e+02 
5.317440e-01 2.043135e+02 
5.489640e-01 1.954194e+02 
5.671990e-01 1.867322e+02 
5.838690e-01 1.793857e+02 
6.018840e-01 1.720262e+02 
6.202330e-01 1.650988e+02 
6.379250e-01 1.589021e+02 
6.545410e-01 1.534928e+02 
6.714560e-01 1.483417e+02 
6.892080e-01 1.432976e+02 
7.066010e-01 1.386858e+02 
7.240540e-01 1.343476e+02 
7.420450e-01 1.301662e+02 
7.593780e-01 1.263861e+02 
7.764720e-01 1.228719e+02 
7.942840e-01 1.194211e+02 
8.116170e-01 1.162546e+02 
8.288310e-01 1.132808e+02 
8.462240e-01 1.104325e+02 
8.631980e-01 1.077919e+02 
8.810700e-01 1.051487e+02 
8.989410e-01 1.026357e+02 
9.166330e-01 1.002662e+02 
9.345640e-01 9.797654e+01 
9.515980e-01 9.589644e+01 
9.688720e-01 9.387462e+01 
9.865640e-01 9.189019e+01 
1.031870e+00 8.716070e+01 
1.063490e+00 8.412606e+01 
1.097920e+00 8.104290e+01 
1.134370e+00 7.799586e+01 
1.167730e+00 7.538587e+01 
1.203830e+00 7.272712e+01 
1.240470e+00 7.019424e+01 
1.275790e+00 6.788942e+01 
1.309140e+00 6.583307e+01 
1.342970e+00 6.384380e+01 
1.378420e+00 6.186814e+01 
1.413200e+00 6.002357e+01 
1.448110e+00 5.825847e+01 
1.484090e+00 5.652695e+01 
1.518820e+00 5.493082e+01 
1.552880e+00 5.343188e+01 
1.588630e+00 5.192598e+01 
1.623230e+00 5.053175e+01 
1.657720e+00 4.919838e+01 
1.692450e+00 4.791089e+01 
1.726400e+00 4.669879e+01 
1.762200e+00 4.546962e+01 
1.797880e+00 4.429367e+01 
1.833270e+00 4.317215e+01 
1.869070e+00 4.207976e+01 
1.903200e+00 4.107686e+01 
1.937740e+00 4.009766e+01 
1.973190e+00 3.912787e+01 
2.007440e+00 3.822389e+01 
2.042160e+00 3.733844e+01 
2.077900e+00 3.645757e+01 
2.112390e+00 3.563677e+01 
2.146220e+00 3.485631e+01 
2.181600e+00 3.406677e+01 
2.216930e+00 3.330397e+01 
2.250760e+00 3.259666e+01 
2.286500e+00 3.187286e+01 
2.321770e+00 3.118117e+01 
2.355950e+00 3.053139e+01 
2.391280e+00 2.987861e+01 
2.426240e+00 2.925232e+01 
2.460670e+00 2.865424e+01 
2.495640e+00 2.806513e+01 
2.531080e+00 2.748411e+01 
2.566220e+00 2.692465e+01 
2.600830e+00 2.638967e+01 
2.635080e+00 2.587544e+01 
2.670340e+00 2.535945e+01 
2.705970e+00 2.485303e+01 
2.740040e+00 2.438238e+01 
2.774520e+00 2.391796e+01 
2.809730e+00 2.345617e+01 
2.844390e+00 2.301413e+01 
2.879960e+00 2.257237e+01 
2.914860e+00 2.215002e+01 
2.949410e+00 2.174310e+01 
2.984440e+00 2.134054e+01 
3.019760e+00 2.094507e+01 
3.054730e+00 2.056393e+01 
3.089030e+00 2.019844e+01 
3.124060e+00 1.983482e+01 
3.159560e+00 1.947554e+01 
3.194710e+00 1.912836e+01 
3.229010e+00 1.879827e+01 
3.263320e+00 1.847488e+01 
3.297930e+00 1.815682e+01 
3.332830e+00 1.784351e+01 
3.368040e+00 1.753492e+01 
3.403300e+00 1.723342e+01 
3.438450e+00 1.693953e+01 
3.473060e+00 1.665732e+01 
3.508440e+00 1.637475e+01 
3.543110e+00 1.610468e+01 
3.577470e+00 1.584259e+01 
3.613040e+00 1.557771e+01 
3.648120e+00 1.532206e+01 
3.682910e+00 1.507434e+01 
3.718050e+00 1.482947e+01 
3.753320e+00 1.458929e+01 
3.787980e+00 1.435836e+01 
3.822290e+00 1.413476e+01 
3.857020e+00 1.391311e+01 
3.891920e+00 1.369521e+01 
3.926650e+00 1.348274e+01 
3.961970e+00 1.327144e+01 
3.997360e+00 1.306415e+01 
4.031670e+00 1.286760e+01 
4.066330e+00 1.267292e+01 
4.101420e+00 1.248018e+01 
4.136200e+00 1.229265e+01 
4.170810e+00 1.211012e+01 
4.206250e+00 1.192687e+01 
4.241580e+00 1.174813e+01 
4.276300e+00 1.157591e+01 
4.310970e+00 1.140740e+01 
4.346120e+00 1.124002e+01 
4.380600e+00 1.107905e+01 
4.414730e+00 1.092296e+01 
4.450350e+00 1.076309e+01 
4.485320e+00 1.060940e+01 
4.519810e+00 1.046066e+01 
4.555430e+00 1.031006e+01 
4.590870e+00 1.016323e+01 
4.625480e+00 1.002255e+01 
4.659910e+00 9.885370e+00 
4.695230e+00 9.747249e+00 
4.729960e+00 9.614087e+00 
4.764450e+00 9.484309e+00 
4.799530e+00 9.354704e+00 
4.834910e+00 9.226532e+00 
4.869700e+00 9.102838e+00 
4.904370e+00 8.981890e+00 
4.939450e+00 8.861806e+00 
4.973940e+00 8.745904e+00 
5.008430e+00 8.632140e+00 
5.043810e+00 8.517523e+00 
5.078840e+00 8.406100e+00 
5.113500e+00 8.297871e+00 
5.148890e+00 8.189337e+00 
5.184210e+00 8.083003e+00 
5.219060e+00 7.979984e+00 
5.253660e+00 7.879536e+00 
5.288570e+00 7.779981e+00 
5.323420e+00 7.682354e+00 
5.358440e+00 7.585976e+00 
5.393590e+00 7.490939e+00 
5.428310e+00 7.398723e+00 
5.462800e+00 7.308699e+00 
5.497640e+00 7.219312e+00 
5.532670e+00 7.131012e+00 
5.567280e+00 7.045259e+00 
5.602000e+00 6.960675e+00 
5.637270e+00 6.876254e+00 
5.672410e+00 6.793573e+00 
5.707020e+00 6.713488e+00 
5.742040e+00 6.633880e+00 
5.777430e+00 6.554781e+00 
5.812210e+00 6.478319e+00 
5.846820e+00 6.403506e+00 
5.881610e+00 6.329523e+00 
5.916510e+00 6.256494e+00 
5.951600e+00 6.184314e+00 
5.986560e+00 6.113578e+00 
6.021830e+00 6.043348e+00 
6.056490e+00 5.975496e+00 
6.091160e+00 5.908744e+00 
6.125830e+00 5.843021e+00 
6.161090e+00 5.777254e+00 
6.195760e+00 5.713669e+00 
6.230420e+00 5.651067e+00 
6.265690e+00 5.588338e+00 
6.300950e+00 5.526708e+00 
6.335620e+00 5.467021e+00 
6.370880e+00 5.407229e+00 
6.405550e+00 5.349417e+00 
6.440220e+00 5.292497e+00 
6.475480e+00 5.235463e+00 
6.510150e+00 5.180246e+00 
6.544810e+00 5.125934e+00 
6.580080e+00 5.071470e+00 
6.614750e+00 5.018707e+00 
6.649410e+00 4.966850e+00 
6.684080e+00 4.915741e+00 
6.719340e+00 4.864503e+00 
6.754010e+00 4.814881e+00 
6.788680e+00 4.766057e+00 
6.823940e+00 4.717099e+00 
6.859800e+00 4.668015e+00 
6.894470e+00 4.621327e+00 
6.929140e+00 4.575316e+00 
6.963800e+00 4.529947e+00 
6.999070e+00 4.484421e+00 
7.033730e+00 4.440427e+00 
7.068400e+00 4.397013e+00 
7.103660e+00 4.353456e+00 
7.138330e+00 4.311255e+00 
7.173600e+00 4.269001e+00 
7.208260e+00 4.228032e+00 
7.243530e+00 4.186893e+00 
7.277600e+00 4.147744e+00 
7.312860e+00 4.107817e+00 
7.348120e+00 4.068417e+00 
7.382790e+00 4.030181e+00 
7.417460e+00 3.992538e+00 
7.452720e+00 3.954802e+00 
7.487390e+00 3.918172e+00 
7.522650e+00 3.881396e+00 
7.557320e+00 3.845795e+00 
7.591990e+00 3.810678e+00 
7.627250e+00 3.775413e+00 
7.662510e+00 3.740595e+00 
7.697180e+00 3.706889e+00 
7.731850e+00 3.673638e+00 
7.766510e+00 3.640804e+00 
7.801180e+00 3.608362e+00 
7.836440e+00 3.575859e+00 
7.871110e+00 3.544344e+00 
7.906380e+00 3.512673e+00 
7.941040e+00 3.481927e+00 
7.976310e+00 3.451069e+00 
8.011570e+00 3.420655e+00 
8.046240e+00 3.391108e+00 
8.080900e+00 3.361917e+00 
8.115570e+00 3.333091e+00 
8.150830e+00 3.304230e+00 
8.185500e+00 3.276186e+00 
8.220770e+00 3.247991e+00 
8.255430e+00 3.220606e+00 
8.290100e+00 3.193636e+00 
8.324770e+00 3.166989e+00 
8.359430e+00 3.140652e+00 
8.394700e+00 3.114160e+00 
8.429960e+00 3.088043e+00 
8.464630e+00 3.062720e+00 
8.499890e+00 3.037257e+00 
8.534560e+00 3.012502e+00 
8.569200e+00 2.988044e+00 
