# Parameters:
# omega_b = 0.021768, omega_m = 0.121654, n_s = 0.968110, h = 75.787402, w = -1.000000, sigma_8 = 0.736220
# z = 1.300000
#
# k[1/Mpc] # P(k):
8.694000e-04 5.674624e+03 
2.077466e-03 1.193065e+04 
3.285532e-03 1.662845e+04 
4.493598e-03 2.006281e+04 
5.701664e-03 2.246553e+04 
6.909730e-03 2.403138e+04 
8.117797e-03 2.496143e+04 
9.325863e-03 2.536132e+04 
1.053393e-02 2.533386e+04 
1.174199e-02 2.497119e+04 
1.295006e-02 2.433217e+04 
1.415813e-02 2.349257e+04 
1.536619e-02 2.251602e+04 
1.657426e-02 2.144552e+04 
1.778233e-02 2.031810e+04 
1.899039e-02 1.918565e+04 
2.019846e-02 1.807763e+04 
2.140652e-02 1.701966e+04 
2.261459e-02 1.602410e+04 
2.382266e-02 1.510398e+04 
2.503072e-02 1.426648e+04 
2.623879e-02 1.351194e+04 
2.744685e-02 1.284037e+04 
2.865492e-02 1.224708e+04 
2.986299e-02 1.172557e+04 
3.100100e-02 1.129679e+04 
3.220400e-02 1.090128e+04 
3.288100e-02 1.070361e+04 
3.424300e-02 1.034990e+04 
3.555100e-02 1.005538e+04 
3.686000e-02 9.796585e+03 
3.795000e-02 9.601156e+03 
3.929100e-02 9.378702e+03 
4.039800e-02 9.202904e+03 
4.164000e-02 9.009422e+03 
4.294400e-02 8.799975e+03 
4.415000e-02 8.602575e+03 
4.542900e-02 8.378564e+03 
4.660900e-02 8.164752e+03 
4.782300e-02 7.925953e+03 
4.892900e-02 7.701334e+03 
5.031200e-02 7.408547e+03 
5.155900e-02 7.134608e+03 
5.238100e-02 6.951549e+03 
5.378200e-02 6.638309e+03 
5.513400e-02 6.337229e+03 
5.627600e-02 6.087625e+03 
5.735300e-02 5.859021e+03 
5.870100e-02 5.584865e+03 
5.988700e-02 5.357073e+03 
6.113500e-02 5.132096e+03 
6.225900e-02 4.944040e+03 
6.340100e-02 4.767839e+03 
6.480200e-02 4.570961e+03 
6.601100e-02 4.420386e+03 
6.725500e-02 4.282739e+03 
6.829100e-02 4.182393e+03 
6.958600e-02 4.070679e+03 
7.071100e-02 3.986762e+03 
7.192300e-02 3.907616e+03 
7.307400e-02 3.841802e+03 
7.412300e-02 3.788436e+03 
7.550400e-02 3.726654e+03 
7.663100e-02 3.680838e+03 
7.791200e-02 3.632846e+03 
7.912700e-02 3.588732e+03 
8.027600e-02 3.546906e+03 
8.138400e-02 3.505691e+03 
8.272200e-02 3.453493e+03 
8.406100e-02 3.397662e+03 
8.534100e-02 3.338784e+03 
8.653800e-02 3.278723e+03 
8.759800e-02 3.222740e+03 
8.900300e-02 3.144039e+03 
9.009000e-02 3.079470e+03 
9.113300e-02 3.014581e+03 
9.239600e-02 2.934705e+03 
9.358000e-02 2.858138e+03 
9.496100e-02 2.767421e+03 
9.608400e-02 2.694472e+03 
9.727500e-02 2.618448e+03 
9.852600e-02 2.540259e+03 
9.973800e-02 2.467676e+03 
1.009000e-01 2.400874e+03 
1.020900e-01 2.337392e+03 
1.034000e-01 2.271833e+03 
1.046000e-01 2.215869e+03 
1.057200e-01 2.169543e+03 
1.069100e-01 2.123441e+03 
1.082500e-01 2.078173e+03 
1.093900e-01 2.044054e+03 
1.105400e-01 2.012426e+03 
1.116900e-01 1.985878e+03 
1.129600e-01 1.958680e+03 
1.142000e-01 1.936012e+03 
1.153300e-01 1.916719e+03 
1.166400e-01 1.896236e+03 
1.177800e-01 1.879126e+03 
1.190000e-01 1.861391e+03 
1.201200e-01 1.844315e+03 
1.213400e-01 1.825947e+03 
1.227100e-01 1.802615e+03 
1.238900e-01 1.782169e+03 
1.250700e-01 1.759356e+03 
1.263200e-01 1.734552e+03 
1.275500e-01 1.708050e+03 
1.287500e-01 1.681498e+03 
1.299900e-01 1.652648e+03 
1.311300e-01 1.625783e+03 
1.323500e-01 1.596254e+03 
1.335900e-01 1.566416e+03 
1.347100e-01 1.539355e+03 
1.359800e-01 1.509276e+03 
1.372100e-01 1.480594e+03 
1.384300e-01 1.452974e+03 
1.395700e-01 1.428056e+03 
1.407700e-01 1.402534e+03 
1.420300e-01 1.377335e+03 
1.432800e-01 1.352941e+03 
1.444500e-01 1.331925e+03 
1.456300e-01 1.311191e+03 
1.468900e-01 1.290653e+03 
1.480500e-01 1.272481e+03 
1.491700e-01 1.255841e+03 
1.503800e-01 1.238930e+03 
1.516400e-01 1.221891e+03 
1.528200e-01 1.207152e+03 
1.540200e-01 1.192454e+03 
1.551900e-01 1.179018e+03 
1.564300e-01 1.165202e+03 
1.576600e-01 1.151952e+03 
1.588700e-01 1.139391e+03 
1.600900e-01 1.126967e+03 
1.612700e-01 1.115205e+03 
1.625400e-01 1.102782e+03 
1.637600e-01 1.090880e+03 
1.649500e-01 1.079370e+03 
1.662200e-01 1.067226e+03 
1.674000e-01 1.055676e+03 
1.685000e-01 1.045092e+03 
1.697500e-01 1.032928e+03 
1.710300e-01 1.020361e+03 
1.722200e-01 1.008890e+03 
1.734400e-01 9.966816e+02 
1.746400e-01 9.848611e+02 
1.758700e-01 9.727969e+02 
1.770900e-01 9.607104e+02 
1.782700e-01 9.492274e+02 
1.794600e-01 9.376778e+02 
1.807000e-01 9.257429e+02 
1.819100e-01 9.143054e+02 
1.830100e-01 9.040503e+02 
1.842200e-01 8.929528e+02 
1.855000e-01 8.814311e+02 
1.867000e-01 8.709914e+02 
1.879200e-01 8.605591e+02 
1.890900e-01 8.507711e+02 
1.902800e-01 8.412332e+02 
1.915200e-01 8.314602e+02 
1.926900e-01 8.224764e+02 
1.939000e-01 8.136143e+02 
1.951700e-01 8.044660e+02 
1.963100e-01 7.964710e+02 
1.975100e-01 7.884138e+02 
1.987800e-01 7.800225e+02 
2.000100e-01 7.720987e+02 
2.012500e-01 7.644053e+02 
2.023400e-01 7.577415e+02 
2.036100e-01 7.501169e+02 
2.048900e-01 7.426517e+02 
2.060400e-01 7.360449e+02 
2.072200e-01 7.293636e+02 
2.084200e-01 7.226835e+02 
2.096900e-01 7.157191e+02 
2.109200e-01 7.090752e+02 
2.121100e-01 7.026702e+02 
2.132700e-01 6.965104e+02 
2.145200e-01 6.899674e+02 
2.157200e-01 6.837029e+02 
2.168800e-01 6.776970e+02 
2.180700e-01 6.716205e+02 
2.193400e-01 6.651840e+02 
2.206000e-01 6.588095e+02 
2.217500e-01 6.530727e+02 
2.229500e-01 6.471675e+02 
2.241400e-01 6.412878e+02 
2.253500e-01 6.353889e+02 
2.264900e-01 6.299058e+02 
2.277100e-01 6.240818e+02 
2.289900e-01 6.180192e+02 
2.301500e-01 6.126006e+02 
2.313600e-01 6.070235e+02 
2.325600e-01 6.015323e+02 
2.337700e-01 5.960698e+02 
2.350000e-01 5.905921e+02 
2.362000e-01 5.853198e+02 
2.374100e-01 5.800739e+02 
2.386500e-01 5.747699e+02 
2.399100e-01 5.694537e+02 
2.410400e-01 5.647727e+02 
2.422500e-01 5.598266e+02 
2.435000e-01 5.547842e+02 
2.447300e-01 5.498977e+02 
2.458700e-01 5.454640e+02 
2.470600e-01 5.408926e+02 
2.483300e-01 5.360767e+02 
2.495600e-01 5.314962e+02 
2.507600e-01 5.271152e+02 
2.519600e-01 5.227882e+02 
2.532200e-01 5.183021e+02 
2.543700e-01 5.142909e+02 
2.555500e-01 5.102459e+02 
2.568000e-01 5.060132e+02 
2.580100e-01 5.019665e+02 
2.592400e-01 4.979379e+02 
2.604100e-01 4.941668e+02 
2.616100e-01 4.903441e+02 
2.628400e-01 4.864724e+02 
2.640600e-01 4.827058e+02 
2.652200e-01 4.791766e+02 
2.664300e-01 4.755374e+02 
2.676500e-01 4.719109e+02 
2.688400e-01 4.684296e+02 
2.700700e-01 4.648821e+02 
2.712400e-01 4.615459e+02 
2.724800e-01 4.580502e+02 
2.736700e-01 4.547426e+02 
2.748800e-01 4.514261e+02 
2.761000e-01 4.481198e+02 
2.773200e-01 4.448508e+02 
2.785400e-01 4.416207e+02 
2.797000e-01 4.385876e+02 
2.808900e-01 4.355094e+02 
2.821400e-01 4.323118e+02 
2.833900e-01 4.291503e+02 
2.845500e-01 4.262480e+02 
2.857800e-01 4.232036e+02 
2.870300e-01 4.201440e+02 
2.882100e-01 4.172868e+02 
2.893900e-01 4.144599e+02 
2.906300e-01 4.115210e+02 
2.918900e-01 4.085676e+02 
2.930500e-01 4.058773e+02 
2.942500e-01 4.031227e+02 
2.954200e-01 4.004640e+02 
2.966500e-01 3.976981e+02 
2.978900e-01 3.949392e+02 
2.990400e-01 3.924068e+02 
3.002700e-01 3.897260e+02 
3.015100e-01 3.870519e+02 
3.026800e-01 3.845546e+02 
3.038500e-01 3.820819e+02 
3.050300e-01 3.796127e+02 
3.062600e-01 3.770671e+02 
3.075000e-01 3.745272e+02 
3.087000e-01 3.720942e+02 
3.099100e-01 3.696654e+02 
3.111200e-01 3.672634e+02 
3.123100e-01 3.649285e+02 
3.135300e-01 3.625584e+02 
3.147300e-01 3.602501e+02 
3.159900e-01 3.578507e+02 
3.171800e-01 3.556116e+02 
3.183700e-01 3.533968e+02 
3.196300e-01 3.510749e+02 
3.208400e-01 3.488671e+02 
3.220300e-01 3.467166e+02 
3.232000e-01 3.446285e+02 
3.244300e-01 3.424568e+02 
3.256700e-01 3.402887e+02 
3.269200e-01 3.381244e+02 
3.280800e-01 3.361349e+02 
3.292500e-01 3.341547e+02 
3.304800e-01 3.320949e+02 
3.317100e-01 3.300547e+02 
3.328900e-01 3.281155e+02 
3.340700e-01 3.261939e+02 
3.353600e-01 3.241219e+02 
3.365300e-01 3.222635e+02 
3.377100e-01 3.204059e+02 
3.389200e-01 3.185182e+02 
3.401600e-01 3.166016e+02 
3.413700e-01 3.147563e+02 
3.425300e-01 3.130082e+02 
3.437700e-01 3.111562e+02 
3.449800e-01 3.093654e+02 
3.461800e-01 3.076052e+02 
3.473600e-01 3.058929e+02 
3.485800e-01 3.041464e+02 
3.498100e-01 3.024013e+02 
3.510200e-01 3.006998e+02 
3.522000e-01 2.990549e+02 
3.533900e-01 2.974102e+02 
3.546400e-01 2.957083e+02 
3.558400e-01 2.940894e+02 
3.570600e-01 2.924577e+02 
3.582700e-01 2.908534e+02 
3.595000e-01 2.892367e+02 
3.607100e-01 2.876654e+02 
3.618900e-01 2.861504e+02 
3.631200e-01 2.845844e+02 
3.643200e-01 2.830696e+02 
3.655500e-01 2.815301e+02 
3.667300e-01 2.800655e+02 
3.679500e-01 2.785740e+02 
3.691900e-01 2.770710e+02 
3.703600e-01 2.756645e+02 
3.715700e-01 2.742217e+02 
3.727700e-01 2.728027e+02 
3.739900e-01 2.713749e+02 
3.752000e-01 2.699762e+02 
3.763900e-01 2.686117e+02 
3.775800e-01 2.672581e+02 
3.788200e-01 2.658591e+02 
3.800300e-01 2.645051e+02 
3.812100e-01 2.631992e+02 
3.824200e-01 2.618735e+02 
3.836100e-01 2.605799e+02 
3.848600e-01 2.592321e+02 
3.860400e-01 2.579699e+02 
3.872400e-01 2.566962e+02 
3.884600e-01 2.554169e+02 
3.896500e-01 2.541808e+02 
3.908700e-01 2.529234e+02 
3.920600e-01 2.517064e+02 
3.933100e-01 2.504381e+02 
3.945300e-01 2.492101e+02 
3.957200e-01 2.480264e+02 
3.969300e-01 2.468333e+02 
3.981700e-01 2.456202e+02 
3.993500e-01 2.444746e+02 
4.094840e-01 2.350004e+02 
4.272360e-01 2.198852e+02 
4.454600e-01 2.060369e+02 
4.630560e-01 1.940363e+02 
4.804610e-01 1.833154e+02 
4.980690e-01 1.734808e+02 
5.159230e-01 1.644187e+02 
5.317440e-01 1.570632e+02 
5.489640e-01 1.497040e+02 
5.671990e-01 1.425665e+02 
5.838690e-01 1.365619e+02 
6.018840e-01 1.305752e+02 
6.202330e-01 1.249653e+02 
6.379250e-01 1.199605e+02 
6.545410e-01 1.156041e+02 
6.714560e-01 1.114628e+02 
6.892080e-01 1.074132e+02 
7.066010e-01 1.037157e+02 
7.240540e-01 1.002421e+02 
7.420450e-01 9.689735e+01 
7.593780e-01 9.387737e+01 
7.764720e-01 9.107292e+01 
7.942840e-01 8.832268e+01 
8.116170e-01 8.580233e+01 
8.288310e-01 8.343986e+01 
8.462240e-01 8.118045e+01 
8.631980e-01 7.909036e+01 
8.810700e-01 7.700254e+01 
8.989410e-01 7.502265e+01 
9.166330e-01 7.316020e+01 
9.345640e-01 7.136483e+01 
9.515980e-01 6.973907e+01 
9.688720e-01 6.816364e+01 
9.865640e-01 6.662243e+01 
1.031870e+00 6.296902e+01 
1.063490e+00 6.064264e+01 
1.097920e+00 5.829374e+01 
1.134370e+00 5.598796e+01 
1.167730e+00 5.402593e+01 
1.203830e+00 5.204221e+01 
1.240470e+00 5.016315e+01 
1.275790e+00 4.846550e+01 
1.309140e+00 4.695788e+01 
1.342970e+00 4.550988e+01 
1.378420e+00 4.407766e+01 
1.413200e+00 4.274787e+01 
1.448110e+00 4.148127e+01 
1.484090e+00 4.024395e+01 
1.518820e+00 3.910828e+01 
1.552880e+00 3.804618e+01 
1.588630e+00 3.698259e+01 
1.623230e+00 3.600105e+01 
1.657720e+00 3.506523e+01 
1.692450e+00 3.416386e+01 
1.726400e+00 3.331777e+01 
1.762200e+00 3.246185e+01 
1.797880e+00 3.164480e+01 
1.833270e+00 3.086702e+01 
1.869070e+00 3.011091e+01 
1.903200e+00 2.941778e+01 
1.937740e+00 2.874196e+01 
1.973190e+00 2.807349e+01 
2.007440e+00 2.745095e+01 
2.042160e+00 2.684189e+01 
2.077900e+00 2.623661e+01 
2.112390e+00 2.567286e+01 
2.146220e+00 2.513732e+01 
2.181600e+00 2.459581e+01 
2.216930e+00 2.407289e+01 
2.250760e+00 2.358810e+01 
2.286500e+00 2.309212e+01 
2.321770e+00 2.261822e+01 
2.355950e+00 2.217299e+01 
2.391280e+00 2.172590e+01 
2.426240e+00 2.129680e+01 
2.460670e+00 2.088689e+01 
2.495640e+00 2.048301e+01 
2.531080e+00 2.008467e+01 
2.566220e+00 1.970098e+01 
2.600830e+00 1.933389e+01 
2.635080e+00 1.898083e+01 
2.670340e+00 1.862629e+01 
2.705970e+00 1.827816e+01 
2.740040e+00 1.795445e+01 
2.774520e+00 1.763483e+01 
2.809730e+00 1.731677e+01 
2.844390e+00 1.701207e+01 
2.879960e+00 1.670721e+01 
2.914860e+00 1.641552e+01 
2.949410e+00 1.613428e+01 
2.984440e+00 1.585574e+01 
3.019760e+00 1.558192e+01 
3.054730e+00 1.531785e+01 
3.089030e+00 1.506412e+01 
3.124060e+00 1.481149e+01 
3.159560e+00 1.456163e+01 
3.194710e+00 1.431985e+01 
3.229010e+00 1.408979e+01 
3.263320e+00 1.386398e+01 
3.297930e+00 1.364173e+01 
3.332830e+00 1.342259e+01 
3.368040e+00 1.320640e+01 
3.403300e+00 1.299489e+01 
3.438450e+00 1.278841e+01 
3.473060e+00 1.259000e+01 
3.508440e+00 1.239095e+01 
3.543110e+00 1.220055e+01 
3.577470e+00 1.201534e+01 
3.613040e+00 1.182802e+01 
3.648120e+00 1.164700e+01 
3.682910e+00 1.147137e+01 
3.718050e+00 1.129742e+01 
3.753320e+00 1.112662e+01 
3.787980e+00 1.096216e+01 
3.822290e+00 1.080271e+01 
3.857020e+00 1.064437e+01 
3.891920e+00 1.048852e+01 
3.926650e+00 1.033631e+01 
3.961970e+00 1.018476e+01 
3.997360e+00 1.003575e+01 
4.031670e+00 9.894360e+00 
4.066330e+00 9.754054e+00 
4.101420e+00 9.615071e+00 
4.136200e+00 9.479470e+00 
4.170810e+00 9.347415e+00 
4.206250e+00 9.214557e+00 
4.241580e+00 9.084856e+00 
4.276300e+00 8.959646e+00 
4.310970e+00 8.836967e+00 
4.346120e+00 8.714970e+00 
4.380600e+00 8.597429e+00 
4.414730e+00 8.483404e+00 
4.450350e+00 8.366268e+00 
4.485320e+00 8.253616e+00 
4.519810e+00 8.144353e+00 
4.555430e+00 8.033600e+00 
4.590870e+00 7.925499e+00 
4.625480e+00 7.821756e+00 
4.659910e+00 7.720543e+00 
4.695230e+00 7.618346e+00 
4.729960e+00 7.519739e+00 
4.764450e+00 7.423516e+00 
4.799530e+00 7.327242e+00 
4.834910e+00 7.231996e+00 
4.869700e+00 7.139850e+00 
4.904370e+00 7.049686e+00 
4.939450e+00 6.960074e+00 
4.973940e+00 6.873402e+00 
5.008430e+00 6.788298e+00 
5.043810e+00 6.702396e+00 
5.078840e+00 6.618784e+00 
5.113500e+00 6.537542e+00 
5.148890e+00 6.455838e+00 
5.184210e+00 6.375755e+00 
5.219060e+00 6.298097e+00 
5.253660e+00 6.222220e+00 
5.288570e+00 6.146995e+00 
5.323420e+00 6.073123e+00 
5.358440e+00 6.000085e+00 
5.393590e+00 5.928041e+00 
5.428310e+00 5.857996e+00 
5.462800e+00 5.789535e+00 
5.497640e+00 5.721539e+00 
5.532670e+00 5.654226e+00 
5.567280e+00 5.588797e+00 
5.602000e+00 5.524242e+00 
5.637270e+00 5.459684e+00 
5.672410e+00 5.396414e+00 
5.707020e+00 5.335115e+00 
5.742040e+00 5.274040e+00 
5.777430e+00 5.213315e+00 
5.812210e+00 5.154601e+00 
5.846820e+00 5.097044e+00 
5.881610e+00 5.040089e+00 
5.916510e+00 4.983855e+00 
5.951600e+00 4.928171e+00 
5.986560e+00 4.873547e+00 
6.021830e+00 4.819303e+00 
6.056490e+00 4.766822e+00 
6.091160e+00 4.715130e+00 
6.125830e+00 4.664224e+00 
6.161090e+00 4.613244e+00 
6.195760e+00 4.563879e+00 
6.230420e+00 4.515269e+00 
6.265690e+00 4.466547e+00 
6.300950e+00 4.418570e+00 
6.335620e+00 4.372099e+00 
6.370880e+00 4.325538e+00 
6.405550e+00 4.280452e+00 
6.440220e+00 4.236031e+00 
6.475480e+00 4.191514e+00 
6.510150e+00 4.148381e+00 
6.544810e+00 4.105886e+00 
6.580080e+00 4.063266e+00 
6.614750e+00 4.021971e+00 
6.649410e+00 3.981323e+00 
6.684080e+00 3.941246e+00 
6.719340e+00 3.901063e+00 
6.754010e+00 3.862119e+00 
6.788680e+00 3.823745e+00 
6.823940e+00 3.785260e+00 
6.859800e+00 3.746672e+00 
6.894470e+00 3.709923e+00 
6.929140e+00 3.673687e+00 
6.963800e+00 3.637952e+00 
6.999070e+00 3.602087e+00 
7.033730e+00 3.567373e+00 
7.068400e+00 3.533113e+00 
7.103660e+00 3.498737e+00 
7.138330e+00 3.465411e+00 
7.173600e+00 3.432009e+00 
7.208260e+00 3.399617e+00 
7.243530e+00 3.367090e+00 
7.277600e+00 3.336111e+00 
7.312860e+00 3.304495e+00 
7.348120e+00 3.273294e+00 
7.382790e+00 3.243010e+00 
7.417460e+00 3.213164e+00 
7.452720e+00 3.183225e+00 
7.487390e+00 3.154163e+00 
7.522650e+00 3.124981e+00 
7.557320e+00 3.096710e+00 
7.591990e+00 3.068814e+00 
7.627250e+00 3.040798e+00 
7.662510e+00 3.013135e+00 
7.697180e+00 2.986331e+00 
7.731850e+00 2.959878e+00 
7.766510e+00 2.933755e+00 
7.801180e+00 2.907942e+00 
7.836440e+00 2.882066e+00 
7.871110e+00 2.856967e+00 
7.906380e+00 2.831742e+00 
7.941040e+00 2.807252e+00 
7.976310e+00 2.782660e+00 
8.011570e+00 2.758409e+00 
8.046240e+00 2.734847e+00 
8.080900e+00 2.711568e+00 
8.115570e+00 2.688575e+00 
8.150830e+00 2.665539e+00 
8.185500e+00 2.643154e+00 
8.220770e+00 2.620647e+00 
8.255430e+00 2.598785e+00 
8.290100e+00 2.577238e+00 
8.324770e+00 2.555945e+00 
8.359430e+00 2.534900e+00 
8.394700e+00 2.513728e+00 
8.429960e+00 2.492851e+00 
8.464630e+00 2.472602e+00 
8.499890e+00 2.452241e+00 
8.534560e+00 2.432445e+00 
8.569200e+00 2.412885e+00 
