# Parameters:
# omega_b = 0.023374, omega_m = 0.142323, n_s = 0.873622, h = 66.811024, w = -1.000000, sigma_8 = 0.728346
# z = 1.300000
#
# k[1/Mpc] # P(k):
8.694000e-04 5.718206e+03 
2.077466e-03 1.130773e+04 
3.285532e-03 1.538075e+04 
4.493598e-03 1.835724e+04 
5.701664e-03 2.045514e+04 
6.909730e-03 2.185085e+04 
8.117797e-03 2.271779e+04 
9.325863e-03 2.314473e+04 
1.053393e-02 2.321518e+04 
1.174199e-02 2.300204e+04 
1.295006e-02 2.255203e+04 
1.415813e-02 2.192493e+04 
1.536619e-02 2.117084e+04 
1.657426e-02 2.032359e+04 
1.778233e-02 1.941366e+04 
1.899039e-02 1.848727e+04 
2.019846e-02 1.756573e+04 
2.140652e-02 1.666665e+04 
2.261459e-02 1.580002e+04 
2.382266e-02 1.497950e+04 
2.503072e-02 1.421421e+04 
2.623879e-02 1.350699e+04 
2.744685e-02 1.285816e+04 
2.865492e-02 1.226899e+04 
2.986299e-02 1.173659e+04 
3.100100e-02 1.128523e+04 
3.220400e-02 1.085718e+04 
3.288100e-02 1.063788e+04 
3.424300e-02 1.023793e+04 
3.555100e-02 9.898821e+03 
3.686000e-02 9.598078e+03 
3.795000e-02 9.371619e+03 
3.929100e-02 9.118953e+03 
4.039800e-02 8.925899e+03 
4.164000e-02 8.721282e+03 
4.294400e-02 8.513539e+03 
4.415000e-02 8.325945e+03 
4.542900e-02 8.124273e+03 
4.660900e-02 7.937482e+03 
4.782300e-02 7.735456e+03 
4.892900e-02 7.547722e+03 
5.031200e-02 7.304739e+03 
5.155900e-02 7.077037e+03 
5.238100e-02 6.923863e+03 
5.378200e-02 6.659240e+03 
5.513400e-02 6.400340e+03 
5.627600e-02 6.181517e+03 
5.735300e-02 5.977517e+03 
5.870100e-02 5.727913e+03 
5.988700e-02 5.516251e+03 
6.113500e-02 5.302900e+03 
6.225900e-02 5.120401e+03 
6.340100e-02 4.945385e+03 
6.480200e-02 4.745098e+03 
6.601100e-02 4.586275e+03 
6.725500e-02 4.436014e+03 
6.829100e-02 4.321875e+03 
6.958600e-02 4.190753e+03 
7.071100e-02 4.088014e+03 
7.192300e-02 3.987621e+03 
7.307400e-02 3.901360e+03 
7.412300e-02 3.829658e+03 
7.550400e-02 3.744918e+03 
7.663100e-02 3.681785e+03 
7.791200e-02 3.616786e+03 
7.912700e-02 3.559807e+03 
8.027600e-02 3.508711e+03 
8.138400e-02 3.461196e+03 
8.272200e-02 3.405184e+03 
8.406100e-02 3.349552e+03 
8.534100e-02 3.295231e+03 
8.653800e-02 3.242645e+03 
8.759800e-02 3.194953e+03 
8.900300e-02 3.129504e+03 
9.009000e-02 3.076635e+03 
9.113300e-02 3.023687e+03 
9.239600e-02 2.958372e+03 
9.358000e-02 2.895305e+03 
9.496100e-02 2.819293e+03 
9.608400e-02 2.757115e+03 
9.727500e-02 2.691393e+03 
9.852600e-02 2.621258e+03 
9.973800e-02 2.554727e+03 
1.009000e-01 2.492311e+03 
1.020900e-01 2.429915e+03 
1.034000e-01 2.363879e+03 
1.046000e-01 2.305818e+03 
1.057200e-01 2.254833e+03 
1.069100e-01 2.203008e+03 
1.082500e-01 2.148883e+03 
1.093900e-01 2.106116e+03 
1.105400e-01 2.065244e+03 
1.116900e-01 2.028362e+03 
1.129600e-01 1.989781e+03 
1.142000e-01 1.955847e+03 
1.153300e-01 1.926787e+03 
1.166400e-01 1.895618e+03 
1.177800e-01 1.870510e+03 
1.190000e-01 1.844910e+03 
1.201200e-01 1.822912e+03 
1.213400e-01 1.799685e+03 
1.227100e-01 1.774709e+03 
1.238900e-01 1.753665e+03 
1.250700e-01 1.732796e+03 
1.263200e-01 1.710893e+03 
1.275500e-01 1.689150e+03 
1.287500e-01 1.667867e+03 
1.299900e-01 1.645492e+03 
1.311300e-01 1.624693e+03 
1.323500e-01 1.601889e+03 
1.335900e-01 1.578485e+03 
1.347100e-01 1.556811e+03 
1.359800e-01 1.532185e+03 
1.372100e-01 1.507693e+03 
1.384300e-01 1.483551e+03 
1.395700e-01 1.460513e+03 
1.407700e-01 1.436712e+03 
1.420300e-01 1.411368e+03 
1.432800e-01 1.386828e+03 
1.444500e-01 1.363964e+03 
1.456300e-01 1.341420e+03 
1.468900e-01 1.318088e+03 
1.480500e-01 1.297148e+03 
1.491700e-01 1.277652e+03 
1.503800e-01 1.257412e+03 
1.516400e-01 1.237005e+03 
1.528200e-01 1.219183e+03 
1.540200e-01 1.201433e+03 
1.551900e-01 1.185428e+03 
1.564300e-01 1.169036e+03 
1.576600e-01 1.153599e+03 
1.588700e-01 1.139304e+03 
1.600900e-01 1.125211e+03 
1.612700e-01 1.112615e+03 
1.625400e-01 1.099313e+03 
1.637600e-01 1.087032e+03 
1.649500e-01 1.075420e+03 
1.662200e-01 1.063256e+03 
1.674000e-01 1.052167e+03 
1.685000e-01 1.042004e+03 
1.697500e-01 1.030490e+03 
1.710300e-01 1.018752e+03 
1.722200e-01 1.008035e+03 
1.734400e-01 9.967225e+02 
1.746400e-01 9.857694e+02 
1.758700e-01 9.745553e+02 
1.770900e-01 9.632542e+02 
1.782700e-01 9.525129e+02 
1.794600e-01 9.415834e+02 
1.807000e-01 9.302045e+02 
1.819100e-01 9.192960e+02 
1.830100e-01 9.092982e+02 
1.842200e-01 8.984404e+02 
1.855000e-01 8.871534e+02 
1.867000e-01 8.766524e+02 
1.879200e-01 8.661588e+02 
1.890900e-01 8.562728e+02 
1.902800e-01 8.464284e+02 
1.915200e-01 8.363429e+02 
1.926900e-01 8.270273e+02 
1.939000e-01 8.176883e+02 
1.951700e-01 8.080504e+02 
1.963100e-01 7.995986e+02 
1.975100e-01 7.909991e+02 
1.987800e-01 7.820458e+02 
2.000100e-01 7.735842e+02 
2.012500e-01 7.653478e+02 
2.023400e-01 7.582159e+02 
2.036100e-01 7.500682e+02 
2.048900e-01 7.421322e+02 
2.060400e-01 7.351106e+02 
2.072200e-01 7.280191e+02 
2.084200e-01 7.210221e+02 
2.096900e-01 7.137288e+02 
2.109200e-01 7.067727e+02 
2.121100e-01 7.001844e+02 
2.132700e-01 6.938552e+02 
2.145200e-01 6.871330e+02 
2.157200e-01 6.807756e+02 
2.168800e-01 6.747169e+02 
2.180700e-01 6.685873e+02 
2.193400e-01 6.621289e+02 
2.206000e-01 6.557958e+02 
2.217500e-01 6.500962e+02 
2.229500e-01 6.442293e+02 
2.241400e-01 6.384490e+02 
2.253500e-01 6.326510e+02 
2.264900e-01 6.272615e+02 
2.277100e-01 6.215520e+02 
2.289900e-01 6.156253e+02 
2.301500e-01 6.103278e+02 
2.313600e-01 6.048749e+02 
2.325600e-01 5.995130e+02 
2.337700e-01 5.941787e+02 
2.350000e-01 5.888291e+02 
2.362000e-01 5.836748e+02 
2.374100e-01 5.785404e+02 
2.386500e-01 5.733488e+02 
2.399100e-01 5.681447e+02 
2.410400e-01 5.635439e+02 
2.422500e-01 5.586799e+02 
2.435000e-01 5.537210e+02 
2.447300e-01 5.489099e+02 
2.458700e-01 5.445238e+02 
2.470600e-01 5.400013e+02 
2.483300e-01 5.352368e+02 
2.495600e-01 5.306934e+02 
2.507600e-01 5.263317e+02 
2.519600e-01 5.220238e+02 
2.532200e-01 5.175574e+02 
2.543700e-01 5.135497e+02 
2.555500e-01 5.094986e+02 
2.568000e-01 5.052597e+02 
2.580100e-01 5.012070e+02 
2.592400e-01 4.971594e+02 
2.604100e-01 4.933646e+02 
2.616100e-01 4.895181e+02 
2.628400e-01 4.856223e+02 
2.640600e-01 4.818238e+02 
2.652200e-01 4.782615e+02 
2.664300e-01 4.745882e+02 
2.676500e-01 4.709278e+02 
2.688400e-01 4.674105e+02 
2.700700e-01 4.638243e+02 
2.712400e-01 4.604518e+02 
2.724800e-01 4.569183e+02 
2.736700e-01 4.535744e+02 
2.748800e-01 4.502211e+02 
2.761000e-01 4.468783e+02 
2.773200e-01 4.435734e+02 
2.785400e-01 4.403084e+02 
2.797000e-01 4.372436e+02 
2.808900e-01 4.341333e+02 
2.821400e-01 4.309025e+02 
2.833900e-01 4.277084e+02 
2.845500e-01 4.247781e+02 
2.857800e-01 4.217043e+02 
2.870300e-01 4.186153e+02 
2.882100e-01 4.157309e+02 
2.893900e-01 4.128776e+02 
2.906300e-01 4.099119e+02 
2.918900e-01 4.069315e+02 
2.930500e-01 4.042168e+02 
2.942500e-01 4.014371e+02 
2.954200e-01 3.987539e+02 
2.966500e-01 3.959625e+02 
2.978900e-01 3.931784e+02 
2.990400e-01 3.906229e+02 
3.002700e-01 3.879162e+02 
3.015100e-01 3.852157e+02 
3.026800e-01 3.826937e+02 
3.038500e-01 3.801967e+02 
3.050300e-01 3.777034e+02 
3.062600e-01 3.751292e+02 
3.075000e-01 3.725610e+02 
3.087000e-01 3.701010e+02 
3.099100e-01 3.676453e+02 
3.111200e-01 3.652152e+02 
3.123100e-01 3.628506e+02 
3.135300e-01 3.604505e+02 
3.147300e-01 3.581131e+02 
3.159900e-01 3.556834e+02 
3.171800e-01 3.534138e+02 
3.183700e-01 3.511674e+02 
3.196300e-01 3.488124e+02 
3.208400e-01 3.465733e+02 
3.220300e-01 3.443924e+02 
3.232000e-01 3.422724e+02 
3.244300e-01 3.400667e+02 
3.256700e-01 3.378648e+02 
3.269200e-01 3.356669e+02 
3.280800e-01 3.336467e+02 
3.292500e-01 3.316340e+02 
3.304800e-01 3.295400e+02 
3.317100e-01 3.274660e+02 
3.328900e-01 3.254948e+02 
3.340700e-01 3.235417e+02 
3.353600e-01 3.214349e+02 
3.365300e-01 3.195452e+02 
3.377100e-01 3.176564e+02 
3.389200e-01 3.157371e+02 
3.401600e-01 3.137886e+02 
3.413700e-01 3.119128e+02 
3.425300e-01 3.101360e+02 
3.437700e-01 3.082538e+02 
3.449800e-01 3.064338e+02 
3.461800e-01 3.046451e+02 
3.473600e-01 3.029056e+02 
3.485800e-01 3.011326e+02 
3.498100e-01 2.993611e+02 
3.510200e-01 2.976340e+02 
3.522000e-01 2.959643e+02 
3.533900e-01 2.942950e+02 
3.546400e-01 2.925706e+02 
3.558400e-01 2.909305e+02 
3.570600e-01 2.892775e+02 
3.582700e-01 2.876524e+02 
3.595000e-01 2.860147e+02 
3.607100e-01 2.844253e+02 
3.618900e-01 2.828943e+02 
3.631200e-01 2.813120e+02 
3.643200e-01 2.797814e+02 
3.655500e-01 2.782259e+02 
3.667300e-01 2.767462e+02 
3.679500e-01 2.752439e+02 
3.691900e-01 2.737300e+02 
3.703600e-01 2.723134e+02 
3.715700e-01 2.708603e+02 
3.727700e-01 2.694311e+02 
3.739900e-01 2.679949e+02 
3.752000e-01 2.665909e+02 
3.763900e-01 2.652213e+02 
3.775800e-01 2.638627e+02 
3.788200e-01 2.624586e+02 
3.800300e-01 2.610997e+02 
3.812100e-01 2.597919e+02 
3.824200e-01 2.584661e+02 
3.836100e-01 2.571727e+02 
3.848600e-01 2.558249e+02 
3.860400e-01 2.545628e+02 
3.872400e-01 2.532894e+02 
3.884600e-01 2.520135e+02 
3.896500e-01 2.507820e+02 
3.908700e-01 2.495294e+02 
3.920600e-01 2.483171e+02 
3.933100e-01 2.470536e+02 
3.945300e-01 2.458303e+02 
3.957200e-01 2.446549e+02 
3.969300e-01 2.434713e+02 
3.981700e-01 2.422678e+02 
3.993500e-01 2.411314e+02 
4.094840e-01 2.317477e+02 
4.272360e-01 2.168658e+02 
4.454600e-01 2.032792e+02 
4.630560e-01 1.915203e+02 
4.804610e-01 1.810071e+02 
4.980690e-01 1.713421e+02 
5.159230e-01 1.624114e+02 
5.317440e-01 1.551431e+02 
5.489640e-01 1.478511e+02 
5.671990e-01 1.407606e+02 
5.838690e-01 1.347858e+02 
6.018840e-01 1.288210e+02 
6.202330e-01 1.232264e+02 
6.379250e-01 1.182341e+02 
6.545410e-01 1.138881e+02 
6.714560e-01 1.097580e+02 
6.892080e-01 1.057211e+02 
7.066010e-01 1.020374e+02 
7.240540e-01 9.857895e+01 
7.420450e-01 9.525131e+01 
7.593780e-01 9.224888e+01 
7.764720e-01 8.946231e+01 
7.942840e-01 8.673114e+01 
8.116170e-01 8.422959e+01 
8.288310e-01 8.188579e+01 
8.462240e-01 7.964480e+01 
8.631980e-01 7.757229e+01 
8.810700e-01 7.550229e+01 
8.989410e-01 7.353948e+01 
9.166330e-01 7.169301e+01 
9.345640e-01 6.991278e+01 
9.515980e-01 6.830053e+01 
9.688720e-01 6.673787e+01 
9.865640e-01 6.520854e+01 
1.031870e+00 6.158172e+01 
1.063490e+00 5.927017e+01 
1.097920e+00 5.693410e+01 
1.134370e+00 5.463936e+01 
1.167730e+00 5.268495e+01 
1.203830e+00 5.070718e+01 
1.240470e+00 4.883266e+01 
1.275790e+00 4.713755e+01 
1.309140e+00 4.563154e+01 
1.342970e+00 4.418418e+01 
1.378420e+00 4.275220e+01 
1.413200e+00 4.142203e+01 
1.448110e+00 4.015471e+01 
1.484090e+00 3.891665e+01 
1.518820e+00 3.778018e+01 
1.552880e+00 3.671723e+01 
1.588630e+00 3.565293e+01 
1.623230e+00 3.467093e+01 
1.657720e+00 3.373486e+01 
1.692450e+00 3.283341e+01 
1.726400e+00 3.198755e+01 
1.762200e+00 3.113224e+01 
1.797880e+00 3.031607e+01 
1.833270e+00 2.953945e+01 
1.869070e+00 2.878499e+01 
1.903200e+00 2.809372e+01 
1.937740e+00 2.742002e+01 
1.973190e+00 2.675410e+01 
2.007440e+00 2.613433e+01 
2.042160e+00 2.552843e+01 
2.077900e+00 2.492672e+01 
2.112390e+00 2.436660e+01 
2.146220e+00 2.383498e+01 
2.181600e+00 2.329780e+01 
2.216930e+00 2.277951e+01 
2.250760e+00 2.229938e+01 
2.286500e+00 2.180852e+01 
2.321770e+00 2.133993e+01 
2.355950e+00 2.089998e+01 
2.391280e+00 2.045869e+01 
2.426240e+00 2.003549e+01 
2.460670e+00 1.963153e+01 
2.495640e+00 1.923383e+01 
2.531080e+00 1.884202e+01 
2.566220e+00 1.846495e+01 
2.600830e+00 1.810450e+01 
2.635080e+00 1.775809e+01 
2.670340e+00 1.741061e+01 
2.705970e+00 1.706973e+01 
2.740040e+00 1.675301e+01 
2.774520e+00 1.644062e+01 
2.809730e+00 1.613005e+01 
2.844390e+00 1.583276e+01 
2.879960e+00 1.553558e+01 
2.914860e+00 1.525158e+01 
2.949410e+00 1.497796e+01 
2.984440e+00 1.470724e+01 
3.019760e+00 1.444137e+01 
3.054730e+00 1.418515e+01 
3.089030e+00 1.393929e+01 
3.124060e+00 1.369468e+01 
3.159560e+00 1.345297e+01 
3.194710e+00 1.321935e+01 
3.229010e+00 1.299717e+01 
3.263320e+00 1.277940e+01 
3.297930e+00 1.256520e+01 
3.332830e+00 1.235422e+01 
3.368040e+00 1.214628e+01 
3.403300e+00 1.194301e+01 
3.438450e+00 1.174481e+01 
3.473060e+00 1.155444e+01 
3.508440e+00 1.136375e+01 
3.543110e+00 1.118143e+01 
3.577470e+00 1.100432e+01 
3.613040e+00 1.082529e+01 
3.648120e+00 1.065249e+01 
3.682910e+00 1.048496e+01 
3.718050e+00 1.031920e+01 
3.753320e+00 1.015656e+01 
3.787980e+00 1.000013e+01 
3.822290e+00 9.848569e+00 
3.857020e+00 9.698232e+00 
3.891920e+00 9.550369e+00 
3.926650e+00 9.406098e+00 
3.961970e+00 9.262549e+00 
3.997360e+00 9.121573e+00 
4.031670e+00 8.987866e+00 
4.066330e+00 8.855366e+00 
4.101420e+00 8.724158e+00 
4.136200e+00 8.596325e+00 
4.170810e+00 8.471869e+00 
4.206250e+00 8.346828e+00 
4.241580e+00 8.224816e+00 
4.276300e+00 8.107151e+00 
4.310970e+00 7.991945e+00 
4.346120e+00 7.877464e+00 
4.380600e+00 7.767283e+00 
4.414730e+00 7.660428e+00 
4.450350e+00 7.550821e+00 
4.485320e+00 7.445436e+00 
4.519810e+00 7.343339e+00 
4.555430e+00 7.239914e+00 
4.590870e+00 7.139032e+00 
4.625480e+00 7.042320e+00 
4.659910e+00 6.947990e+00 
4.695230e+00 6.852870e+00 
4.729960e+00 6.761131e+00 
4.764450e+00 6.671672e+00 
4.799530e+00 6.582255e+00 
4.834910e+00 6.493815e+00 
4.869700e+00 6.408364e+00 
4.904370e+00 6.324784e+00 
4.939450e+00 6.241763e+00 
4.973940e+00 6.161557e+00 
5.008430e+00 6.082820e+00 
5.043810e+00 6.003423e+00 
5.078840e+00 5.926197e+00 
5.113500e+00 5.851175e+00 
5.148890e+00 5.775831e+00 
5.184210e+00 5.702000e+00 
5.219060e+00 5.630444e+00 
5.253660e+00 5.560608e+00 
5.288570e+00 5.491386e+00 
5.323420e+00 5.423462e+00 
5.358440e+00 5.356363e+00 
5.393590e+00 5.290190e+00 
5.428310e+00 5.225917e+00 
5.462800e+00 5.163136e+00 
5.497640e+00 5.100793e+00 
5.532670e+00 5.039141e+00 
5.567280e+00 4.979243e+00 
5.602000e+00 4.920157e+00 
5.637270e+00 4.861137e+00 
5.672410e+00 4.803318e+00 
5.707020e+00 4.747311e+00 
5.742040e+00 4.691574e+00 
5.777430e+00 4.636176e+00 
5.812210e+00 4.582623e+00 
5.846820e+00 4.530184e+00 
5.881610e+00 4.478313e+00 
5.916510e+00 4.427109e+00 
5.951600e+00 4.376454e+00 
5.986560e+00 4.326792e+00 
6.021830e+00 4.277482e+00 
6.056490e+00 4.229812e+00 
6.091160e+00 4.182888e+00 
6.125830e+00 4.136686e+00 
6.161090e+00 4.090440e+00 
6.195760e+00 4.045703e+00 
6.230420e+00 4.001656e+00 
6.265690e+00 3.957517e+00 
6.300950e+00 3.914107e+00 
6.335620e+00 3.872066e+00 
6.370880e+00 3.829949e+00 
6.405550e+00 3.789205e+00 
6.440220e+00 3.749081e+00 
6.475480e+00 3.708874e+00 
6.510150e+00 3.669937e+00 
6.544810e+00 3.631612e+00 
6.580080e+00 3.593178e+00 
6.614750e+00 3.555944e+00 
6.649410e+00 3.519333e+00 
6.684080e+00 3.483248e+00 
6.719340e+00 3.447070e+00 
6.754010e+00 3.412024e+00 
6.788680e+00 3.377523e+00 
6.823940e+00 3.342926e+00 
6.859800e+00 3.308239e+00 
6.894470e+00 3.275237e+00 
6.929140e+00 3.242710e+00 
6.963800e+00 3.210635e+00 
6.999070e+00 3.178449e+00 
7.033730e+00 3.147332e+00 
7.068400e+00 3.116625e+00 
7.103660e+00 3.085818e+00 
7.138330e+00 3.055965e+00 
7.173600e+00 3.026069e+00 
7.208260e+00 2.997082e+00 
7.243530e+00 2.967975e+00 
7.277600e+00 2.940272e+00 
7.312860e+00 2.912018e+00 
7.348120e+00 2.884136e+00 
7.382790e+00 2.857076e+00 
7.417460e+00 2.830429e+00 
7.452720e+00 2.803710e+00 
7.487390e+00 2.777775e+00 
7.522650e+00 2.751736e+00 
7.557320e+00 2.726532e+00 
7.591990e+00 2.701673e+00 
7.627250e+00 2.676709e+00 
7.662510e+00 2.652061e+00 
7.697180e+00 2.628199e+00 
7.731850e+00 2.604658e+00 
7.766510e+00 2.581412e+00 
7.801180e+00 2.558443e+00 
7.836440e+00 2.535436e+00 
7.871110e+00 2.513131e+00 
7.906380e+00 2.490715e+00 
7.941040e+00 2.468954e+00 
7.976310e+00 2.447114e+00 
8.011570e+00 2.425591e+00 
8.046240e+00 2.404680e+00 
8.080900e+00 2.384021e+00 
8.115570e+00 2.363622e+00 
8.150830e+00 2.343204e+00 
8.185500e+00 2.323363e+00 
8.220770e+00 2.303415e+00 
8.255430e+00 2.284040e+00 
8.290100e+00 2.264964e+00 
8.324770e+00 2.246115e+00 
8.359430e+00 2.227486e+00 
8.394700e+00 2.208747e+00 
8.429960e+00 2.190278e+00 
8.464630e+00 2.172375e+00 
8.499890e+00 2.154374e+00 
8.534560e+00 2.136873e+00 
8.569200e+00 2.119581e+00 
