# Parameters:
# omega_b = 0.022839, omega_m = 0.139843, n_s = 0.931890, h = 64.448819, w = -1.000000, sigma_8 = 0.711024
# z = 1.300000
#
# k[1/Mpc] # P(k):
8.694000e-04 4.414806e+03 
2.077466e-03 9.180703e+03 
3.285532e-03 1.280206e+04 
4.493598e-03 1.552999e+04 
5.701664e-03 1.751547e+04 
6.909730e-03 1.888926e+04 
8.117797e-03 1.979066e+04 
9.325863e-03 2.029185e+04 
1.053393e-02 2.046397e+04 
1.174199e-02 2.037132e+04 
1.295006e-02 2.005472e+04 
1.415813e-02 1.956773e+04 
1.536619e-02 1.895641e+04 
1.657426e-02 1.825279e+04 
1.778233e-02 1.748964e+04 
1.899039e-02 1.671212e+04 
2.019846e-02 1.593173e+04 
2.140652e-02 1.516048e+04 
2.261459e-02 1.441086e+04 
2.382266e-02 1.369817e+04 
2.503072e-02 1.303186e+04 
2.623879e-02 1.241516e+04 
2.744685e-02 1.184902e+04 
2.865492e-02 1.133477e+04 
2.986299e-02 1.087014e+04 
3.100100e-02 1.047651e+04 
3.220400e-02 1.010345e+04 
3.288100e-02 9.912446e+03 
3.424300e-02 9.564112e+03 
3.555100e-02 9.268573e+03 
3.686000e-02 9.006037e+03 
3.795000e-02 8.807810e+03 
3.929100e-02 8.585540e+03 
4.039800e-02 8.414670e+03 
4.164000e-02 8.232382e+03 
4.294400e-02 8.045379e+03 
4.415000e-02 7.875337e+03 
4.542900e-02 7.690880e+03 
4.660900e-02 7.519116e+03 
4.782300e-02 7.332192e+03 
4.892900e-02 7.157977e+03 
5.031200e-02 6.931944e+03 
5.155900e-02 6.719782e+03 
5.238100e-02 6.577016e+03 
5.378200e-02 6.330422e+03 
5.513400e-02 6.089548e+03 
5.627600e-02 5.886555e+03 
5.735300e-02 5.698016e+03 
5.870100e-02 5.468530e+03 
5.988700e-02 5.275052e+03 
6.113500e-02 5.081007e+03 
6.225900e-02 4.915623e+03 
6.340100e-02 4.757151e+03 
6.480200e-02 4.575446e+03 
6.601100e-02 4.430700e+03 
6.725500e-02 4.292959e+03 
6.829100e-02 4.187703e+03 
6.958600e-02 4.066211e+03 
7.071100e-02 3.970582e+03 
7.192300e-02 3.876853e+03 
7.307400e-02 3.796134e+03 
7.412300e-02 3.728940e+03 
7.550400e-02 3.649424e+03 
7.663100e-02 3.590125e+03 
7.791200e-02 3.528988e+03 
7.912700e-02 3.475290e+03 
8.027600e-02 3.427037e+03 
8.138400e-02 3.382068e+03 
8.272200e-02 3.328903e+03 
8.406100e-02 3.275922e+03 
8.534100e-02 3.223989e+03 
8.653800e-02 3.173560e+03 
8.759800e-02 3.127739e+03 
8.900300e-02 3.064739e+03 
9.009000e-02 3.013767e+03 
9.113300e-02 2.962674e+03 
9.239600e-02 2.899618e+03 
9.358000e-02 2.838716e+03 
9.496100e-02 2.765331e+03 
9.608400e-02 2.705324e+03 
9.727500e-02 2.641915e+03 
9.852600e-02 2.574355e+03 
9.973800e-02 2.510315e+03 
1.009000e-01 2.450272e+03 
1.020900e-01 2.390399e+03 
1.034000e-01 2.327093e+03 
1.046000e-01 2.271501e+03 
1.057200e-01 2.222824e+03 
1.069100e-01 2.173381e+03 
1.082500e-01 2.121886e+03 
1.093900e-01 2.081267e+03 
1.105400e-01 2.042486e+03 
1.116900e-01 2.007570e+03 
1.129600e-01 1.971054e+03 
1.142000e-01 1.938953e+03 
1.153300e-01 1.911431e+03 
1.166400e-01 1.881870e+03 
1.177800e-01 1.857954e+03 
1.190000e-01 1.833520e+03 
1.201200e-01 1.812325e+03 
1.213400e-01 1.789909e+03 
1.227100e-01 1.765480e+03 
1.238900e-01 1.744833e+03 
1.250700e-01 1.724153e+03 
1.263200e-01 1.702388e+03 
1.275500e-01 1.680652e+03 
1.287500e-01 1.659347e+03 
1.299900e-01 1.636906e+03 
1.311300e-01 1.616069e+03 
1.323500e-01 1.593257e+03 
1.335900e-01 1.569913e+03 
1.347100e-01 1.548380e+03 
1.359800e-01 1.523991e+03 
1.372100e-01 1.499885e+03 
1.384300e-01 1.476188e+03 
1.395700e-01 1.453729e+03 
1.407700e-01 1.430542e+03 
1.420300e-01 1.406046e+03 
1.432800e-01 1.382320e+03 
1.444500e-01 1.360361e+03 
1.456300e-01 1.338701e+03 
1.468900e-01 1.316336e+03 
1.480500e-01 1.296273e+03 
1.491700e-01 1.277591e+03 
1.503800e-01 1.258196e+03 
1.516400e-01 1.238622e+03 
1.528200e-01 1.221478e+03 
1.540200e-01 1.204398e+03 
1.551900e-01 1.188914e+03 
1.564300e-01 1.173033e+03 
1.576600e-01 1.158020e+03 
1.588700e-01 1.144047e+03 
1.600900e-01 1.130265e+03 
1.612700e-01 1.117828e+03 
1.625400e-01 1.104695e+03 
1.637600e-01 1.092509e+03 
1.649500e-01 1.080950e+03 
1.662200e-01 1.068835e+03 
1.674000e-01 1.057743e+03 
1.685000e-01 1.047578e+03 
1.697500e-01 1.036054e+03 
1.710300e-01 1.024302e+03 
1.722200e-01 1.013572e+03 
1.734400e-01 1.002269e+03 
1.746400e-01 9.913263e+02 
1.758700e-01 9.801358e+02 
1.770900e-01 9.688858e+02 
1.782700e-01 9.581924e+02 
1.794600e-01 9.473382e+02 
1.807000e-01 9.360547e+02 
1.819100e-01 9.252368e+02 
1.830100e-01 9.153519e+02 
1.842200e-01 9.046208e+02 
1.855000e-01 8.934653e+02 
1.867000e-01 8.831137e+02 
1.879200e-01 8.727679e+02 
1.890900e-01 8.630227e+02 
1.902800e-01 8.533322e+02 
1.915200e-01 8.434029e+02 
1.926900e-01 8.342322e+02 
1.939000e-01 8.250438e+02 
1.951700e-01 8.155599e+02 
1.963100e-01 8.072421e+02 
1.975100e-01 7.987788e+02 
1.987800e-01 7.899661e+02 
2.000100e-01 7.816351e+02 
2.012500e-01 7.735224e+02 
2.023400e-01 7.664967e+02 
2.036100e-01 7.584677e+02 
2.048900e-01 7.506401e+02 
2.060400e-01 7.437135e+02 
2.072200e-01 7.367165e+02 
2.084200e-01 7.298032e+02 
2.096900e-01 7.225964e+02 
2.109200e-01 7.157220e+02 
2.121100e-01 7.091995e+02 
2.132700e-01 7.029322e+02 
2.145200e-01 6.962752e+02 
2.157200e-01 6.899709e+02 
2.168800e-01 6.839585e+02 
2.180700e-01 6.778752e+02 
2.193400e-01 6.714604e+02 
2.206000e-01 6.651608e+02 
2.217500e-01 6.594909e+02 
2.229500e-01 6.536541e+02 
2.241400e-01 6.478909e+02 
2.253500e-01 6.421094e+02 
2.264900e-01 6.367347e+02 
2.277100e-01 6.310352e+02 
2.289900e-01 6.251125e+02 
2.301500e-01 6.198181e+02 
2.313600e-01 6.143680e+02 
2.325600e-01 6.089992e+02 
2.337700e-01 6.036577e+02 
2.350000e-01 5.983005e+02 
2.362000e-01 5.931358e+02 
2.374100e-01 5.879874e+02 
2.386500e-01 5.827813e+02 
2.399100e-01 5.775624e+02 
2.410400e-01 5.729453e+02 
2.422500e-01 5.680636e+02 
2.435000e-01 5.630862e+02 
2.447300e-01 5.582569e+02 
2.458700e-01 5.538539e+02 
2.470600e-01 5.493138e+02 
2.483300e-01 5.445304e+02 
2.495600e-01 5.399695e+02 
2.507600e-01 5.355916e+02 
2.519600e-01 5.312676e+02 
2.532200e-01 5.267841e+02 
2.543700e-01 5.227626e+02 
2.555500e-01 5.186984e+02 
2.568000e-01 5.144455e+02 
2.580100e-01 5.103792e+02 
2.592400e-01 5.063195e+02 
2.604100e-01 5.025139e+02 
2.616100e-01 4.986561e+02 
2.628400e-01 4.947488e+02 
2.640600e-01 4.909401e+02 
2.652200e-01 4.873685e+02 
2.664300e-01 4.836853e+02 
2.676500e-01 4.800150e+02 
2.688400e-01 4.764884e+02 
2.700700e-01 4.728927e+02 
2.712400e-01 4.695112e+02 
2.724800e-01 4.659680e+02 
2.736700e-01 4.626146e+02 
2.748800e-01 4.592516e+02 
2.761000e-01 4.558990e+02 
2.773200e-01 4.525841e+02 
2.785400e-01 4.493089e+02 
2.797000e-01 4.462341e+02 
2.808900e-01 4.431135e+02 
2.821400e-01 4.398719e+02 
2.833900e-01 4.366668e+02 
2.845500e-01 4.337259e+02 
2.857800e-01 4.306410e+02 
2.870300e-01 4.275405e+02 
2.882100e-01 4.246452e+02 
2.893900e-01 4.217808e+02 
2.906300e-01 4.188032e+02 
2.918900e-01 4.158107e+02 
2.930500e-01 4.130848e+02 
2.942500e-01 4.102934e+02 
2.954200e-01 4.075984e+02 
2.966500e-01 4.047944e+02 
2.978900e-01 4.019977e+02 
2.990400e-01 3.994306e+02 
3.002700e-01 3.967110e+02 
3.015100e-01 3.939972e+02 
3.026800e-01 3.914627e+02 
3.038500e-01 3.889533e+02 
3.050300e-01 3.864474e+02 
3.062600e-01 3.838596e+02 
3.075000e-01 3.812777e+02 
3.087000e-01 3.788044e+02 
3.099100e-01 3.763354e+02 
3.111200e-01 3.738918e+02 
3.123100e-01 3.715136e+02 
3.135300e-01 3.690995e+02 
3.147300e-01 3.667484e+02 
3.159900e-01 3.643044e+02 
3.171800e-01 3.620207e+02 
3.183700e-01 3.597601e+02 
3.196300e-01 3.573900e+02 
3.208400e-01 3.551364e+02 
3.220300e-01 3.529413e+02 
3.232000e-01 3.508072e+02 
3.244300e-01 3.485864e+02 
3.256700e-01 3.463694e+02 
3.269200e-01 3.441564e+02 
3.280800e-01 3.421220e+02 
3.292500e-01 3.400950e+02 
3.304800e-01 3.379857e+02 
3.317100e-01 3.358965e+02 
3.328900e-01 3.339109e+02 
3.340700e-01 3.319432e+02 
3.353600e-01 3.298203e+02 
3.365300e-01 3.279159e+02 
3.377100e-01 3.260123e+02 
3.389200e-01 3.240779e+02 
3.401600e-01 3.221139e+02 
3.413700e-01 3.202229e+02 
3.425300e-01 3.184316e+02 
3.437700e-01 3.165338e+02 
3.449800e-01 3.146988e+02 
3.461800e-01 3.128952e+02 
3.473600e-01 3.111410e+02 
3.485800e-01 3.093527e+02 
3.498100e-01 3.075659e+02 
3.510200e-01 3.058237e+02 
3.522000e-01 3.041395e+02 
3.533900e-01 3.024555e+02 
3.546400e-01 3.007156e+02 
3.558400e-01 2.990607e+02 
3.570600e-01 2.973928e+02 
3.582700e-01 2.957529e+02 
3.595000e-01 2.941003e+02 
3.607100e-01 2.924961e+02 
3.618900e-01 2.909508e+02 
3.631200e-01 2.893535e+02 
3.643200e-01 2.878085e+02 
3.655500e-01 2.862382e+02 
3.667300e-01 2.847444e+02 
3.679500e-01 2.832275e+02 
3.691900e-01 2.816988e+02 
3.703600e-01 2.802683e+02 
3.715700e-01 2.788009e+02 
3.727700e-01 2.773576e+02 
3.739900e-01 2.759071e+02 
3.752000e-01 2.744891e+02 
3.763900e-01 2.731057e+02 
3.775800e-01 2.717335e+02 
3.788200e-01 2.703151e+02 
3.800300e-01 2.689424e+02 
3.812100e-01 2.676211e+02 
3.824200e-01 2.662816e+02 
3.836100e-01 2.649746e+02 
3.848600e-01 2.636127e+02 
3.860400e-01 2.623374e+02 
3.872400e-01 2.610505e+02 
3.884600e-01 2.597610e+02 
3.896500e-01 2.585163e+02 
3.908700e-01 2.572501e+02 
3.920600e-01 2.560247e+02 
3.933100e-01 2.547475e+02 
3.945300e-01 2.535109e+02 
3.957200e-01 2.523225e+02 
3.969300e-01 2.511258e+02 
3.981700e-01 2.499089e+02 
3.993500e-01 2.487598e+02 
4.094840e-01 2.392682e+02 
4.272360e-01 2.242027e+02 
4.454600e-01 2.104325e+02 
4.630560e-01 1.984994e+02 
4.804610e-01 1.878165e+02 
4.980690e-01 1.779822e+02 
5.159230e-01 1.688827e+02 
5.317440e-01 1.614678e+02 
5.489640e-01 1.540201e+02 
5.671990e-01 1.467693e+02 
5.838690e-01 1.406531e+02 
6.018840e-01 1.345414e+02 
6.202330e-01 1.288034e+02 
6.379250e-01 1.236793e+02 
6.545410e-01 1.192154e+02 
6.714560e-01 1.149708e+02 
6.892080e-01 1.108197e+02 
7.066010e-01 1.070301e+02 
7.240540e-01 1.034704e+02 
7.420450e-01 1.000441e+02 
7.593780e-01 9.695161e+01 
7.764720e-01 9.408042e+01 
7.942840e-01 9.126550e+01 
8.116170e-01 8.868649e+01 
8.288310e-01 8.626943e+01 
8.462240e-01 8.395779e+01 
8.631980e-01 8.181933e+01 
8.810700e-01 7.968288e+01 
8.989410e-01 7.765647e+01 
9.166330e-01 7.574965e+01 
9.345640e-01 7.391058e+01 
9.515980e-01 7.224458e+01 
9.688720e-01 7.062931e+01 
9.865640e-01 6.904797e+01 
1.031870e+00 6.529527e+01 
1.063490e+00 6.290130e+01 
1.097920e+00 6.048029e+01 
1.134370e+00 5.809987e+01 
1.167730e+00 5.607081e+01 
1.203830e+00 5.401532e+01 
1.240470e+00 5.206541e+01 
1.275790e+00 5.030013e+01 
1.309140e+00 4.873058e+01 
1.342970e+00 4.722028e+01 
1.378420e+00 4.572484e+01 
1.413200e+00 4.433426e+01 
1.448110e+00 4.300799e+01 
1.484090e+00 4.171126e+01 
1.518820e+00 4.051968e+01 
1.552880e+00 3.940402e+01 
1.588630e+00 3.828592e+01 
1.623230e+00 3.725338e+01 
1.657720e+00 3.626836e+01 
1.692450e+00 3.531889e+01 
1.726400e+00 3.442707e+01 
1.762200e+00 3.352454e+01 
1.797880e+00 3.266261e+01 
1.833270e+00 3.184183e+01 
1.869070e+00 3.104374e+01 
1.903200e+00 3.031197e+01 
1.937740e+00 2.959826e+01 
1.973190e+00 2.889228e+01 
2.007440e+00 2.823474e+01 
2.042160e+00 2.759144e+01 
2.077900e+00 2.695216e+01 
2.112390e+00 2.635667e+01 
2.146220e+00 2.579109e+01 
2.181600e+00 2.521922e+01 
2.216930e+00 2.466710e+01 
2.250760e+00 2.415533e+01 
2.286500e+00 2.363184e+01 
2.321770e+00 2.313179e+01 
2.355950e+00 2.266204e+01 
2.391280e+00 2.219054e+01 
2.426240e+00 2.173814e+01 
2.460670e+00 2.130610e+01 
2.495640e+00 2.088057e+01 
2.531080e+00 2.046105e+01 
2.566220e+00 2.005714e+01 
2.600830e+00 1.967084e+01 
2.635080e+00 1.929943e+01 
2.670340e+00 1.892664e+01 
2.705970e+00 1.856078e+01 
2.740040e+00 1.822075e+01 
2.774520e+00 1.788519e+01 
2.809730e+00 1.755144e+01 
2.844390e+00 1.723183e+01 
2.879960e+00 1.691221e+01 
2.914860e+00 1.660663e+01 
2.949410e+00 1.631214e+01 
2.984440e+00 1.602062e+01 
3.019760e+00 1.573423e+01 
3.054730e+00 1.545817e+01 
3.089030e+00 1.519312e+01 
3.124060e+00 1.492935e+01 
3.159560e+00 1.466863e+01 
3.194710e+00 1.441653e+01 
3.229010e+00 1.417673e+01 
3.263320e+00 1.394159e+01 
3.297930e+00 1.371025e+01 
3.332830e+00 1.348230e+01 
3.368040e+00 1.325758e+01 
3.403300e+00 1.303785e+01 
3.438450e+00 1.282352e+01 
3.473060e+00 1.261763e+01 
3.508440e+00 1.241131e+01 
3.543110e+00 1.221402e+01 
3.577470e+00 1.202229e+01 
3.613040e+00 1.182845e+01 
3.648120e+00 1.164131e+01 
3.682910e+00 1.145983e+01 
3.718050e+00 1.128023e+01 
3.753320e+00 1.110397e+01 
3.787980e+00 1.093440e+01 
3.822290e+00 1.077008e+01 
3.857020e+00 1.060704e+01 
3.891920e+00 1.044667e+01 
3.926650e+00 1.029014e+01 
3.961970e+00 1.013438e+01 
3.997360e+00 9.981377e+00 
4.031670e+00 9.836244e+00 
4.066330e+00 9.692378e+00 
4.101420e+00 9.549904e+00 
4.136200e+00 9.411062e+00 
4.170810e+00 9.275878e+00 
4.206250e+00 9.140025e+00 
4.241580e+00 9.007451e+00 
4.276300e+00 8.879570e+00 
4.310970e+00 8.754344e+00 
4.346120e+00 8.629888e+00 
4.380600e+00 8.510081e+00 
4.414730e+00 8.393886e+00 
4.450350e+00 8.274671e+00 
4.485320e+00 8.160042e+00 
4.519810e+00 8.048967e+00 
4.555430e+00 7.936435e+00 
4.590870e+00 7.826656e+00 
4.625480e+00 7.721394e+00 
4.659910e+00 7.618719e+00 
4.695230e+00 7.515164e+00 
4.729960e+00 7.415282e+00 
4.764450e+00 7.317871e+00 
4.799530e+00 7.220487e+00 
4.834910e+00 7.124161e+00 
4.869700e+00 7.031078e+00 
4.904370e+00 6.940026e+00 
4.939450e+00 6.849574e+00 
4.973940e+00 6.762173e+00 
5.008430e+00 6.676369e+00 
5.043810e+00 6.589834e+00 
5.078840e+00 6.505655e+00 
5.113500e+00 6.423875e+00 
5.148890e+00 6.341727e+00 
5.184210e+00 6.261223e+00 
5.219060e+00 6.183193e+00 
5.253660e+00 6.107026e+00 
5.288570e+00 6.031526e+00 
5.323420e+00 5.957433e+00 
5.358440e+00 5.884231e+00 
5.393590e+00 5.812037e+00 
5.428310e+00 5.741904e+00 
5.462800e+00 5.673392e+00 
5.497640e+00 5.605356e+00 
5.532670e+00 5.538063e+00 
5.567280e+00 5.472679e+00 
5.602000e+00 5.408179e+00 
5.637270e+00 5.343738e+00 
5.672410e+00 5.280604e+00 
5.707020e+00 5.219446e+00 
5.742040e+00 5.158572e+00 
5.777430e+00 5.098064e+00 
5.812210e+00 5.039568e+00 
5.846820e+00 4.982280e+00 
5.881610e+00 4.925608e+00 
5.916510e+00 4.869662e+00 
5.951600e+00 4.814308e+00 
5.986560e+00 4.760034e+00 
6.021830e+00 4.706142e+00 
6.056490e+00 4.654035e+00 
6.091160e+00 4.602738e+00 
6.125830e+00 4.552228e+00 
6.161090e+00 4.501665e+00 
6.195760e+00 4.452743e+00 
6.230420e+00 4.404574e+00 
6.265690e+00 4.356301e+00 
6.300950e+00 4.308815e+00 
6.335620e+00 4.262823e+00 
6.370880e+00 4.216746e+00 
6.405550e+00 4.172165e+00 
6.440220e+00 4.128258e+00 
6.475480e+00 4.084260e+00 
6.510150e+00 4.041645e+00 
6.544810e+00 3.999693e+00 
6.580080e+00 3.957621e+00 
6.614750e+00 3.916860e+00 
6.649410e+00 3.876772e+00 
6.684080e+00 3.837256e+00 
6.719340e+00 3.797637e+00 
6.754010e+00 3.759255e+00 
6.788680e+00 3.721460e+00 
6.823940e+00 3.683559e+00 
6.859800e+00 3.645559e+00 
6.894470e+00 3.609395e+00 
6.929140e+00 3.573748e+00 
6.963800e+00 3.538596e+00 
6.999070e+00 3.503320e+00 
7.033730e+00 3.469208e+00 
7.068400e+00 3.435544e+00 
7.103660e+00 3.401768e+00 
7.138330e+00 3.369035e+00 
7.173600e+00 3.336248e+00 
7.208260e+00 3.304455e+00 
7.243530e+00 3.272531e+00 
7.277600e+00 3.242140e+00 
7.312860e+00 3.211139e+00 
7.348120e+00 3.180544e+00 
7.382790e+00 3.150852e+00 
7.417460e+00 3.121604e+00 
7.452720e+00 3.092275e+00 
7.487390e+00 3.063806e+00 
7.522650e+00 3.035221e+00 
7.557320e+00 3.007547e+00 
7.591990e+00 2.980247e+00 
7.627250e+00 2.952831e+00 
7.662510e+00 2.925761e+00 
7.697180e+00 2.899547e+00 
7.731850e+00 2.873683e+00 
7.766510e+00 2.848143e+00 
7.801180e+00 2.822907e+00 
7.836440e+00 2.797622e+00 
7.871110e+00 2.773104e+00 
7.906380e+00 2.748465e+00 
7.941040e+00 2.724544e+00 
7.976310e+00 2.700533e+00 
8.011570e+00 2.676862e+00 
8.046240e+00 2.653866e+00 
8.080900e+00 2.631146e+00 
8.115570e+00 2.608709e+00 
8.150830e+00 2.586245e+00 
8.185500e+00 2.564416e+00 
8.220770e+00 2.542468e+00 
8.255430e+00 2.521151e+00 
8.290100e+00 2.500152e+00 
8.324770e+00 2.479403e+00 
8.359430e+00 2.458896e+00 
8.394700e+00 2.438267e+00 
8.429960e+00 2.417931e+00 
8.464630e+00 2.398214e+00 
8.499890e+00 2.378387e+00 
8.534560e+00 2.359111e+00 
8.569200e+00 2.340066e+00 
