# Parameters:
# omega_b = 0.021500, omega_m = 0.126614, n_s = 0.903543, h = 72.480315, w = -1.000000, sigma_8 = 0.896850
# z = 1.300000
#
# k[1/Mpc] # P(k):
8.694000e-04 1.021421e+04 
2.077466e-03 2.040414e+04 
3.285532e-03 2.775469e+04 
4.493598e-03 3.299578e+04 
5.701664e-03 3.657303e+04 
6.909730e-03 3.883536e+04 
8.117797e-03 4.011887e+04 
9.325863e-03 4.059741e+04 
1.053393e-02 4.043379e+04 
1.174199e-02 3.977025e+04 
1.295006e-02 3.869707e+04 
1.415813e-02 3.732931e+04 
1.536619e-02 3.576236e+04 
1.657426e-02 3.405974e+04 
1.778233e-02 3.227459e+04 
1.899039e-02 3.048505e+04 
2.019846e-02 2.873718e+04 
2.140652e-02 2.706887e+04 
2.261459e-02 2.549667e+04 
2.382266e-02 2.403914e+04 
2.503072e-02 2.270737e+04 
2.623879e-02 2.150183e+04 
2.744685e-02 2.042172e+04 
2.865492e-02 1.946122e+04 
2.986299e-02 1.861069e+04 
3.100100e-02 1.790494e+04 
3.220400e-02 1.724783e+04 
3.288100e-02 1.691633e+04 
3.424300e-02 1.631815e+04 
3.555100e-02 1.581525e+04 
3.686000e-02 1.536973e+04 
3.795000e-02 1.503208e+04 
3.929100e-02 1.464803e+04 
4.039800e-02 1.434672e+04 
4.164000e-02 1.401849e+04 
4.294400e-02 1.367040e+04 
4.415000e-02 1.334738e+04 
4.542900e-02 1.298866e+04 
4.660900e-02 1.265101e+04 
4.782300e-02 1.228065e+04 
4.892900e-02 1.193569e+04 
5.031200e-02 1.149046e+04 
5.155900e-02 1.107723e+04 
5.238100e-02 1.080222e+04 
5.378200e-02 1.033294e+04 
5.513400e-02 9.882660e+03 
5.627600e-02 9.509181e+03 
5.735300e-02 9.166493e+03 
5.870100e-02 8.754166e+03 
5.988700e-02 8.410029e+03 
6.113500e-02 8.068290e+03 
6.225900e-02 7.780668e+03 
6.340100e-02 7.509110e+03 
6.480200e-02 7.203107e+03 
6.601100e-02 6.965887e+03 
6.725500e-02 6.746127e+03 
6.829100e-02 6.583061e+03 
6.958600e-02 6.398919e+03 
7.071100e-02 6.257727e+03 
7.192300e-02 6.122003e+03 
7.307400e-02 6.006943e+03 
7.412300e-02 5.912120e+03 
7.550400e-02 5.800530e+03 
7.663100e-02 5.717109e+03 
7.791200e-02 5.629797e+03 
7.912700e-02 5.550855e+03 
8.027600e-02 5.477639e+03 
8.138400e-02 5.407200e+03 
8.272200e-02 5.320635e+03 
8.406100e-02 5.230880e+03 
8.534100e-02 5.139200e+03 
8.653800e-02 5.047745e+03 
8.759800e-02 4.963528e+03 
8.900300e-02 4.846469e+03 
9.009000e-02 4.751265e+03 
9.113300e-02 4.656061e+03 
9.239600e-02 4.539128e+03 
9.358000e-02 4.427225e+03 
9.496100e-02 4.294654e+03 
9.608400e-02 4.187924e+03 
9.727500e-02 4.076549e+03 
9.852600e-02 3.961592e+03 
9.973800e-02 3.854527e+03 
1.009000e-01 3.755691e+03 
1.020900e-01 3.660971e+03 
1.034000e-01 3.562609e+03 
1.046000e-01 3.478076e+03 
1.057200e-01 3.407002e+03 
1.069100e-01 3.335796e+03 
1.082500e-01 3.264427e+03 
1.093900e-01 3.209608e+03 
1.105400e-01 3.158146e+03 
1.116900e-01 3.113384e+03 
1.129600e-01 3.066957e+03 
1.142000e-01 3.026857e+03 
1.153300e-01 2.992324e+03 
1.166400e-01 2.955009e+03 
1.177800e-01 2.923793e+03 
1.190000e-01 2.891403e+03 
1.201200e-01 2.861111e+03 
1.213400e-01 2.828667e+03 
1.227100e-01 2.789546e+03 
1.238900e-01 2.755727e+03 
1.250700e-01 2.719461e+03 
1.263200e-01 2.680580e+03 
1.275500e-01 2.640189e+03 
1.287500e-01 2.600233e+03 
1.299900e-01 2.557582e+03 
1.311300e-01 2.518190e+03 
1.323500e-01 2.475366e+03 
1.335900e-01 2.432264e+03 
1.347100e-01 2.393403e+03 
1.359800e-01 2.350230e+03 
1.372100e-01 2.309141e+03 
1.384300e-01 2.269506e+03 
1.395700e-01 2.233655e+03 
1.407700e-01 2.196873e+03 
1.420300e-01 2.160255e+03 
1.432800e-01 2.124779e+03 
1.444500e-01 2.093757e+03 
1.456300e-01 2.063135e+03 
1.468900e-01 2.032367e+03 
1.480500e-01 2.005003e+03 
1.491700e-01 1.979690e+03 
1.503800e-01 1.953635e+03 
1.516400e-01 1.927276e+03 
1.528200e-01 1.904008e+03 
1.540200e-01 1.880807e+03 
1.551900e-01 1.859231e+03 
1.564300e-01 1.836954e+03 
1.576600e-01 1.815466e+03 
1.588700e-01 1.794945e+03 
1.600900e-01 1.774645e+03 
1.612700e-01 1.755383e+03 
1.625400e-01 1.735041e+03 
1.637600e-01 1.715678e+03 
1.649500e-01 1.697023e+03 
1.662200e-01 1.677401e+03 
1.674000e-01 1.659048e+03 
1.685000e-01 1.642231e+03 
1.697500e-01 1.623133e+03 
1.710300e-01 1.603624e+03 
1.722200e-01 1.585816e+03 
1.734400e-01 1.567287e+03 
1.746400e-01 1.549361e+03 
1.758700e-01 1.531169e+03 
1.770900e-01 1.513157e+03 
1.782700e-01 1.496038e+03 
1.794600e-01 1.478936e+03 
1.807000e-01 1.461336e+03 
1.819100e-01 1.444462e+03 
1.830100e-01 1.429377e+03 
1.842200e-01 1.413054e+03 
1.855000e-01 1.396097e+03 
1.867000e-01 1.380684e+03 
1.879200e-01 1.365274e+03 
1.890900e-01 1.350790e+03 
1.902800e-01 1.336564e+03 
1.915200e-01 1.321983e+03 
1.926900e-01 1.308536e+03 
1.939000e-01 1.295143e+03 
1.951700e-01 1.281313e+03 
1.963100e-01 1.269181e+03 
1.975100e-01 1.256837e+03 
1.987800e-01 1.243978e+03 
2.000100e-01 1.231798e+03 
2.012500e-01 1.219883e+03 
2.023400e-01 1.209562e+03 
2.036100e-01 1.197739e+03 
2.048900e-01 1.186107e+03 
2.060400e-01 1.175813e+03 
2.072200e-01 1.165400e+03 
2.084200e-01 1.154983e+03 
2.096900e-01 1.144121e+03 
2.109200e-01 1.133758e+03 
2.121100e-01 1.123800e+03 
2.132700e-01 1.114223e+03 
2.145200e-01 1.104050e+03 
2.157200e-01 1.094346e+03 
2.168800e-01 1.085058e+03 
2.180700e-01 1.075660e+03 
2.193400e-01 1.065719e+03 
2.206000e-01 1.055900e+03 
2.217500e-01 1.047062e+03 
2.229500e-01 1.037963e+03 
2.241400e-01 1.028931e+03 
2.253500e-01 1.019868e+03 
2.264900e-01 1.011442e+03 
2.277100e-01 1.002487e+03 
2.289900e-01 9.931591e+02 
2.301500e-01 9.848207e+02 
2.313600e-01 9.762364e+02 
2.325600e-01 9.677548e+02 
2.337700e-01 9.593160e+02 
2.350000e-01 9.508522e+02 
2.362000e-01 9.426839e+02 
2.374100e-01 9.345311e+02 
2.386500e-01 9.262868e+02 
2.399100e-01 9.180221e+02 
2.410400e-01 9.107028e+02 
2.422500e-01 9.029628e+02 
2.435000e-01 8.950711e+02 
2.447300e-01 8.874152e+02 
2.458700e-01 8.804395e+02 
2.470600e-01 8.732463e+02 
2.483300e-01 8.656677e+02 
2.495600e-01 8.584514e+02 
2.507600e-01 8.515383e+02 
2.519600e-01 8.447099e+02 
2.532200e-01 8.376297e+02 
2.543700e-01 8.313006e+02 
2.555500e-01 8.249192e+02 
2.568000e-01 8.182412e+02 
2.580100e-01 8.118559e+02 
2.592400e-01 8.055161e+02 
2.604100e-01 7.995886e+02 
2.616100e-01 7.935794e+02 
2.628400e-01 7.874926e+02 
2.640600e-01 7.815963e+02 
2.652200e-01 7.760814e+02 
2.664300e-01 7.703939e+02 
2.676500e-01 7.647255e+02 
2.688400e-01 7.593093e+02 
2.700700e-01 7.538056e+02 
2.712400e-01 7.486290e+02 
2.724800e-01 7.432042e+02 
2.736700e-01 7.380897e+02 
2.748800e-01 7.329806e+02 
2.761000e-01 7.278865e+02 
2.773200e-01 7.228490e+02 
2.785400e-01 7.178810e+02 
2.797000e-01 7.132370e+02 
2.808900e-01 7.085230e+02 
2.821400e-01 7.036254e+02 
2.833900e-01 6.987832e+02 
2.845500e-01 6.943609e+02 
2.857800e-01 6.897211e+02 
2.870300e-01 6.850571e+02 
2.882100e-01 6.807010e+02 
2.893900e-01 6.764017e+02 
2.906300e-01 6.719376e+02 
2.918900e-01 6.674503e+02 
2.930500e-01 6.633620e+02 
2.942500e-01 6.591777e+02 
2.954200e-01 6.551466e+02 
2.966500e-01 6.509519e+02 
2.978900e-01 6.467671e+02 
2.990400e-01 6.429251e+02 
3.002700e-01 6.388613e+02 
3.015100e-01 6.348089e+02 
3.026800e-01 6.310235e+02 
3.038500e-01 6.272748e+02 
3.050300e-01 6.235307e+02 
3.062600e-01 6.196730e+02 
3.075000e-01 6.158232e+02 
3.087000e-01 6.121345e+02 
3.099100e-01 6.084515e+02 
3.111200e-01 6.048080e+02 
3.123100e-01 6.012653e+02 
3.135300e-01 5.976684e+02 
3.147300e-01 5.941647e+02 
3.159900e-01 5.905217e+02 
3.171800e-01 5.871205e+02 
3.183700e-01 5.837551e+02 
3.196300e-01 5.802261e+02 
3.208400e-01 5.768698e+02 
3.220300e-01 5.735999e+02 
3.232000e-01 5.704216e+02 
3.244300e-01 5.671141e+02 
3.256700e-01 5.638114e+02 
3.269200e-01 5.605139e+02 
3.280800e-01 5.574820e+02 
3.292500e-01 5.544613e+02 
3.304800e-01 5.513177e+02 
3.317100e-01 5.482034e+02 
3.328900e-01 5.452428e+02 
3.340700e-01 5.423084e+02 
3.353600e-01 5.391403e+02 
3.365300e-01 5.362970e+02 
3.377100e-01 5.334544e+02 
3.389200e-01 5.305653e+02 
3.401600e-01 5.276312e+02 
3.413700e-01 5.248030e+02 
3.425300e-01 5.221214e+02 
3.437700e-01 5.192800e+02 
3.449800e-01 5.165319e+02 
3.461800e-01 5.138302e+02 
3.473600e-01 5.112006e+02 
3.485800e-01 5.085155e+02 
3.498100e-01 5.058320e+02 
3.510200e-01 5.032152e+02 
3.522000e-01 5.006848e+02 
3.533900e-01 4.981544e+02 
3.546400e-01 4.955314e+02 
3.558400e-01 4.930357e+02 
3.570600e-01 4.905198e+02 
3.582700e-01 4.880457e+02 
3.595000e-01 4.855520e+02 
3.607100e-01 4.831268e+02 
3.618900e-01 4.807869e+02 
3.631200e-01 4.783680e+02 
3.643200e-01 4.760277e+02 
3.655500e-01 4.736488e+02 
3.667300e-01 4.713854e+02 
3.679500e-01 4.690775e+02 
3.691900e-01 4.667512e+02 
3.703600e-01 4.645741e+02 
3.715700e-01 4.623405e+02 
3.727700e-01 4.601431e+02 
3.739900e-01 4.579314e+02 
3.752000e-01 4.557632e+02 
3.763900e-01 4.536478e+02 
3.775800e-01 4.515489e+02 
3.788200e-01 4.493793e+02 
3.800300e-01 4.472791e+02 
3.812100e-01 4.452527e+02 
3.824200e-01 4.431947e+02 
3.836100e-01 4.411864e+02 
3.848600e-01 4.390935e+02 
3.860400e-01 4.371332e+02 
3.872400e-01 4.351550e+02 
3.884600e-01 4.331666e+02 
3.896500e-01 4.312447e+02 
3.908700e-01 4.292894e+02 
3.920600e-01 4.273968e+02 
3.933100e-01 4.254240e+02 
3.945300e-01 4.235136e+02 
3.957200e-01 4.216722e+02 
3.969300e-01 4.198163e+02 
3.981700e-01 4.179288e+02 
3.993500e-01 4.161462e+02 
4.094840e-01 4.013841e+02 
4.272360e-01 3.777955e+02 
4.454600e-01 3.561219e+02 
4.630560e-01 3.372812e+02 
4.804610e-01 3.203896e+02 
4.980690e-01 3.048422e+02 
5.159230e-01 2.904563e+02 
5.317440e-01 2.787427e+02 
5.489640e-01 2.669751e+02 
5.671990e-01 2.555228e+02 
5.838690e-01 2.458629e+02 
6.018840e-01 2.362046e+02 
6.202330e-01 2.271226e+02 
6.379250e-01 2.190038e+02 
6.545410e-01 2.119144e+02 
6.714560e-01 2.051588e+02 
6.892080e-01 1.985390e+02 
7.066010e-01 1.924764e+02 
7.240540e-01 1.867645e+02 
7.420450e-01 1.812452e+02 
7.593780e-01 1.762414e+02 
7.764720e-01 1.715805e+02 
7.942840e-01 1.669903e+02 
8.116170e-01 1.627661e+02 
8.288310e-01 1.587839e+02 
8.462240e-01 1.549612e+02 
8.631980e-01 1.514036e+02 
8.810700e-01 1.478321e+02 
8.989410e-01 1.444232e+02 
9.166330e-01 1.411992e+02 
9.345640e-01 1.380774e+02 
9.515980e-01 1.352284e+02 
9.688720e-01 1.324498e+02 
9.865640e-01 1.297136e+02 
1.031870e+00 1.231597e+02 
1.063490e+00 1.189282e+02 
1.097920e+00 1.146079e+02 
1.134370e+00 1.103171e+02 
1.167730e+00 1.066247e+02 
1.203830e+00 1.028451e+02 
1.240470e+00 9.923208e+01 
1.275790e+00 9.593297e+01 
1.309140e+00 9.298179e+01 
1.342970e+00 9.011630e+01 
1.378420e+00 8.726522e+01 
1.413200e+00 8.459702e+01 
1.448110e+00 8.204115e+01 
1.484090e+00 7.952735e+01 
1.518820e+00 7.720783e+01 
1.552880e+00 7.502779e+01 
1.588630e+00 7.283622e+01 
1.623230e+00 7.080480e+01 
1.657720e+00 6.885924e+01 
1.692450e+00 6.698215e+01 
1.726400e+00 6.521447e+01 
1.762200e+00 6.342058e+01 
1.797880e+00 6.170418e+01 
1.833270e+00 6.006731e+01 
1.869070e+00 5.847278e+01 
1.903200e+00 5.700937e+01 
1.937740e+00 5.558148e+01 
1.973190e+00 5.416764e+01 
2.007440e+00 5.285099e+01 
2.042160e+00 5.156145e+01 
2.077900e+00 5.027862e+01 
2.112390e+00 4.908538e+01 
2.146220e+00 4.795062e+01 
2.181600e+00 4.680381e+01 
2.216930e+00 4.569655e+01 
2.250760e+00 4.467075e+01 
2.286500e+00 4.362192e+01 
2.321770e+00 4.262042e+01 
2.355950e+00 4.168117e+01 
2.391280e+00 4.073750e+01 
2.426240e+00 3.983338e+01 
2.460670e+00 3.897103e+01 
2.495640e+00 3.812237e+01 
2.531080e+00 3.728605e+01 
2.566220e+00 3.648143e+01 
2.600830e+00 3.571295e+01 
2.635080e+00 3.497534e+01 
2.670340e+00 3.423672e+01 
2.705970e+00 3.351210e+01 
2.740040e+00 3.283903e+01 
2.774520e+00 3.217560e+01 
2.809730e+00 3.151688e+01 
2.844390e+00 3.088716e+01 
2.879960e+00 3.025914e+01 
2.914860e+00 2.965899e+01 
2.949410e+00 2.908123e+01 
2.984440e+00 2.851080e+01 
3.019760e+00 2.795061e+01 
3.054730e+00 2.741101e+01 
3.089030e+00 2.689516e+01 
3.124060e+00 2.638232e+01 
3.159560e+00 2.587601e+01 
3.194710e+00 2.538759e+01 
3.229010e+00 2.492367e+01 
3.263320e+00 2.447002e+01 
3.297930e+00 2.402415e+01 
3.332830e+00 2.358534e+01 
3.368040e+00 2.315387e+01 
3.403300e+00 2.273289e+01 
3.438450e+00 2.232324e+01 
3.473060e+00 2.193018e+01 
3.508440e+00 2.153705e+01 
3.543110e+00 2.116167e+01 
3.577470e+00 2.079849e+01 
3.613040e+00 2.043158e+01 
3.648120e+00 2.007754e+01 
3.682910e+00 1.973497e+01 
3.718050e+00 1.939712e+01 
3.753320e+00 1.906601e+01 
3.787980e+00 1.874800e+01 
3.822290e+00 1.844040e+01 
3.857020e+00 1.813596e+01 
3.891920e+00 1.783696e+01 
3.926650e+00 1.754587e+01 
3.961970e+00 1.725671e+01 
3.997360e+00 1.697360e+01 
4.031670e+00 1.670531e+01 
4.066330e+00 1.643987e+01 
4.101420e+00 1.617721e+01 
4.136200e+00 1.592224e+01 
4.170810e+00 1.567416e+01 
4.206250e+00 1.542545e+01 
4.241580e+00 1.518299e+01 
4.276300e+00 1.494984e+01 
4.310970e+00 1.472199e+01 
4.346120e+00 1.449588e+01 
4.380600e+00 1.427866e+01 
4.414730e+00 1.406814e+01 
4.450350e+00 1.385297e+01 
4.485320e+00 1.364620e+01 
4.519810e+00 1.344643e+01 
4.555430e+00 1.324436e+01 
4.590870e+00 1.304748e+01 
4.625480e+00 1.285908e+01 
4.659910e+00 1.267542e+01 
4.695230e+00 1.249094e+01 
4.729960e+00 1.231320e+01 
4.764450e+00 1.214015e+01 
4.799530e+00 1.196760e+01 
4.834910e+00 1.179701e+01 
4.869700e+00 1.163263e+01 
4.904370e+00 1.147198e+01 
4.939450e+00 1.131260e+01 
4.973940e+00 1.115900e+01 
5.008430e+00 1.100827e+01 
5.043810e+00 1.085661e+01 
5.078840e+00 1.070929e+01 
5.113500e+00 1.056624e+01 
5.148890e+00 1.042313e+01 
5.184210e+00 1.028298e+01 
5.219060e+00 1.014728e+01 
5.253660e+00 1.001513e+01 
5.288570e+00 9.884197e+00 
5.323420e+00 9.755906e+00 
5.358440e+00 9.629372e+00 
5.393590e+00 9.504631e+00 
5.428310e+00 9.383784e+00 
5.462800e+00 9.265923e+00 
5.497640e+00 9.148924e+00 
5.532670e+00 9.033540e+00 
5.567280e+00 8.921565e+00 
5.602000e+00 8.811142e+00 
5.637270e+00 8.701060e+00 
5.672410e+00 8.593295e+00 
5.707020e+00 8.488938e+00 
5.742040e+00 8.385383e+00 
5.777430e+00 8.282543e+00 
5.812210e+00 8.183154e+00 
5.846820e+00 8.086010e+00 
5.881610e+00 7.989983e+00 
5.916510e+00 7.895214e+00 
5.951600e+00 7.801674e+00 
5.986560e+00 7.710071e+00 
6.021830e+00 7.619142e+00 
6.056490e+00 7.531388e+00 
6.091160e+00 7.445138e+00 
6.125830e+00 7.360235e+00 
6.161090e+00 7.275314e+00 
6.195760e+00 7.193279e+00 
6.230420e+00 7.112527e+00 
6.265690e+00 7.031629e+00 
6.300950e+00 6.952295e+00 
6.335620e+00 6.875476e+00 
6.370880e+00 6.798533e+00 
6.405550e+00 6.724192e+00 
6.440220e+00 6.651025e+00 
6.475480e+00 6.577723e+00 
6.510150e+00 6.506802e+00 
6.544810e+00 6.437130e+00 
6.580080e+00 6.367273e+00 
6.614750e+00 6.299607e+00 
6.649410e+00 6.233163e+00 
6.684080e+00 6.167697e+00 
6.719340e+00 6.102074e+00 
6.754010e+00 6.038559e+00 
6.788680e+00 5.976140e+00 
6.823940e+00 5.913558e+00 
6.859800e+00 5.850823e+00 
6.894470e+00 5.791197e+00 
6.929140e+00 5.732456e+00 
6.963800e+00 5.674542e+00 
6.999070e+00 5.616437e+00 
7.033730e+00 5.560336e+00 
7.068400e+00 5.504980e+00 
7.103660e+00 5.449448e+00 
7.138330e+00 5.395664e+00 
7.173600e+00 5.341849e+00 
7.208260e+00 5.289674e+00 
7.243530e+00 5.237290e+00 
7.277600e+00 5.187471e+00 
7.312860e+00 5.136693e+00 
7.348120e+00 5.086591e+00 
7.382790e+00 5.037972e+00 
7.417460e+00 4.990158e+00 
7.452720e+00 4.942252e+00 
7.487390e+00 4.895756e+00 
7.522650e+00 4.849077e+00 
7.557320e+00 4.803902e+00 
7.591990e+00 4.759347e+00 
7.627250e+00 4.714609e+00 
7.662510e+00 4.670441e+00 
7.697180e+00 4.627715e+00 
7.731850e+00 4.585578e+00 
7.766510e+00 4.543975e+00 
7.801180e+00 4.502871e+00 
7.836440e+00 4.461697e+00 
7.871110e+00 4.421780e+00 
7.906380e+00 4.381669e+00 
7.941040e+00 4.342733e+00 
7.976310e+00 4.303676e+00 
8.011570e+00 4.265204e+00 
8.046240e+00 4.227830e+00 
8.080900e+00 4.190912e+00 
8.115570e+00 4.154457e+00 
8.150830e+00 4.117965e+00 
8.185500e+00 4.082508e+00 
8.220770e+00 4.046862e+00 
8.255430e+00 4.012244e+00 
8.290100e+00 3.978185e+00 
8.324770e+00 3.944540e+00 
8.359430e+00 3.911290e+00 
8.394700e+00 3.877845e+00 
8.429960e+00 3.844881e+00 
8.464630e+00 3.812924e+00 
8.499890e+00 3.780793e+00 
8.534560e+00 3.749558e+00 
8.569200e+00 3.718700e+00 
