# Parameters:
# omega_b = 0.023311, omega_m = 0.127165, n_s = 0.853150, h = 67.047244, w = -1.000000, sigma_8 = 0.718898
# z = 1.300000
#
# k[1/Mpc] # P(k):
8.694000e-04 8.944279e+03 
2.077466e-03 1.715306e+04 
3.285532e-03 2.281626e+04 
4.493598e-03 2.671282e+04 
5.701664e-03 2.925011e+04 
6.909730e-03 3.074487e+04 
8.117797e-03 3.148595e+04 
9.325863e-03 3.161899e+04 
1.053393e-02 3.127505e+04 
1.174199e-02 3.056482e+04 
1.295006e-02 2.955948e+04 
1.415813e-02 2.834791e+04 
1.536619e-02 2.700355e+04 
1.657426e-02 2.557709e+04 
1.778233e-02 2.411898e+04 
1.899039e-02 2.269866e+04 
2.019846e-02 2.132951e+04 
2.140652e-02 2.002111e+04 
2.261459e-02 1.878802e+04 
2.382266e-02 1.764757e+04 
2.503072e-02 1.660722e+04 
2.623879e-02 1.566615e+04 
2.744685e-02 1.482248e+04 
2.865492e-02 1.407155e+04 
2.986299e-02 1.340569e+04 
3.100100e-02 1.285196e+04 
3.220400e-02 1.233547e+04 
3.288100e-02 1.207450e+04 
3.424300e-02 1.160360e+04 
3.555100e-02 1.120848e+04 
3.686000e-02 1.086013e+04 
3.795000e-02 1.059793e+04 
3.929100e-02 1.030337e+04 
4.039800e-02 1.007542e+04 
4.164000e-02 9.830451e+03 
4.294400e-02 9.575560e+03 
4.415000e-02 9.341626e+03 
4.542900e-02 9.085038e+03 
4.660900e-02 8.844989e+03 
4.782300e-02 8.582892e+03 
4.892900e-02 8.339066e+03 
5.031200e-02 8.024127e+03 
5.155900e-02 7.731087e+03 
5.238100e-02 7.535571e+03 
5.378200e-02 7.201298e+03 
5.513400e-02 6.879924e+03 
5.627600e-02 6.613353e+03 
5.735300e-02 6.369469e+03 
5.870100e-02 6.077903e+03 
5.988700e-02 5.836824e+03 
6.113500e-02 5.599822e+03 
6.225900e-02 5.402004e+03 
6.340100e-02 5.216095e+03 
6.480200e-02 5.006658e+03 
6.601100e-02 4.843131e+03 
6.725500e-02 4.689774e+03 
6.829100e-02 4.574181e+03 
6.958600e-02 4.441837e+03 
7.071100e-02 4.338657e+03 
7.192300e-02 4.238173e+03 
7.307400e-02 4.152013e+03 
7.412300e-02 4.080403e+03 
7.550400e-02 3.995473e+03 
7.663100e-02 3.931745e+03 
7.791200e-02 3.864981e+03 
7.912700e-02 3.804905e+03 
8.027600e-02 3.749600e+03 
8.138400e-02 3.696843e+03 
8.272200e-02 3.632750e+03 
8.406100e-02 3.567169e+03 
8.534100e-02 3.501216e+03 
8.653800e-02 3.436231e+03 
8.759800e-02 3.376845e+03 
8.900300e-02 3.294950e+03 
9.009000e-02 3.228803e+03 
9.113300e-02 3.162947e+03 
9.239600e-02 3.082256e+03 
9.358000e-02 3.005192e+03 
9.496100e-02 2.913928e+03 
9.608400e-02 2.840390e+03 
9.727500e-02 2.763589e+03 
9.852600e-02 2.683955e+03 
9.973800e-02 2.609585e+03 
1.009000e-01 2.540768e+03 
1.020900e-01 2.474259e+03 
1.034000e-01 2.404944e+03 
1.046000e-01 2.345100e+03 
1.057200e-01 2.294276e+03 
1.069100e-01 2.243198e+03 
1.082500e-01 2.191486e+03 
1.093900e-01 2.151483e+03 
1.105400e-01 2.113757e+03 
1.116900e-01 2.080622e+03 
1.129600e-01 2.046172e+03 
1.142000e-01 2.016260e+03 
1.153300e-01 1.990534e+03 
1.166400e-01 1.962783e+03 
1.177800e-01 1.939788e+03 
1.190000e-01 1.916030e+03 
1.201200e-01 1.894284e+03 
1.213400e-01 1.871073e+03 
1.227100e-01 1.843820e+03 
1.238900e-01 1.820394e+03 
1.250700e-01 1.795691e+03 
1.263200e-01 1.769324e+03 
1.275500e-01 1.742182e+03 
1.287500e-01 1.715389e+03 
1.299900e-01 1.686873e+03 
1.311300e-01 1.660510e+03 
1.323500e-01 1.631808e+03 
1.335900e-01 1.602817e+03 
1.347100e-01 1.576545e+03 
1.359800e-01 1.547236e+03 
1.372100e-01 1.519094e+03 
1.384300e-01 1.491839e+03 
1.395700e-01 1.466908e+03 
1.407700e-01 1.441307e+03 
1.420300e-01 1.415437e+03 
1.432800e-01 1.390393e+03 
1.444500e-01 1.368172e+03 
1.456300e-01 1.346256e+03 
1.468900e-01 1.324097e+03 
1.480500e-01 1.304358e+03 
1.491700e-01 1.286085e+03 
1.503800e-01 1.267255e+03 
1.516400e-01 1.248236e+03 
1.528200e-01 1.231530e+03 
1.540200e-01 1.214881e+03 
1.551900e-01 1.199553e+03 
1.564300e-01 1.183770e+03 
1.576600e-01 1.168655e+03 
1.588700e-01 1.154350e+03 
1.600900e-01 1.140216e+03 
1.612700e-01 1.127019e+03 
1.625400e-01 1.113085e+03 
1.637600e-01 1.099926e+03 
1.649500e-01 1.087310e+03 
1.662200e-01 1.074053e+03 
1.674000e-01 1.061724e+03 
1.685000e-01 1.050428e+03 
1.697500e-01 1.037606e+03 
1.710300e-01 1.024514e+03 
1.722200e-01 1.012567e+03 
1.734400e-01 1.000083e+03 
1.746400e-01 9.880067e+02 
1.758700e-01 9.757279e+02 
1.770900e-01 9.635182e+02 
1.782700e-01 9.519186e+02 
1.794600e-01 9.402787e+02 
1.807000e-01 9.282682e+02 
1.819100e-01 9.167586e+02 
1.830100e-01 9.064109e+02 
1.842200e-01 8.952090e+02 
1.855000e-01 8.835755e+02 
1.867000e-01 8.729441e+02 
1.879200e-01 8.623214e+02 
1.890900e-01 8.523362e+02 
1.902800e-01 8.425046e+02 
1.915200e-01 8.324325e+02 
1.926900e-01 8.231464e+02 
1.939000e-01 8.138925e+02 
1.951700e-01 8.043421e+02 
1.963100e-01 7.959714e+02 
1.975100e-01 7.874664e+02 
1.987800e-01 7.786113e+02 
2.000100e-01 7.702340e+02 
2.012500e-01 7.620606e+02 
2.023400e-01 7.549831e+02 
2.036100e-01 7.468855e+02 
2.048900e-01 7.389518e+02 
2.060400e-01 7.319324e+02 
2.072200e-01 7.248381e+02 
2.084200e-01 7.177751e+02 
2.096900e-01 7.104136e+02 
2.109200e-01 7.033928e+02 
2.121100e-01 6.966786e+02 
2.132700e-01 6.902257e+02 
2.145200e-01 6.833730e+02 
2.157200e-01 6.768514e+02 
2.168800e-01 6.706179e+02 
2.180700e-01 6.643123e+02 
2.193400e-01 6.576513e+02 
2.206000e-01 6.510864e+02 
2.217500e-01 6.451795e+02 
2.229500e-01 6.391004e+02 
2.241400e-01 6.330720e+02 
2.253500e-01 6.270256e+02 
2.264900e-01 6.214064e+02 
2.277100e-01 6.154387e+02 
2.289900e-01 6.092276e+02 
2.301500e-01 6.036775e+02 
2.313600e-01 5.979657e+02 
2.325600e-01 5.923244e+02 
2.337700e-01 5.867137e+02 
2.350000e-01 5.810886e+02 
2.362000e-01 5.756614e+02 
2.374100e-01 5.702459e+02 
2.386500e-01 5.647718e+02 
2.399100e-01 5.592864e+02 
2.410400e-01 5.544307e+02 
2.422500e-01 5.492978e+02 
2.435000e-01 5.440666e+02 
2.447300e-01 5.389933e+02 
2.458700e-01 5.343708e+02 
2.470600e-01 5.296060e+02 
2.483300e-01 5.245879e+02 
2.495600e-01 5.198106e+02 
2.507600e-01 5.152345e+02 
2.519600e-01 5.107162e+02 
2.532200e-01 5.060331e+02 
2.543700e-01 5.018465e+02 
2.555500e-01 4.976255e+02 
2.568000e-01 4.932100e+02 
2.580100e-01 4.889896e+02 
2.592400e-01 4.847973e+02 
2.604100e-01 4.808775e+02 
2.616100e-01 4.769050e+02 
2.628400e-01 4.728827e+02 
2.640600e-01 4.689843e+02 
2.652200e-01 4.653380e+02 
2.664300e-01 4.615789e+02 
2.676500e-01 4.578338e+02 
2.688400e-01 4.542526e+02 
2.700700e-01 4.506125e+02 
2.712400e-01 4.471900e+02 
2.724800e-01 4.436046e+02 
2.736700e-01 4.402228e+02 
2.748800e-01 4.368430e+02 
2.761000e-01 4.334743e+02 
2.773200e-01 4.301442e+02 
2.785400e-01 4.268595e+02 
2.797000e-01 4.237864e+02 
2.808900e-01 4.206682e+02 
2.821400e-01 4.174295e+02 
2.833900e-01 4.142284e+02 
2.845500e-01 4.113005e+02 
2.857800e-01 4.082295e+02 
2.870300e-01 4.051437e+02 
2.882100e-01 4.022625e+02 
2.893900e-01 3.994164e+02 
2.906300e-01 3.964604e+02 
2.918900e-01 3.934900e+02 
2.930500e-01 3.907848e+02 
2.942500e-01 3.880160e+02 
2.954200e-01 3.853463e+02 
2.966500e-01 3.825691e+02 
2.978900e-01 3.797996e+02 
2.990400e-01 3.772578e+02 
3.002700e-01 3.745677e+02 
3.015100e-01 3.718848e+02 
3.026800e-01 3.693796e+02 
3.038500e-01 3.668995e+02 
3.050300e-01 3.644233e+02 
3.062600e-01 3.618693e+02 
3.075000e-01 3.593215e+02 
3.087000e-01 3.568812e+02 
3.099100e-01 3.544455e+02 
3.111200e-01 3.520362e+02 
3.123100e-01 3.496934e+02 
3.135300e-01 3.473155e+02 
3.147300e-01 3.450000e+02 
3.159900e-01 3.425934e+02 
3.171800e-01 3.403469e+02 
3.183700e-01 3.381245e+02 
3.196300e-01 3.357950e+02 
3.208400e-01 3.335803e+02 
3.220300e-01 3.314233e+02 
3.232000e-01 3.293280e+02 
3.244300e-01 3.271485e+02 
3.256700e-01 3.249730e+02 
3.269200e-01 3.228016e+02 
3.280800e-01 3.208059e+02 
3.292500e-01 3.188189e+02 
3.304800e-01 3.167520e+02 
3.317100e-01 3.147051e+02 
3.328900e-01 3.127599e+02 
3.340700e-01 3.108326e+02 
3.353600e-01 3.087547e+02 
3.365300e-01 3.068913e+02 
3.377100e-01 3.050291e+02 
3.389200e-01 3.031370e+02 
3.401600e-01 3.012161e+02 
3.413700e-01 2.993673e+02 
3.425300e-01 2.976165e+02 
3.437700e-01 2.957618e+02 
3.449800e-01 2.939687e+02 
3.461800e-01 2.922065e+02 
3.473600e-01 2.904929e+02 
3.485800e-01 2.887466e+02 
3.498100e-01 2.870019e+02 
3.510200e-01 2.853010e+02 
3.522000e-01 2.836568e+02 
3.533900e-01 2.820132e+02 
3.546400e-01 2.803149e+02 
3.558400e-01 2.786998e+02 
3.570600e-01 2.770721e+02 
3.582700e-01 2.754720e+02 
3.595000e-01 2.738596e+02 
3.607100e-01 2.722946e+02 
3.618900e-01 2.707869e+02 
3.631200e-01 2.692289e+02 
3.643200e-01 2.677219e+02 
3.655500e-01 2.661905e+02 
3.667300e-01 2.647338e+02 
3.679500e-01 2.632541e+02 
3.691900e-01 2.617631e+02 
3.703600e-01 2.603680e+02 
3.715700e-01 2.589372e+02 
3.727700e-01 2.575299e+02 
3.739900e-01 2.561155e+02 
3.752000e-01 2.547322e+02 
3.763900e-01 2.533829e+02 
3.775800e-01 2.520445e+02 
3.788200e-01 2.506614e+02 
3.800300e-01 2.493229e+02 
3.812100e-01 2.480343e+02 
3.824200e-01 2.467278e+02 
3.836100e-01 2.454532e+02 
3.848600e-01 2.441252e+02 
3.860400e-01 2.428817e+02 
3.872400e-01 2.416270e+02 
3.884600e-01 2.403695e+02 
3.896500e-01 2.391555e+02 
3.908700e-01 2.379207e+02 
3.920600e-01 2.367257e+02 
3.933100e-01 2.354805e+02 
3.945300e-01 2.342749e+02 
3.957200e-01 2.331159e+02 
3.969300e-01 2.319487e+02 
3.981700e-01 2.307619e+02 
3.993500e-01 2.296413e+02 
4.094840e-01 2.203903e+02 
4.272360e-01 2.057196e+02 
4.454600e-01 1.923433e+02 
4.630560e-01 1.807902e+02 
4.804610e-01 1.704885e+02 
4.980690e-01 1.610473e+02 
5.159230e-01 1.523517e+02 
5.317440e-01 1.452956e+02 
5.489640e-01 1.382372e+02 
5.671990e-01 1.313938e+02 
5.838690e-01 1.256406e+02 
6.018840e-01 1.199093e+02 
6.202330e-01 1.145446e+02 
6.379250e-01 1.097642e+02 
6.545410e-01 1.056086e+02 
6.714560e-01 1.016631e+02 
6.892080e-01 9.781025e+01 
7.066010e-01 9.429708e+01 
7.240540e-01 9.100111e+01 
7.420450e-01 8.783133e+01 
7.593780e-01 8.497262e+01 
7.764720e-01 8.232083e+01 
7.942840e-01 7.972278e+01 
8.116170e-01 7.734406e+01 
8.288310e-01 7.511623e+01 
8.462240e-01 7.298702e+01 
8.631980e-01 7.101875e+01 
8.810700e-01 6.905373e+01 
8.989410e-01 6.719136e+01 
9.166330e-01 6.544025e+01 
9.345640e-01 6.375312e+01 
9.515980e-01 6.222595e+01 
9.688720e-01 6.074665e+01 
9.865640e-01 5.929986e+01 
1.031870e+00 5.587326e+01 
1.063490e+00 5.369332e+01 
1.097920e+00 5.149338e+01 
1.134370e+00 4.933632e+01 
1.167730e+00 4.750225e+01 
1.203830e+00 4.565009e+01 
1.240470e+00 4.389765e+01 
1.275790e+00 4.231647e+01 
1.309140e+00 4.091373e+01 
1.342970e+00 3.956879e+01 
1.378420e+00 3.824011e+01 
1.413200e+00 3.700834e+01 
1.448110e+00 3.583709e+01 
1.484090e+00 3.469456e+01 
1.518820e+00 3.364783e+01 
1.552880e+00 3.267065e+01 
1.588630e+00 3.169385e+01 
1.623230e+00 3.079394e+01 
1.657720e+00 2.993727e+01 
1.692450e+00 2.911370e+01 
1.726400e+00 2.834223e+01 
1.762200e+00 2.756322e+01 
1.797880e+00 2.682091e+01 
1.833270e+00 2.611547e+01 
1.869070e+00 2.543116e+01 
1.903200e+00 2.480496e+01 
1.937740e+00 2.419541e+01 
1.973190e+00 2.359365e+01 
2.007440e+00 2.303426e+01 
2.042160e+00 2.248802e+01 
2.077900e+00 2.194612e+01 
2.112390e+00 2.144225e+01 
2.146220e+00 2.096454e+01 
2.181600e+00 2.048233e+01 
2.216930e+00 2.001754e+01 
2.250760e+00 1.958734e+01 
2.286500e+00 1.914793e+01 
2.321770e+00 1.872883e+01 
2.355950e+00 1.833570e+01 
2.391280e+00 1.794176e+01 
2.426240e+00 1.756427e+01 
2.460670e+00 1.720418e+01 
2.495640e+00 1.684991e+01 
2.531080e+00 1.650123e+01 
2.566220e+00 1.616589e+01 
2.600830e+00 1.584553e+01 
2.635080e+00 1.553785e+01 
2.670340e+00 1.522953e+01 
2.705970e+00 1.492720e+01 
2.740040e+00 1.464643e+01 
2.774520e+00 1.436968e+01 
2.809730e+00 1.409475e+01 
2.844390e+00 1.383168e+01 
2.879960e+00 1.356889e+01 
2.914860e+00 1.331787e+01 
2.949410e+00 1.307612e+01 
2.984440e+00 1.283710e+01 
3.019760e+00 1.260245e+01 
3.054730e+00 1.237640e+01 
3.089030e+00 1.215965e+01 
3.124060e+00 1.194405e+01 
3.159560e+00 1.173110e+01 
3.194710e+00 1.152538e+01 
3.229010e+00 1.132979e+01 
3.263320e+00 1.113818e+01 
3.297930e+00 1.094975e+01 
3.332830e+00 1.076425e+01 
3.368040e+00 1.058147e+01 
3.403300e+00 1.040283e+01 
3.438450e+00 1.022874e+01 
3.473060e+00 1.006157e+01 
3.508440e+00 9.894165e+00 
3.543110e+00 9.734136e+00 
3.577470e+00 9.578763e+00 
3.613040e+00 9.421725e+00 
3.648120e+00 9.270183e+00 
3.682910e+00 9.123292e+00 
3.718050e+00 8.978011e+00 
3.753320e+00 8.835489e+00 
3.787980e+00 8.698436e+00 
3.822290e+00 8.565674e+00 
3.857020e+00 8.434008e+00 
3.891920e+00 8.304533e+00 
3.926650e+00 8.178240e+00 
3.961970e+00 8.052593e+00 
3.997360e+00 7.929224e+00 
4.031670e+00 7.812229e+00 
4.066330e+00 7.696320e+00 
4.101420e+00 7.581548e+00 
4.136200e+00 7.469748e+00 
4.170810e+00 7.360906e+00 
4.206250e+00 7.251570e+00 
4.241580e+00 7.144891e+00 
4.276300e+00 7.042035e+00 
4.310970e+00 6.941343e+00 
4.346120e+00 6.841295e+00 
4.380600e+00 6.745018e+00 
4.414730e+00 6.651652e+00 
4.450350e+00 6.555891e+00 
4.485320e+00 6.463823e+00 
4.519810e+00 6.374639e+00 
4.555430e+00 6.284302e+00 
4.590870e+00 6.196194e+00 
4.625480e+00 6.111741e+00 
4.659910e+00 6.029371e+00 
4.695230e+00 5.946318e+00 
4.729960e+00 5.866221e+00 
4.764450e+00 5.788122e+00 
4.799530e+00 5.710071e+00 
4.834910e+00 5.632875e+00 
4.869700e+00 5.558290e+00 
4.904370e+00 5.485341e+00 
4.939450e+00 5.412884e+00 
4.973940e+00 5.342890e+00 
5.008430e+00 5.274181e+00 
5.043810e+00 5.204901e+00 
5.078840e+00 5.137516e+00 
5.113500e+00 5.072059e+00 
5.148890e+00 5.006329e+00 
5.184210e+00 4.941923e+00 
5.219060e+00 4.879503e+00 
5.253660e+00 4.818587e+00 
5.288570e+00 4.758210e+00 
5.323420e+00 4.698967e+00 
5.358440e+00 4.640445e+00 
5.393590e+00 4.582733e+00 
5.428310e+00 4.526683e+00 
5.462800e+00 4.471937e+00 
5.497640e+00 4.417576e+00 
5.532670e+00 4.363821e+00 
5.567280e+00 4.311599e+00 
5.602000e+00 4.260086e+00 
5.637270e+00 4.208636e+00 
5.672410e+00 4.158235e+00 
5.707020e+00 4.109416e+00 
5.742040e+00 4.060837e+00 
5.777430e+00 4.012556e+00 
5.812210e+00 3.965884e+00 
5.846820e+00 3.920186e+00 
5.881610e+00 3.874986e+00 
5.916510e+00 3.830368e+00 
5.951600e+00 3.786233e+00 
5.986560e+00 3.742965e+00 
6.021830e+00 3.700006e+00 
6.056490e+00 3.658480e+00 
6.091160e+00 3.617607e+00 
6.125830e+00 3.577365e+00 
6.161090e+00 3.537088e+00 
6.195760e+00 3.498128e+00 
6.230420e+00 3.459770e+00 
6.265690e+00 3.421334e+00 
6.300950e+00 3.383542e+00 
6.335620e+00 3.346943e+00 
6.370880e+00 3.310280e+00 
6.405550e+00 3.274814e+00 
6.440220e+00 3.239890e+00 
6.475480e+00 3.204897e+00 
6.510150e+00 3.171011e+00 
6.544810e+00 3.137662e+00 
6.580080e+00 3.104220e+00 
6.614750e+00 3.071823e+00 
6.649410e+00 3.039976e+00 
6.684080e+00 3.008587e+00 
6.719340e+00 2.977120e+00 
6.754010e+00 2.946641e+00 
6.788680e+00 2.916640e+00 
6.823940e+00 2.886558e+00 
6.859800e+00 2.856400e+00 
6.894470e+00 2.827712e+00 
6.929140e+00 2.799440e+00 
6.963800e+00 2.771563e+00 
6.999070e+00 2.743590e+00 
7.033730e+00 2.716553e+00 
7.068400e+00 2.689873e+00 
7.103660e+00 2.663105e+00 
7.138330e+00 2.637171e+00 
7.173600e+00 2.611206e+00 
7.208260e+00 2.586030e+00 
7.243530e+00 2.560751e+00 
7.277600e+00 2.536698e+00 
7.312860e+00 2.512171e+00 
7.348120e+00 2.487968e+00 
7.382790e+00 2.464481e+00 
7.417460e+00 2.441356e+00 
7.452720e+00 2.418173e+00 
7.487390e+00 2.395671e+00 
7.522650e+00 2.373079e+00 
7.557320e+00 2.351219e+00 
7.591990e+00 2.329661e+00 
7.627250e+00 2.308012e+00 
7.662510e+00 2.286638e+00 
7.697180e+00 2.265952e+00 
7.731850e+00 2.245546e+00 
7.766510e+00 2.225398e+00 
7.801180e+00 2.205490e+00 
7.836440e+00 2.185554e+00 
7.871110e+00 2.166231e+00 
7.906380e+00 2.146812e+00 
7.941040e+00 2.127961e+00 
7.976310e+00 2.109047e+00 
8.011570e+00 2.090413e+00 
8.046240e+00 2.072309e+00 
8.080900e+00 2.054424e+00 
8.115570e+00 2.036766e+00 
8.150830e+00 2.019097e+00 
8.185500e+00 2.001929e+00 
8.220770e+00 1.984668e+00 
8.255430e+00 1.967903e+00 
8.290100e+00 1.951406e+00 
8.324770e+00 1.935108e+00 
8.359430e+00 1.919000e+00 
8.394700e+00 1.902796e+00 
8.429960e+00 1.886832e+00 
8.464630e+00 1.871361e+00 
8.499890e+00 1.855806e+00 
8.534560e+00 1.840683e+00 
8.569200e+00 1.825741e+00 
