# Parameters:
# omega_b = 0.022807, omega_m = 0.125236, n_s = 0.928740, h = 65.629921, w = -1.000000, sigma_8 = 0.703150
# z = 1.500000
#
# k[1/Mpc] # P(k):
8.694000e-04 5.358538e+03 
2.077466e-03 1.097787e+04 
3.285532e-03 1.509491e+04 
4.493598e-03 1.806058e+04 
5.701664e-03 2.010276e+04 
6.909730e-03 2.140692e+04 
8.117797e-03 2.215669e+04 
9.325863e-03 2.244785e+04 
1.053393e-02 2.237194e+04 
1.174199e-02 2.200941e+04 
1.295006e-02 2.141150e+04 
1.415813e-02 2.064311e+04 
1.536619e-02 1.976000e+04 
1.657426e-02 1.879955e+04 
1.778233e-02 1.779392e+04 
1.899039e-02 1.678899e+04 
2.019846e-02 1.580851e+04 
2.140652e-02 1.487192e+04 
2.261459e-02 1.398953e+04 
2.382266e-02 1.317275e+04 
2.503072e-02 1.242785e+04 
2.623879e-02 1.175523e+04 
2.744685e-02 1.115442e+04 
2.865492e-02 1.062224e+04 
2.986299e-02 1.015304e+04 
3.100100e-02 9.765998e+03 
3.220400e-02 9.407961e+03 
3.288100e-02 9.228621e+03 
3.424300e-02 8.907238e+03 
3.555100e-02 8.639778e+03 
3.686000e-02 8.405269e+03 
3.795000e-02 8.228892e+03 
3.929100e-02 8.029772e+03 
4.039800e-02 7.873845e+03 
4.164000e-02 7.703794e+03 
4.294400e-02 7.521951e+03 
4.415000e-02 7.351761e+03 
4.542900e-02 7.160129e+03 
4.660900e-02 6.977862e+03 
4.782300e-02 6.774796e+03 
4.892900e-02 6.583868e+03 
5.031200e-02 6.334969e+03 
5.155900e-02 6.101670e+03 
5.238100e-02 5.945579e+03 
5.378200e-02 5.678616e+03 
5.513400e-02 5.422744e+03 
5.627600e-02 5.212034e+03 
5.735300e-02 5.021155e+03 
5.870100e-02 4.796361e+03 
5.988700e-02 4.613838e+03 
6.113500e-02 4.437592e+03 
6.225900e-02 4.292871e+03 
6.340100e-02 4.158144e+03 
6.480200e-02 4.006713e+03 
6.601100e-02 3.888172e+03 
6.725500e-02 3.775989e+03 
6.829100e-02 3.690562e+03 
6.958600e-02 3.591956e+03 
7.071100e-02 3.514460e+03 
7.192300e-02 3.438600e+03 
7.307400e-02 3.373317e+03 
7.412300e-02 3.318935e+03 
7.550400e-02 3.254300e+03 
7.663100e-02 3.205691e+03 
7.791200e-02 3.154549e+03 
7.912700e-02 3.108227e+03 
8.027600e-02 3.065356e+03 
8.138400e-02 3.024256e+03 
8.272200e-02 2.974029e+03 
8.406100e-02 2.922326e+03 
8.534100e-02 2.869996e+03 
8.653800e-02 2.818197e+03 
8.759800e-02 2.770717e+03 
8.900300e-02 2.705027e+03 
9.009000e-02 2.651811e+03 
9.113300e-02 2.598668e+03 
9.239600e-02 2.533413e+03 
9.358000e-02 2.470926e+03 
9.496100e-02 2.396653e+03 
9.608400e-02 2.336666e+03 
9.727500e-02 2.273909e+03 
9.852600e-02 2.208620e+03 
9.973800e-02 2.147584e+03 
1.009000e-01 2.091055e+03 
1.020900e-01 2.036421e+03 
1.034000e-01 1.979524e+03 
1.046000e-01 1.930453e+03 
1.057200e-01 1.889006e+03 
1.069100e-01 1.847453e+03 
1.082500e-01 1.805719e+03 
1.093900e-01 1.773696e+03 
1.105400e-01 1.743656e+03 
1.116900e-01 1.717676e+03 
1.129600e-01 1.690806e+03 
1.142000e-01 1.667829e+03 
1.153300e-01 1.648150e+03 
1.166400e-01 1.627061e+03 
1.177800e-01 1.609584e+03 
1.190000e-01 1.591527e+03 
1.201200e-01 1.574764e+03 
1.213400e-01 1.556831e+03 
1.227100e-01 1.535207e+03 
1.238900e-01 1.516494e+03 
1.250700e-01 1.496357e+03 
1.263200e-01 1.474719e+03 
1.275500e-01 1.452134e+03 
1.287500e-01 1.429714e+03 
1.299900e-01 1.405663e+03 
1.311300e-01 1.383372e+03 
1.323500e-01 1.359027e+03 
1.335900e-01 1.334443e+03 
1.347100e-01 1.312172e+03 
1.359800e-01 1.287378e+03 
1.372100e-01 1.263670e+03 
1.384300e-01 1.240768e+03 
1.395700e-01 1.219954e+03 
1.407700e-01 1.198601e+03 
1.420300e-01 1.177240e+03 
1.432800e-01 1.156560e+03 
1.444500e-01 1.138421e+03 
1.456300e-01 1.120526e+03 
1.468900e-01 1.102537e+03 
1.480500e-01 1.086541e+03 
1.491700e-01 1.071766e+03 
1.503800e-01 1.056582e+03 
1.516400e-01 1.041245e+03 
1.528200e-01 1.027784e+03 
1.540200e-01 1.014366e+03 
1.551900e-01 1.001966e+03 
1.564300e-01 9.891852e+02 
1.576600e-01 9.769052e+02 
1.588700e-01 9.652345e+02 
1.600900e-01 9.536968e+02 
1.612700e-01 9.428238e+02 
1.625400e-01 9.313435e+02 
1.637600e-01 9.204388e+02 
1.649500e-01 9.099470e+02 
1.662200e-01 8.989117e+02 
1.674000e-01 8.885838e+02 
1.685000e-01 8.791221e+02 
1.697500e-01 8.683552e+02 
1.710300e-01 8.573353e+02 
1.722200e-01 8.472797e+02 
1.734400e-01 8.367619e+02 
1.746400e-01 8.265875e+02 
1.758700e-01 8.162434e+02 
1.770900e-01 8.059591e+02 
1.782700e-01 7.961892e+02 
1.794600e-01 7.863968e+02 
1.807000e-01 7.763002e+02 
1.819100e-01 7.666251e+02 
1.830100e-01 7.579452e+02 
1.842200e-01 7.485520e+02 
1.855000e-01 7.387984e+02 
1.867000e-01 7.299168e+02 
1.879200e-01 7.210424e+02 
1.890900e-01 7.127042e+02 
1.902800e-01 7.045133e+02 
1.915200e-01 6.961219e+02 
1.926900e-01 6.883903e+02 
1.939000e-01 6.807024e+02 
1.951700e-01 6.727679e+02 
1.963100e-01 6.658189e+02 
1.975100e-01 6.587737e+02 
1.987800e-01 6.514380e+02 
2.000100e-01 6.445006e+02 
2.012500e-01 6.377383e+02 
2.023400e-01 6.318823e+02 
2.036100e-01 6.251831e+02 
2.048900e-01 6.186237e+02 
2.060400e-01 6.128198e+02 
2.072200e-01 6.069534e+02 
2.084200e-01 6.011093e+02 
2.096900e-01 5.950177e+02 
2.109200e-01 5.892078e+02 
2.121100e-01 5.836444e+02 
2.132700e-01 5.782968e+02 
2.145200e-01 5.726176e+02 
2.157200e-01 5.672052e+02 
2.168800e-01 5.620283e+02 
2.180700e-01 5.567914e+02 
2.193400e-01 5.512554e+02 
2.206000e-01 5.457926e+02 
2.217500e-01 5.408771e+02 
2.229500e-01 5.358182e+02 
2.241400e-01 5.307924e+02 
2.253500e-01 5.257512e+02 
2.264900e-01 5.210662e+02 
2.277100e-01 5.160888e+02 
2.289900e-01 5.109066e+02 
2.301500e-01 5.062757e+02 
2.313600e-01 5.015099e+02 
2.325600e-01 4.968033e+02 
2.337700e-01 4.921220e+02 
2.350000e-01 4.874287e+02 
2.362000e-01 4.829005e+02 
2.374100e-01 4.783825e+02 
2.386500e-01 4.738154e+02 
2.399100e-01 4.692389e+02 
2.410400e-01 4.651929e+02 
2.422500e-01 4.609165e+02 
2.435000e-01 4.565580e+02 
2.447300e-01 4.523311e+02 
2.458700e-01 4.484808e+02 
2.470600e-01 4.445118e+02 
2.483300e-01 4.403317e+02 
2.495600e-01 4.363519e+02 
2.507600e-01 4.325393e+02 
2.519600e-01 4.287747e+02 
2.532200e-01 4.248727e+02 
2.543700e-01 4.213808e+02 
2.555500e-01 4.178578e+02 
2.568000e-01 4.141723e+02 
2.580100e-01 4.106496e+02 
2.592400e-01 4.071440e+02 
2.604100e-01 4.038633e+02 
2.616100e-01 4.005386e+02 
2.628400e-01 3.971721e+02 
2.640600e-01 3.939031e+02 
2.652200e-01 3.908429e+02 
2.664300e-01 3.876880e+02 
2.676500e-01 3.845448e+02 
2.688400e-01 3.815325e+02 
2.700700e-01 3.784663e+02 
2.712400e-01 3.755834e+02 
2.724800e-01 3.725634e+02 
2.736700e-01 3.697115e+02 
2.748800e-01 3.668579e+02 
2.761000e-01 3.640137e+02 
2.773200e-01 3.612021e+02 
2.785400e-01 3.584271e+02 
2.797000e-01 3.558271e+02 
2.808900e-01 3.531890e+02 
2.821400e-01 3.504490e+02 
2.833900e-01 3.477408e+02 
2.845500e-01 3.452610e+02 
2.857800e-01 3.426603e+02 
2.870300e-01 3.400470e+02 
2.882100e-01 3.376071e+02 
2.893900e-01 3.351962e+02 
2.906300e-01 3.326918e+02 
2.918900e-01 3.301754e+02 
2.930500e-01 3.278836e+02 
2.942500e-01 3.255379e+02 
2.954200e-01 3.232758e+02 
2.966500e-01 3.209227e+02 
2.978900e-01 3.185761e+02 
2.990400e-01 3.164226e+02 
3.002700e-01 3.141434e+02 
3.015100e-01 3.118704e+02 
3.026800e-01 3.097480e+02 
3.038500e-01 3.076470e+02 
3.050300e-01 3.055493e+02 
3.062600e-01 3.033853e+02 
3.075000e-01 3.012266e+02 
3.087000e-01 2.991591e+02 
3.099100e-01 2.970955e+02 
3.111200e-01 2.950543e+02 
3.123100e-01 2.930691e+02 
3.135300e-01 2.910543e+02 
3.147300e-01 2.890925e+02 
3.159900e-01 2.870536e+02 
3.171800e-01 2.851496e+02 
3.183700e-01 2.832657e+02 
3.196300e-01 2.812909e+02 
3.208400e-01 2.794136e+02 
3.220300e-01 2.775853e+02 
3.232000e-01 2.758090e+02 
3.244300e-01 2.739612e+02 
3.256700e-01 2.721169e+02 
3.269200e-01 2.702763e+02 
3.280800e-01 2.685845e+02 
3.292500e-01 2.668997e+02 
3.304800e-01 2.651471e+02 
3.317100e-01 2.634114e+02 
3.328900e-01 2.617620e+02 
3.340700e-01 2.601279e+02 
3.353600e-01 2.583656e+02 
3.365300e-01 2.567851e+02 
3.377100e-01 2.552056e+02 
3.389200e-01 2.536008e+02 
3.401600e-01 2.519717e+02 
3.413700e-01 2.504032e+02 
3.425300e-01 2.489173e+02 
3.437700e-01 2.473435e+02 
3.449800e-01 2.458220e+02 
3.461800e-01 2.443267e+02 
3.473600e-01 2.428726e+02 
3.485800e-01 2.413904e+02 
3.498100e-01 2.399097e+02 
3.510200e-01 2.384663e+02 
3.522000e-01 2.370711e+02 
3.533900e-01 2.356763e+02 
3.546400e-01 2.342346e+02 
3.558400e-01 2.328636e+02 
3.570600e-01 2.314820e+02 
3.582700e-01 2.301238e+02 
3.595000e-01 2.287553e+02 
3.607100e-01 2.274267e+02 
3.618900e-01 2.261467e+02 
3.631200e-01 2.248239e+02 
3.643200e-01 2.235446e+02 
3.655500e-01 2.222445e+02 
3.667300e-01 2.210080e+02 
3.679500e-01 2.197517e+02 
3.691900e-01 2.184859e+02 
3.703600e-01 2.173016e+02 
3.715700e-01 2.160869e+02 
3.727700e-01 2.148924e+02 
3.739900e-01 2.136916e+02 
3.752000e-01 2.125170e+02 
3.763900e-01 2.113714e+02 
3.775800e-01 2.102350e+02 
3.788200e-01 2.090608e+02 
3.800300e-01 2.079245e+02 
3.812100e-01 2.068306e+02 
3.824200e-01 2.057216e+02 
3.836100e-01 2.046397e+02 
3.848600e-01 2.035125e+02 
3.860400e-01 2.024571e+02 
3.872400e-01 2.013923e+02 
3.884600e-01 2.003250e+02 
3.896500e-01 1.992948e+02 
3.908700e-01 1.982470e+02 
3.920600e-01 1.972330e+02 
3.933100e-01 1.961764e+02 
3.945300e-01 1.951535e+02 
3.957200e-01 1.941700e+02 
3.969300e-01 1.931796e+02 
3.981700e-01 1.921727e+02 
3.993500e-01 1.912219e+02 
4.094840e-01 1.833805e+02 
4.272360e-01 1.709532e+02 
4.454600e-01 1.596434e+02 
4.630560e-01 1.498925e+02 
4.804610e-01 1.412134e+02 
4.980690e-01 1.332724e+02 
5.159230e-01 1.259689e+02 
5.317440e-01 1.200496e+02 
5.489640e-01 1.141327e+02 
5.671990e-01 1.083977e+02 
5.838690e-01 1.035785e+02 
6.018840e-01 9.877680e+01 
6.202330e-01 9.428211e+01 
6.379250e-01 9.027789e+01 
6.545410e-01 8.679405e+01 
6.714560e-01 8.348664e+01 
6.892080e-01 8.025663e+01 
7.066010e-01 7.731091e+01 
7.240540e-01 7.454758e+01 
7.420450e-01 7.189011e+01 
7.593780e-01 6.949489e+01 
7.764720e-01 6.727391e+01 
7.942840e-01 6.509948e+01 
8.116170e-01 6.310975e+01 
8.288310e-01 6.124816e+01 
8.462240e-01 5.947116e+01 
8.631980e-01 5.783038e+01 
8.810700e-01 5.619442e+01 
8.989410e-01 5.464586e+01 
9.166330e-01 5.319245e+01 
9.345640e-01 5.179419e+01 
9.515980e-01 5.053073e+01 
9.688720e-01 4.930874e+01 
9.865640e-01 4.811619e+01 
1.031870e+00 4.529951e+01 
1.063490e+00 4.351467e+01 
1.097920e+00 4.171983e+01 
1.134370e+00 3.996589e+01 
1.167730e+00 3.847919e+01 
1.203830e+00 3.698343e+01 
1.240470e+00 3.557204e+01 
1.275790e+00 3.430269e+01 
1.309140e+00 3.317911e+01 
1.342970e+00 3.210477e+01 
1.378420e+00 3.104521e+01 
1.413200e+00 3.006570e+01 
1.448110e+00 2.913563e+01 
1.484090e+00 2.822971e+01 
1.518820e+00 2.740093e+01 
1.552880e+00 2.662879e+01 
1.588630e+00 2.585748e+01 
1.623230e+00 2.514756e+01 
1.657720e+00 2.447241e+01 
1.692450e+00 2.382381e+01 
1.726400e+00 2.321669e+01 
1.762200e+00 2.260372e+01 
1.797880e+00 2.202009e+01 
1.833270e+00 2.146565e+01 
1.869070e+00 2.092769e+01 
1.903200e+00 2.043566e+01 
1.937740e+00 1.995659e+01 
1.973190e+00 1.948365e+01 
2.007440e+00 1.904388e+01 
2.042160e+00 1.861445e+01 
2.077900e+00 1.818834e+01 
2.112390e+00 1.779187e+01 
2.146220e+00 1.741588e+01 
2.181600e+00 1.703643e+01 
2.216930e+00 1.667030e+01 
2.250760e+00 1.633124e+01 
2.286500e+00 1.598473e+01 
2.321770e+00 1.565398e+01 
2.355950e+00 1.534365e+01 
2.391280e+00 1.503234e+01 
2.426240e+00 1.473385e+01 
2.460670e+00 1.444890e+01 
2.495640e+00 1.416831e+01 
2.531080e+00 1.389202e+01 
2.566220e+00 1.362600e+01 
2.600830e+00 1.337165e+01 
2.635080e+00 1.312721e+01 
2.670340e+00 1.288185e+01 
2.705970e+00 1.264109e+01 
2.740040e+00 1.241735e+01 
2.774520e+00 1.219660e+01 
2.809730e+00 1.197701e+01 
2.844390e+00 1.176671e+01 
2.879960e+00 1.155640e+01 
2.914860e+00 1.135524e+01 
2.949410e+00 1.116136e+01 
2.984440e+00 1.096946e+01 
3.019760e+00 1.078083e+01 
3.054730e+00 1.059894e+01 
3.089030e+00 1.042428e+01 
3.124060e+00 1.025039e+01 
3.159560e+00 1.007844e+01 
3.194710e+00 9.912124e+00 
3.229010e+00 9.753880e+00 
3.263320e+00 9.598519e+00 
3.297930e+00 9.445622e+00 
3.332830e+00 9.294902e+00 
3.368040e+00 9.146243e+00 
3.403300e+00 9.000825e+00 
3.438450e+00 8.858895e+00 
3.473060e+00 8.722509e+00 
3.508440e+00 8.585633e+00 
3.543110e+00 8.454698e+00 
3.577470e+00 8.327342e+00 
3.613040e+00 8.198534e+00 
3.648120e+00 8.074078e+00 
3.682910e+00 7.953301e+00 
3.718050e+00 7.833626e+00 
3.753320e+00 7.716106e+00 
3.787980e+00 7.602949e+00 
3.822290e+00 7.493232e+00 
3.857020e+00 7.384288e+00 
3.891920e+00 7.277043e+00 
3.926650e+00 7.172262e+00 
3.961970e+00 7.067920e+00 
3.997360e+00 6.965292e+00 
4.031670e+00 6.867906e+00 
4.066330e+00 6.771285e+00 
4.101420e+00 6.675567e+00 
4.136200e+00 6.582078e+00 
4.170810e+00 6.491029e+00 
4.206250e+00 6.399445e+00 
4.241580e+00 6.310039e+00 
4.276300e+00 6.223682e+00 
4.310970e+00 6.139046e+00 
4.346120e+00 6.054862e+00 
4.380600e+00 5.973724e+00 
4.414730e+00 5.895010e+00 
4.450350e+00 5.814116e+00 
4.485320e+00 5.736314e+00 
4.519810e+00 5.660815e+00 
4.555430e+00 5.584267e+00 
4.590870e+00 5.509541e+00 
4.625480e+00 5.437809e+00 
4.659910e+00 5.367823e+00 
4.695230e+00 5.297128e+00 
4.729960e+00 5.228910e+00 
4.764450e+00 5.162321e+00 
4.799530e+00 5.095664e+00 
4.834910e+00 5.029717e+00 
4.869700e+00 4.965884e+00 
4.904370e+00 4.903418e+00 
4.939450e+00 4.841325e+00 
4.973940e+00 4.781249e+00 
5.008430e+00 4.722259e+00 
5.043810e+00 4.662699e+00 
5.078840e+00 4.604718e+00 
5.113500e+00 4.548378e+00 
5.148890e+00 4.491658e+00 
5.184210e+00 4.436059e+00 
5.219060e+00 4.382144e+00 
5.253660e+00 4.329463e+00 
5.288570e+00 4.277233e+00 
5.323420e+00 4.225927e+00 
5.358440e+00 4.175181e+00 
5.393590e+00 4.125125e+00 
5.428310e+00 4.076436e+00 
5.462800e+00 4.028836e+00 
5.497640e+00 3.981560e+00 
5.532670e+00 3.934743e+00 
5.567280e+00 3.889232e+00 
5.602000e+00 3.844329e+00 
5.637270e+00 3.799406e+00 
5.672410e+00 3.755375e+00 
5.707020e+00 3.712715e+00 
5.742040e+00 3.670210e+00 
5.777430e+00 3.627947e+00 
5.812210e+00 3.587084e+00 
5.846820e+00 3.547008e+00 
5.881610e+00 3.507347e+00 
5.916510e+00 3.468188e+00 
5.951600e+00 3.429397e+00 
5.986560e+00 3.391339e+00 
6.021830e+00 3.353546e+00 
6.056490e+00 3.316977e+00 
6.091160e+00 3.280953e+00 
6.125830e+00 3.245478e+00 
6.161090e+00 3.209949e+00 
6.195760e+00 3.175540e+00 
6.230420e+00 3.141658e+00 
6.265690e+00 3.107698e+00 
6.300950e+00 3.074253e+00 
6.335620e+00 3.041859e+00 
6.370880e+00 3.009402e+00 
6.405550e+00 2.977969e+00 
6.440220e+00 2.946998e+00 
6.475480e+00 2.915960e+00 
6.510150e+00 2.885888e+00 
6.544810e+00 2.856263e+00 
6.580080e+00 2.826550e+00 
6.614750e+00 2.797762e+00 
6.649410e+00 2.769418e+00 
6.684080e+00 2.741470e+00 
6.719340e+00 2.713448e+00 
6.754010e+00 2.686294e+00 
6.788680e+00 2.659542e+00 
6.823940e+00 2.632714e+00 
6.859800e+00 2.605814e+00 
6.894470e+00 2.580196e+00 
6.929140e+00 2.554937e+00 
6.963800e+00 2.530027e+00 
6.999070e+00 2.505027e+00 
7.033730e+00 2.480846e+00 
7.068400e+00 2.456981e+00 
7.103660e+00 2.433036e+00 
7.138330e+00 2.409821e+00 
7.173600e+00 2.386551e+00 
7.208260e+00 2.363986e+00 
7.243530e+00 2.341327e+00 
7.277600e+00 2.319746e+00 
7.312860e+00 2.297722e+00 
7.348120e+00 2.275987e+00 
7.382790e+00 2.254892e+00 
7.417460e+00 2.234110e+00 
7.452720e+00 2.213268e+00 
7.487390e+00 2.193036e+00 
7.522650e+00 2.172722e+00 
7.557320e+00 2.153053e+00 
7.591990e+00 2.133649e+00 
7.627250e+00 2.114163e+00 
7.662510e+00 2.094921e+00 
7.697180e+00 2.076283e+00 
7.731850e+00 2.057892e+00 
7.766510e+00 2.039731e+00 
7.801180e+00 2.021785e+00 
7.836440e+00 2.003798e+00 
7.871110e+00 1.986354e+00 
7.906380e+00 1.968823e+00 
7.941040e+00 1.951802e+00 
7.976310e+00 1.934716e+00 
8.011570e+00 1.917874e+00 
8.046240e+00 1.901509e+00 
8.080900e+00 1.885342e+00 
8.115570e+00 1.869376e+00 
8.150830e+00 1.853394e+00 
8.185500e+00 1.837862e+00 
8.220770e+00 1.822246e+00 
8.255430e+00 1.807078e+00 
8.290100e+00 1.792138e+00 
8.324770e+00 1.777375e+00 
8.359430e+00 1.762784e+00 
8.394700e+00 1.748105e+00 
8.429960e+00 1.733636e+00 
8.464630e+00 1.719608e+00 
8.499890e+00 1.705501e+00 
8.534560e+00 1.691786e+00 
8.569200e+00 1.678235e+00 
