# Parameters:
# omega_b = 0.022366, omega_m = 0.146457, n_s = 0.979134, h = 67.283465, w = -1.000000, sigma_8 = 0.860630
# z = 1.500000
#
# k[1/Mpc] # P(k):
8.694000e-04 3.626557e+03 
2.077466e-03 7.877739e+03 
3.285532e-03 1.126676e+04 
4.493598e-03 1.393372e+04 
5.701664e-03 1.596567e+04 
6.909730e-03 1.745523e+04 
8.117797e-03 1.851324e+04 
9.325863e-03 1.919676e+04 
1.053393e-02 1.956433e+04 
1.174199e-02 1.967049e+04 
1.295006e-02 1.955002e+04 
1.415813e-02 1.925114e+04 
1.536619e-02 1.881573e+04 
1.657426e-02 1.827196e+04 
1.778233e-02 1.764617e+04 
1.899039e-02 1.697821e+04 
2.019846e-02 1.628995e+04 
2.140652e-02 1.560103e+04 
2.261459e-02 1.492236e+04 
2.382266e-02 1.426801e+04 
2.503072e-02 1.364884e+04 
2.623879e-02 1.306968e+04 
2.744685e-02 1.253207e+04 
2.865492e-02 1.203977e+04 
2.986299e-02 1.159164e+04 
3.100100e-02 1.120938e+04 
3.220400e-02 1.084501e+04 
3.288100e-02 1.065773e+04 
3.424300e-02 1.031485e+04 
3.555100e-02 1.002301e+04 
3.686000e-02 9.762972e+03 
3.795000e-02 9.566288e+03 
3.929100e-02 9.345439e+03 
4.039800e-02 9.175518e+03 
4.164000e-02 8.993987e+03 
4.294400e-02 8.807345e+03 
4.415000e-02 8.637358e+03 
4.542900e-02 8.452430e+03 
4.660900e-02 8.279816e+03 
4.782300e-02 8.091311e+03 
4.892900e-02 7.915039e+03 
5.031200e-02 7.685678e+03 
5.155900e-02 7.469438e+03 
5.238100e-02 7.323398e+03 
5.378200e-02 7.070053e+03 
5.513400e-02 6.820504e+03 
5.627600e-02 6.608050e+03 
5.735300e-02 6.408283e+03 
5.870100e-02 6.161101e+03 
5.988700e-02 5.948852e+03 
6.113500e-02 5.732285e+03 
6.225900e-02 5.545140e+03 
6.340100e-02 5.364291e+03 
6.480200e-02 5.156395e+03 
6.601100e-02 4.991447e+03 
6.725500e-02 4.835744e+03 
6.829100e-02 4.717841e+03 
6.958600e-02 4.582976e+03 
7.071100e-02 4.477727e+03 
7.192300e-02 4.375193e+03 
7.307400e-02 4.287341e+03 
7.412300e-02 4.214510e+03 
7.550400e-02 4.128763e+03 
7.663100e-02 4.065094e+03 
7.791200e-02 3.999887e+03 
7.912700e-02 3.942983e+03 
8.027600e-02 3.892162e+03 
8.138400e-02 3.845051e+03 
8.272200e-02 3.789645e+03 
8.406100e-02 3.734614e+03 
8.534100e-02 3.680697e+03 
8.653800e-02 3.628210e+03 
8.759800e-02 3.580351e+03 
8.900300e-02 3.514206e+03 
9.009000e-02 3.460345e+03 
9.113300e-02 3.405973e+03 
9.239600e-02 3.338518e+03 
9.358000e-02 3.272923e+03 
9.496100e-02 3.193207e+03 
9.608400e-02 3.127659e+03 
9.727500e-02 3.058107e+03 
9.852600e-02 2.983378e+03 
9.973800e-02 2.912263e+03 
1.009000e-01 2.845355e+03 
1.020900e-01 2.778184e+03 
1.034000e-01 2.706919e+03 
1.046000e-01 2.644093e+03 
1.057200e-01 2.588777e+03 
1.069100e-01 2.532466e+03 
1.082500e-01 2.473485e+03 
1.093900e-01 2.426785e+03 
1.105400e-01 2.382091e+03 
1.116900e-01 2.341662e+03 
1.129600e-01 2.299331e+03 
1.142000e-01 2.262051e+03 
1.153300e-01 2.230106e+03 
1.166400e-01 2.195822e+03 
1.177800e-01 2.168244e+03 
1.190000e-01 2.140147e+03 
1.201200e-01 2.116078e+03 
1.213400e-01 2.090678e+03 
1.227100e-01 2.063508e+03 
1.238900e-01 2.040648e+03 
1.250700e-01 2.018084e+03 
1.263200e-01 1.994446e+03 
1.275500e-01 1.971071e+03 
1.287500e-01 1.948217e+03 
1.299900e-01 1.924229e+03 
1.311300e-01 1.901934e+03 
1.323500e-01 1.877493e+03 
1.335900e-01 1.852382e+03 
1.347100e-01 1.829094e+03 
1.359800e-01 1.802601e+03 
1.372100e-01 1.776198e+03 
1.384300e-01 1.750122e+03 
1.395700e-01 1.725145e+03 
1.407700e-01 1.699313e+03 
1.420300e-01 1.671681e+03 
1.432800e-01 1.644904e+03 
1.444500e-01 1.619835e+03 
1.456300e-01 1.595097e+03 
1.468900e-01 1.569373e+03 
1.480500e-01 1.546239e+03 
1.491700e-01 1.524642e+03 
1.503800e-01 1.502152e+03 
1.516400e-01 1.479444e+03 
1.528200e-01 1.459524e+03 
1.540200e-01 1.439673e+03 
1.551900e-01 1.421695e+03 
1.564300e-01 1.403256e+03 
1.576600e-01 1.385855e+03 
1.588700e-01 1.369701e+03 
1.600900e-01 1.353769e+03 
1.612700e-01 1.339488e+03 
1.625400e-01 1.324405e+03 
1.637600e-01 1.310467e+03 
1.649500e-01 1.297279e+03 
1.662200e-01 1.283465e+03 
1.674000e-01 1.270885e+03 
1.685000e-01 1.259354e+03 
1.697500e-01 1.246295e+03 
1.710300e-01 1.232991e+03 
1.722200e-01 1.220841e+03 
1.734400e-01 1.208063e+03 
1.746400e-01 1.195688e+03 
1.758700e-01 1.183022e+03 
1.770900e-01 1.170268e+03 
1.782700e-01 1.158141e+03 
1.794600e-01 1.145809e+03 
1.807000e-01 1.132973e+03 
1.819100e-01 1.120662e+03 
1.830100e-01 1.109371e+03 
1.842200e-01 1.097103e+03 
1.855000e-01 1.084345e+03 
1.867000e-01 1.072472e+03 
1.879200e-01 1.060601e+03 
1.890900e-01 1.049409e+03 
1.902800e-01 1.038244e+03 
1.915200e-01 1.026800e+03 
1.926900e-01 1.016220e+03 
1.939000e-01 1.005594e+03 
1.951700e-01 9.946236e+02 
1.963100e-01 9.849953e+02 
1.975100e-01 9.751857e+02 
1.987800e-01 9.649684e+02 
2.000100e-01 9.553025e+02 
2.012500e-01 9.458770e+02 
2.023400e-01 9.377126e+02 
2.036100e-01 9.283793e+02 
2.048900e-01 9.192738e+02 
2.060400e-01 9.112148e+02 
2.072200e-01 9.030718e+02 
2.084200e-01 8.950200e+02 
2.096900e-01 8.866248e+02 
2.109200e-01 8.786151e+02 
2.121100e-01 8.710104e+02 
2.132700e-01 8.637019e+02 
2.145200e-01 8.559374e+02 
2.157200e-01 8.485797e+02 
2.168800e-01 8.415598e+02 
2.180700e-01 8.344560e+02 
2.193400e-01 8.269588e+02 
2.206000e-01 8.195859e+02 
2.217500e-01 8.129488e+02 
2.229500e-01 8.061152e+02 
2.241400e-01 7.993489e+02 
2.253500e-01 7.925594e+02 
2.264900e-01 7.862466e+02 
2.277100e-01 7.795386e+02 
2.289900e-01 7.725529e+02 
2.301500e-01 7.663073e+02 
2.313600e-01 7.598765e+02 
2.325600e-01 7.535130e+02 
2.337700e-01 7.471807e+02 
2.350000e-01 7.408288e+02 
2.362000e-01 7.346895e+02 
2.374100e-01 7.285515e+02 
2.386500e-01 7.223438e+02 
2.399100e-01 7.161198e+02 
2.410400e-01 7.105926e+02 
2.422500e-01 7.047451e+02 
2.435000e-01 6.987822e+02 
2.447300e-01 6.929924e+02 
2.458700e-01 6.876989e+02 
2.470600e-01 6.822398e+02 
2.483300e-01 6.764874e+02 
2.495600e-01 6.709988e+02 
2.507600e-01 6.657258e+02 
2.519600e-01 6.605169e+02 
2.532200e-01 6.551154e+02 
2.543700e-01 6.502698e+02 
2.555500e-01 6.453722e+02 
2.568000e-01 6.402468e+02 
2.580100e-01 6.353456e+02 
2.592400e-01 6.304594e+02 
2.604100e-01 6.258819e+02 
2.616100e-01 6.212411e+02 
2.628400e-01 6.165402e+02 
2.640600e-01 6.119701e+02 
2.652200e-01 6.076890e+02 
2.664300e-01 6.032738e+02 
2.676500e-01 5.988733e+02 
2.688400e-01 5.946552e+02 
2.700700e-01 5.903606e+02 
2.712400e-01 5.863212e+02 
2.724800e-01 5.820881e+02 
2.736700e-01 5.780909e+02 
2.748800e-01 5.740917e+02 
2.761000e-01 5.701041e+02 
2.773200e-01 5.661609e+02 
2.785400e-01 5.622689e+02 
2.797000e-01 5.586241e+02 
2.808900e-01 5.549244e+02 
2.821400e-01 5.510805e+02 
2.833900e-01 5.472801e+02 
2.845500e-01 5.438050e+02 
2.857800e-01 5.401591e+02 
2.870300e-01 5.364941e+02 
2.882100e-01 5.330712e+02 
2.893900e-01 5.296906e+02 
2.906300e-01 5.261792e+02 
2.918900e-01 5.226496e+02 
2.930500e-01 5.194340e+02 
2.942500e-01 5.161420e+02 
2.954200e-01 5.129678e+02 
2.966500e-01 5.096647e+02 
2.978900e-01 5.063696e+02 
2.990400e-01 5.033444e+02 
3.002700e-01 5.001416e+02 
3.015100e-01 4.969462e+02 
3.026800e-01 4.939615e+02 
3.038500e-01 4.910057e+02 
3.050300e-01 4.880535e+02 
3.062600e-01 4.850068e+02 
3.075000e-01 4.819664e+02 
3.087000e-01 4.790533e+02 
3.099100e-01 4.761447e+02 
3.111200e-01 4.732655e+02 
3.123100e-01 4.704632e+02 
3.135300e-01 4.676179e+02 
3.147300e-01 4.648464e+02 
3.159900e-01 4.619648e+02 
3.171800e-01 4.592706e+02 
3.183700e-01 4.566023e+02 
3.196300e-01 4.538043e+02 
3.208400e-01 4.511433e+02 
3.220300e-01 4.485509e+02 
3.232000e-01 4.460289e+02 
3.244300e-01 4.434036e+02 
3.256700e-01 4.407821e+02 
3.269200e-01 4.381649e+02 
3.280800e-01 4.357585e+02 
3.292500e-01 4.333588e+02 
3.304800e-01 4.308608e+02 
3.317100e-01 4.283862e+02 
3.328900e-01 4.260337e+02 
3.340700e-01 4.237022e+02 
3.353600e-01 4.211837e+02 
3.365300e-01 4.189230e+02 
3.377100e-01 4.166629e+02 
3.389200e-01 4.143660e+02 
3.401600e-01 4.120333e+02 
3.413700e-01 4.097845e+02 
3.425300e-01 4.076522e+02 
3.437700e-01 4.053927e+02 
3.449800e-01 4.032076e+02 
3.461800e-01 4.010595e+02 
3.473600e-01 3.989691e+02 
3.485800e-01 3.968357e+02 
3.498100e-01 3.947037e+02 
3.510200e-01 3.926247e+02 
3.522000e-01 3.906144e+02 
3.533900e-01 3.886042e+02 
3.546400e-01 3.865228e+02 
3.558400e-01 3.845426e+02 
3.570600e-01 3.825465e+02 
3.582700e-01 3.805836e+02 
3.595000e-01 3.786051e+02 
3.607100e-01 3.766829e+02 
3.618900e-01 3.748297e+02 
3.631200e-01 3.729140e+02 
3.643200e-01 3.710607e+02 
3.655500e-01 3.691767e+02 
3.667300e-01 3.673843e+02 
3.679500e-01 3.655606e+02 
3.691900e-01 3.637225e+02 
3.703600e-01 3.620023e+02 
3.715700e-01 3.602374e+02 
3.727700e-01 3.585013e+02 
3.739900e-01 3.567554e+02 
3.752000e-01 3.550466e+02 
3.763900e-01 3.533794e+02 
3.775800e-01 3.517253e+02 
3.788200e-01 3.500155e+02 
3.800300e-01 3.483605e+02 
3.812100e-01 3.467662e+02 
3.824200e-01 3.451490e+02 
3.836100e-01 3.435708e+02 
3.848600e-01 3.419262e+02 
3.860400e-01 3.403858e+02 
3.872400e-01 3.388313e+02 
3.884600e-01 3.372720e+02 
3.896500e-01 3.357662e+02 
3.908700e-01 3.342342e+02 
3.920600e-01 3.327513e+02 
3.933100e-01 3.312056e+02 
3.945300e-01 3.297088e+02 
3.957200e-01 3.282695e+02 
3.969300e-01 3.268196e+02 
3.981700e-01 3.253451e+02 
3.993500e-01 3.239526e+02 
4.094840e-01 3.124439e+02 
4.272360e-01 2.941319e+02 
4.454600e-01 2.773628e+02 
4.630560e-01 2.628035e+02 
4.804610e-01 2.497433e+02 
4.980690e-01 2.376986e+02 
5.159230e-01 2.265196e+02 
5.317440e-01 2.173914e+02 
5.489640e-01 2.081874e+02 
5.671990e-01 1.991922e+02 
5.838690e-01 1.915845e+02 
6.018840e-01 1.839595e+02 
6.202330e-01 1.767727e+02 
6.379250e-01 1.703393e+02 
6.545410e-01 1.647135e+02 
6.714560e-01 1.593551e+02 
6.892080e-01 1.541021e+02 
7.066010e-01 1.492985e+02 
7.240540e-01 1.447724e+02 
7.420450e-01 1.404113e+02 
7.593780e-01 1.364667e+02 
7.764720e-01 1.327997e+02 
7.942840e-01 1.291962e+02 
8.116170e-01 1.258922e+02 
8.288310e-01 1.227877e+02 
8.462240e-01 1.198187e+02 
8.631980e-01 1.170653e+02 
8.810700e-01 1.143094e+02 
8.989410e-01 1.116873e+02 
9.166330e-01 1.092177e+02 
9.345640e-01 1.068345e+02 
9.515980e-01 1.046683e+02 
9.688720e-01 1.025621e+02 
9.865640e-01 1.004970e+02 
1.031870e+00 9.557185e+01 
1.063490e+00 9.241191e+01 
1.097920e+00 8.920251e+01 
1.134370e+00 8.602780e+01 
1.167730e+00 8.330676e+01 
1.203830e+00 8.052957e+01 
1.240470e+00 7.788125e+01 
1.275790e+00 7.546962e+01 
1.309140e+00 7.331356e+01 
1.342970e+00 7.122145e+01 
1.378420e+00 6.914140e+01 
1.413200e+00 6.719613e+01 
1.448110e+00 6.533119e+01 
1.484090e+00 6.349627e+01 
1.518820e+00 6.180098e+01 
1.552880e+00 6.020666e+01 
1.588630e+00 5.860085e+01 
1.623230e+00 5.711099e+01 
1.657720e+00 5.568151e+01 
1.692450e+00 5.429956e+01 
1.726400e+00 5.299604e+01 
1.762200e+00 5.167031e+01 
1.797880e+00 5.039847e+01 
1.833270e+00 4.918432e+01 
1.869070e+00 4.799796e+01 
1.903200e+00 4.690613e+01 
1.937740e+00 4.583853e+01 
1.973190e+00 4.477962e+01 
2.007440e+00 4.379077e+01 
2.042160e+00 4.281918e+01 
2.077900e+00 4.185090e+01 
2.112390e+00 4.094733e+01 
2.146220e+00 4.008649e+01 
2.181600e+00 3.921424e+01 
2.216930e+00 3.836936e+01 
2.250760e+00 3.758495e+01 
2.286500e+00 3.678118e+01 
2.321770e+00 3.601156e+01 
2.355950e+00 3.528811e+01 
2.391280e+00 3.455861e+01 
2.426240e+00 3.385792e+01 
2.460670e+00 3.318819e+01 
2.495640e+00 3.252786e+01 
2.531080e+00 3.187536e+01 
2.566220e+00 3.124567e+01 
2.600830e+00 3.064280e+01 
2.635080e+00 3.006287e+01 
2.670340e+00 2.947996e+01 
2.705970e+00 2.890710e+01 
2.740040e+00 2.837412e+01 
2.774520e+00 2.784764e+01 
2.809730e+00 2.732302e+01 
2.844390e+00 2.682037e+01 
2.879960e+00 2.631799e+01 
2.914860e+00 2.583671e+01 
2.949410e+00 2.537253e+01 
2.984440e+00 2.491281e+01 
3.019760e+00 2.446035e+01 
3.054730e+00 2.402379e+01 
3.089030e+00 2.360507e+01 
3.124060e+00 2.318825e+01 
3.159560e+00 2.277604e+01 
3.194710e+00 2.237721e+01 
3.229010e+00 2.199778e+01 
3.263320e+00 2.162531e+01 
3.297930e+00 2.125880e+01 
3.332830e+00 2.089745e+01 
3.368040e+00 2.054143e+01 
3.403300e+00 2.019350e+01 
3.438450e+00 1.985384e+01 
3.473060e+00 1.952755e+01 
3.508440e+00 1.920025e+01 
3.543110e+00 1.888740e+01 
3.577470e+00 1.858388e+01 
3.613040e+00 1.827690e+01 
3.648120e+00 1.798005e+01 
3.682910e+00 1.769237e+01 
3.718050e+00 1.740795e+01 
3.753320e+00 1.712875e+01 
3.787980e+00 1.685999e+01 
3.822290e+00 1.659968e+01 
3.857020e+00 1.634156e+01 
3.891920e+00 1.608768e+01 
3.926650e+00 1.583993e+01 
3.961970e+00 1.559353e+01 
3.997360e+00 1.535176e+01 
4.031670e+00 1.512245e+01 
4.066330e+00 1.489504e+01 
4.101420e+00 1.466989e+01 
4.136200e+00 1.445068e+01 
4.170810e+00 1.423730e+01 
4.206250e+00 1.402299e+01 
4.241580e+00 1.381392e+01 
4.276300e+00 1.361242e+01 
4.310970e+00 1.341523e+01 
4.346120e+00 1.321927e+01 
4.380600e+00 1.303062e+01 
4.414730e+00 1.284770e+01 
4.450350e+00 1.266032e+01 
4.485320e+00 1.248019e+01 
4.519810e+00 1.230581e+01 
4.555430e+00 1.212923e+01 
4.590870e+00 1.195698e+01 
4.625480e+00 1.179181e+01 
4.659910e+00 1.163073e+01 
4.695230e+00 1.146867e+01 
4.729960e+00 1.131244e+01 
4.764450e+00 1.116014e+01 
4.799530e+00 1.100797e+01 
4.834910e+00 1.085749e+01 
4.869700e+00 1.071222e+01 
4.904370e+00 1.057016e+01 
4.939450e+00 1.042911e+01 
4.973940e+00 1.029292e+01 
5.008430e+00 1.015925e+01 
5.043810e+00 1.002453e+01 
5.078840e+00 9.893554e+00 
5.113500e+00 9.766329e+00 
5.148890e+00 9.638748e+00 
5.184210e+00 9.513750e+00 
5.219060e+00 9.392646e+00 
5.253660e+00 9.274547e+00 
5.288570e+00 9.157498e+00 
5.323420e+00 9.042682e+00 
5.358440e+00 8.929298e+00 
5.393590e+00 8.817491e+00 
5.428310e+00 8.709020e+00 
5.462800e+00 8.603137e+00 
5.497640e+00 8.498002e+00 
5.532670e+00 8.394185e+00 
5.567280e+00 8.293375e+00 
5.602000e+00 8.193938e+00 
5.637270e+00 8.094639e+00 
5.672410e+00 7.997373e+00 
5.707020e+00 7.903161e+00 
5.742040e+00 7.809567e+00 
5.777430e+00 7.716582e+00 
5.812210e+00 7.626696e+00 
5.846820e+00 7.538705e+00 
5.881610e+00 7.451678e+00 
5.916510e+00 7.365774e+00 
5.951600e+00 7.280880e+00 
5.986560e+00 7.197691e+00 
6.021830e+00 7.115095e+00 
6.056490e+00 7.035317e+00 
6.091160e+00 6.956846e+00 
6.125830e+00 6.879586e+00 
6.161090e+00 6.802264e+00 
6.195760e+00 6.727487e+00 
6.230420e+00 6.653866e+00 
6.265690e+00 6.580097e+00 
6.300950e+00 6.507646e+00 
6.335620e+00 6.437481e+00 
6.370880e+00 6.367190e+00 
6.405550e+00 6.299210e+00 
6.440220e+00 6.232271e+00 
6.475480e+00 6.165197e+00 
6.510150e+00 6.100274e+00 
6.544810e+00 6.036445e+00 
6.580080e+00 5.972436e+00 
6.614750e+00 5.910426e+00 
6.649410e+00 5.849446e+00 
6.684080e+00 5.789339e+00 
6.719340e+00 5.729080e+00 
6.754010e+00 5.670738e+00 
6.788680e+00 5.613373e+00 
6.823940e+00 5.555849e+00 
6.859800e+00 5.498177e+00 
6.894470e+00 5.443301e+00 
6.929140e+00 5.389214e+00 
6.963800e+00 5.335881e+00 
6.999070e+00 5.282363e+00 
7.033730e+00 5.230662e+00 
7.068400e+00 5.179642e+00 
7.103660e+00 5.128453e+00 
7.138330e+00 5.078850e+00 
7.173600e+00 5.029173e+00 
7.208260e+00 4.981004e+00 
7.243530e+00 4.932637e+00 
7.277600e+00 4.886597e+00 
7.312860e+00 4.839633e+00 
7.348120e+00 4.793287e+00 
7.382790e+00 4.748310e+00 
7.417460e+00 4.704065e+00 
7.452720e+00 4.659729e+00 
7.487390e+00 4.616693e+00 
7.522650e+00 4.573483e+00 
7.557320e+00 4.531637e+00 
7.591990e+00 4.490353e+00 
7.627250e+00 4.448895e+00 
7.662510e+00 4.407961e+00 
7.697180e+00 4.368337e+00 
7.731850e+00 4.329248e+00 
7.766510e+00 4.290648e+00 
7.801180e+00 4.252510e+00 
7.836440e+00 4.214274e+00 
7.871110e+00 4.177185e+00 
7.906380e+00 4.139912e+00 
7.941040e+00 4.103728e+00 
7.976310e+00 4.067417e+00 
8.011570e+00 4.031636e+00 
8.046240e+00 3.996874e+00 
8.080900e+00 3.962532e+00 
8.115570e+00 3.928615e+00 
8.150830e+00 3.894651e+00 
8.185500e+00 3.861647e+00 
8.220770e+00 3.828465e+00 
8.255430e+00 3.796237e+00 
8.290100e+00 3.764507e+00 
8.324770e+00 3.733156e+00 
8.359430e+00 3.702171e+00 
8.394700e+00 3.671002e+00 
8.429960e+00 3.640266e+00 
8.464630e+00 3.610456e+00 
8.499890e+00 3.580481e+00 
8.534560e+00 3.551340e+00 
8.569200e+00 3.522548e+00 
