# Parameters:
# omega_b = 0.022161, omega_m = 0.130197, n_s = 0.982283, h = 63.740157, w = -1.000000, sigma_8 = 0.715748
# z = 1.500000
#
# k[1/Mpc] # P(k):
8.694000e-04 3.794377e+03 
2.077466e-03 8.167572e+03 
3.285532e-03 1.155558e+04 
4.493598e-03 1.412242e+04 
5.701664e-03 1.599583e+04 
6.909730e-03 1.729065e+04 
8.117797e-03 1.813416e+04 
9.325863e-03 1.859344e+04 
1.053393e-02 1.873653e+04 
1.174199e-02 1.862595e+04 
1.295006e-02 1.830114e+04 
1.415813e-02 1.781419e+04 
1.536619e-02 1.721100e+04 
1.657426e-02 1.652244e+04 
1.778233e-02 1.577570e+04 
1.899039e-02 1.501045e+04 
2.019846e-02 1.424828e+04 
2.140652e-02 1.350757e+04 
2.261459e-02 1.279848e+04 
2.382266e-02 1.213287e+04 
2.503072e-02 1.151852e+04 
2.623879e-02 1.095773e+04 
2.744685e-02 1.045134e+04 
2.865492e-02 9.998677e+03 
2.986299e-02 9.596246e+03 
3.100100e-02 9.261593e+03 
3.220400e-02 8.949816e+03 
3.288100e-02 8.792713e+03 
3.424300e-02 8.509675e+03 
3.555100e-02 8.272683e+03 
3.686000e-02 8.063759e+03 
3.795000e-02 7.906053e+03 
3.929100e-02 7.727509e+03 
4.039800e-02 7.587626e+03 
4.164000e-02 7.435049e+03 
4.294400e-02 7.272162e+03 
4.415000e-02 7.119933e+03 
4.542900e-02 6.948835e+03 
4.660900e-02 6.786191e+03 
4.782300e-02 6.605024e+03 
4.892900e-02 6.434475e+03 
5.031200e-02 6.211764e+03 
5.155900e-02 6.002323e+03 
5.238100e-02 5.861767e+03 
5.378200e-02 5.620462e+03 
5.513400e-02 5.387858e+03 
5.627600e-02 5.195239e+03 
5.735300e-02 5.019788e+03 
5.870100e-02 4.811775e+03 
5.988700e-02 4.641575e+03 
6.113500e-02 4.475785e+03 
6.225900e-02 4.338271e+03 
6.340100e-02 4.208873e+03 
6.480200e-02 4.061848e+03 
6.601100e-02 3.945249e+03 
6.725500e-02 3.833792e+03 
6.829100e-02 3.748095e+03 
6.958600e-02 3.648604e+03 
7.071100e-02 3.569884e+03 
7.192300e-02 3.492467e+03 
7.307400e-02 3.425620e+03 
7.412300e-02 3.369853e+03 
7.550400e-02 3.303624e+03 
7.663100e-02 3.253987e+03 
7.791200e-02 3.202252e+03 
7.912700e-02 3.156054e+03 
8.027600e-02 3.113889e+03 
8.138400e-02 3.073990e+03 
8.272200e-02 3.025944e+03 
8.406100e-02 2.977154e+03 
8.534100e-02 2.928371e+03 
8.653800e-02 2.880373e+03 
8.759800e-02 2.836455e+03 
8.900300e-02 2.775700e+03 
9.009000e-02 2.726371e+03 
9.113300e-02 2.676894e+03 
9.239600e-02 2.615884e+03 
9.358000e-02 2.557102e+03 
9.496100e-02 2.486621e+03 
9.608400e-02 2.429291e+03 
9.727500e-02 2.368974e+03 
9.852600e-02 2.305446e+03 
9.973800e-02 2.245648e+03 
1.009000e-01 2.189927e+03 
1.020900e-01 2.135302e+03 
1.034000e-01 2.078019e+03 
1.046000e-01 2.028205e+03 
1.057200e-01 1.985478e+03 
1.069100e-01 1.942393e+03 
1.082500e-01 1.898433e+03 
1.093900e-01 1.864296e+03 
1.105400e-01 1.832021e+03 
1.116900e-01 1.803617e+03 
1.129600e-01 1.774094e+03 
1.142000e-01 1.748545e+03 
1.153300e-01 1.726658e+03 
1.166400e-01 1.703185e+03 
1.177800e-01 1.683960e+03 
1.190000e-01 1.664205e+03 
1.201200e-01 1.646417e+03 
1.213400e-01 1.627484e+03 
1.227100e-01 1.605600e+03 
1.238900e-01 1.586841e+03 
1.250700e-01 1.567209e+03 
1.263200e-01 1.546275e+03 
1.275500e-01 1.524773e+03 
1.287500e-01 1.503515e+03 
1.299900e-01 1.480846e+03 
1.311300e-01 1.459810e+03 
1.323500e-01 1.436799e+03 
1.335900e-01 1.413435e+03 
1.347100e-01 1.392113e+03 
1.359800e-01 1.368215e+03 
1.372100e-01 1.345069e+03 
1.384300e-01 1.322550e+03 
1.395700e-01 1.301736e+03 
1.407700e-01 1.280323e+03 
1.420300e-01 1.258419e+03 
1.432800e-01 1.237203e+03 
1.444500e-01 1.218164e+03 
1.456300e-01 1.199380e+03 
1.468900e-01 1.180258e+03 
1.480500e-01 1.163182e+03 
1.491700e-01 1.147342e+03 
1.503800e-01 1.130977e+03 
1.516400e-01 1.114445e+03 
1.528200e-01 1.099924e+03 
1.540200e-01 1.085451e+03 
1.551900e-01 1.072159e+03 
1.564300e-01 1.058480e+03 
1.576600e-01 1.045413e+03 
1.588700e-01 1.033089e+03 
1.600900e-01 1.020913e+03 
1.612700e-01 1.009623e+03 
1.625400e-01 9.977007e+02 
1.637600e-01 9.864734e+02 
1.649500e-01 9.757270e+02 
1.662200e-01 9.644381e+02 
1.674000e-01 9.539619e+02 
1.685000e-01 9.443619e+02 
1.697500e-01 9.334539e+02 
1.710300e-01 9.223045e+02 
1.722200e-01 9.121274e+02 
1.734400e-01 9.014659e+02 
1.746400e-01 8.911482e+02 
1.758700e-01 8.806366e+02 
1.770900e-01 8.701452e+02 
1.782700e-01 8.601751e+02 
1.794600e-01 8.501376e+02 
1.807000e-01 8.397577e+02 
1.819100e-01 8.298077e+02 
1.830100e-01 8.208198e+02 
1.842200e-01 8.110805e+02 
1.855000e-01 8.009617e+02 
1.867000e-01 7.916844e+02 
1.879200e-01 7.824122e+02 
1.890900e-01 7.736905e+02 
1.902800e-01 7.650808e+02 
1.915200e-01 7.562584e+02 
1.926900e-01 7.481208e+02 
1.939000e-01 7.400037e+02 
1.951700e-01 7.316249e+02 
1.963100e-01 7.242817e+02 
1.975100e-01 7.168258e+02 
1.987800e-01 7.090613e+02 
2.000100e-01 7.017178e+02 
2.012500e-01 6.945594e+02 
2.023400e-01 6.883596e+02 
2.036100e-01 6.812686e+02 
2.048900e-01 6.743337e+02 
2.060400e-01 6.681968e+02 
2.072200e-01 6.619940e+02 
2.084200e-01 6.558284e+02 
2.096900e-01 6.494008e+02 
2.109200e-01 6.432694e+02 
2.121100e-01 6.374102e+02 
2.132700e-01 6.317781e+02 
2.145200e-01 6.257958e+02 
2.157200e-01 6.201000e+02 
2.168800e-01 6.146540e+02 
2.180700e-01 6.091439e+02 
2.193400e-01 6.033186e+02 
2.206000e-01 5.975700e+02 
2.217500e-01 5.923964e+02 
2.229500e-01 5.870709e+02 
2.241400e-01 5.817734e+02 
2.253500e-01 5.764586e+02 
2.264900e-01 5.715184e+02 
2.277100e-01 5.662628e+02 
2.289900e-01 5.607831e+02 
2.301500e-01 5.558854e+02 
2.313600e-01 5.508440e+02 
2.325600e-01 5.458477e+02 
2.337700e-01 5.408775e+02 
2.350000e-01 5.358936e+02 
2.362000e-01 5.310767e+02 
2.374100e-01 5.262607e+02 
2.386500e-01 5.213916e+02 
2.399100e-01 5.165116e+02 
2.410400e-01 5.121829e+02 
2.422500e-01 5.076055e+02 
2.435000e-01 5.029394e+02 
2.447300e-01 4.984115e+02 
2.458700e-01 4.942776e+02 
2.470600e-01 4.900158e+02 
2.483300e-01 4.855266e+02 
2.495600e-01 4.812491e+02 
2.507600e-01 4.771466e+02 
2.519600e-01 4.730954e+02 
2.532200e-01 4.688958e+02 
2.543700e-01 4.651362e+02 
2.555500e-01 4.613419e+02 
2.568000e-01 4.573722e+02 
2.580100e-01 4.535775e+02 
2.592400e-01 4.498024e+02 
2.604100e-01 4.462698e+02 
2.616100e-01 4.426894e+02 
2.628400e-01 4.390637e+02 
2.640600e-01 4.355461e+02 
2.652200e-01 4.322545e+02 
2.664300e-01 4.288605e+02 
2.676500e-01 4.254788e+02 
2.688400e-01 4.222415e+02 
2.700700e-01 4.189483e+02 
2.712400e-01 4.158517e+02 
2.724800e-01 4.126073e+02 
2.736700e-01 4.095461e+02 
2.748800e-01 4.064856e+02 
2.761000e-01 4.034349e+02 
2.773200e-01 4.004187e+02 
2.785400e-01 3.974429e+02 
2.797000e-01 3.946575e+02 
2.808900e-01 3.918309e+02 
2.821400e-01 3.888948e+02 
2.833900e-01 3.859925e+02 
2.845500e-01 3.833383e+02 
2.857800e-01 3.805541e+02 
2.870300e-01 3.777562e+02 
2.882100e-01 3.751436e+02 
2.893900e-01 3.725630e+02 
2.906300e-01 3.698828e+02 
2.918900e-01 3.671894e+02 
2.930500e-01 3.647361e+02 
2.942500e-01 3.622249e+02 
2.954200e-01 3.598034e+02 
2.966500e-01 3.572843e+02 
2.978900e-01 3.547718e+02 
2.990400e-01 3.524656e+02 
3.002700e-01 3.500244e+02 
3.015100e-01 3.475894e+02 
3.026800e-01 3.453155e+02 
3.038500e-01 3.430641e+02 
3.050300e-01 3.408161e+02 
3.062600e-01 3.384961e+02 
3.075000e-01 3.361816e+02 
3.087000e-01 3.339645e+02 
3.099100e-01 3.317513e+02 
3.111200e-01 3.295615e+02 
3.123100e-01 3.274310e+02 
3.135300e-01 3.252684e+02 
3.147300e-01 3.231624e+02 
3.159900e-01 3.209732e+02 
3.171800e-01 3.189279e+02 
3.183700e-01 3.169033e+02 
3.196300e-01 3.147808e+02 
3.208400e-01 3.127628e+02 
3.220300e-01 3.107973e+02 
3.232000e-01 3.088867e+02 
3.244300e-01 3.068987e+02 
3.256700e-01 3.049142e+02 
3.269200e-01 3.029333e+02 
3.280800e-01 3.011125e+02 
3.292500e-01 2.992983e+02 
3.304800e-01 2.974106e+02 
3.317100e-01 2.955410e+02 
3.328900e-01 2.937641e+02 
3.340700e-01 2.920034e+02 
3.353600e-01 2.901037e+02 
3.365300e-01 2.883995e+02 
3.377100e-01 2.866961e+02 
3.389200e-01 2.849653e+02 
3.401600e-01 2.832080e+02 
3.413700e-01 2.815156e+02 
3.425300e-01 2.799119e+02 
3.437700e-01 2.782130e+02 
3.449800e-01 2.765704e+02 
3.461800e-01 2.749560e+02 
3.473600e-01 2.733858e+02 
3.485800e-01 2.717848e+02 
3.498100e-01 2.701852e+02 
3.510200e-01 2.686256e+02 
3.522000e-01 2.671180e+02 
3.533900e-01 2.656107e+02 
3.546400e-01 2.640524e+02 
3.558400e-01 2.625702e+02 
3.570600e-01 2.610765e+02 
3.582700e-01 2.596079e+02 
3.595000e-01 2.581279e+02 
3.607100e-01 2.566910e+02 
3.618900e-01 2.553065e+02 
3.631200e-01 2.538756e+02 
3.643200e-01 2.524915e+02 
3.655500e-01 2.510848e+02 
3.667300e-01 2.497467e+02 
3.679500e-01 2.483872e+02 
3.691900e-01 2.470171e+02 
3.703600e-01 2.457351e+02 
3.715700e-01 2.444202e+02 
3.727700e-01 2.431268e+02 
3.739900e-01 2.418268e+02 
3.752000e-01 2.405552e+02 
3.763900e-01 2.393147e+02 
3.775800e-01 2.380843e+02 
3.788200e-01 2.368126e+02 
3.800300e-01 2.355819e+02 
3.812100e-01 2.343971e+02 
3.824200e-01 2.331958e+02 
3.836100e-01 2.320238e+02 
3.848600e-01 2.308026e+02 
3.860400e-01 2.296590e+02 
3.872400e-01 2.285051e+02 
3.884600e-01 2.273487e+02 
3.896500e-01 2.262322e+02 
3.908700e-01 2.250966e+02 
3.920600e-01 2.239975e+02 
3.933100e-01 2.228521e+02 
3.945300e-01 2.217431e+02 
3.957200e-01 2.206771e+02 
3.969300e-01 2.196035e+02 
3.981700e-01 2.185118e+02 
3.993500e-01 2.174810e+02 
4.094840e-01 2.089741e+02 
4.272360e-01 1.954766e+02 
4.454600e-01 1.831660e+02 
4.630560e-01 1.725233e+02 
4.804610e-01 1.630209e+02 
4.980690e-01 1.542973e+02 
5.159230e-01 1.462448e+02 
5.317440e-01 1.396974e+02 
5.489640e-01 1.331303e+02 
5.671990e-01 1.267435e+02 
5.838690e-01 1.213618e+02 
6.018840e-01 1.159860e+02 
6.202330e-01 1.109402e+02 
6.379250e-01 1.064364e+02 
6.545410e-01 1.025101e+02 
6.714560e-01 9.877753e+01 
6.892080e-01 9.512706e+01 
7.066010e-01 9.179404e+01 
7.240540e-01 8.866309e+01 
7.420450e-01 8.564967e+01 
7.593780e-01 8.293089e+01 
7.764720e-01 8.040761e+01 
7.942840e-01 7.793486e+01 
8.116170e-01 7.567069e+01 
8.288310e-01 7.355010e+01 
8.462240e-01 7.152471e+01 
8.631980e-01 6.965255e+01 
8.810700e-01 6.778422e+01 
8.989410e-01 6.601371e+01 
9.166330e-01 6.435055e+01 
9.345640e-01 6.274900e+01 
9.515980e-01 6.130003e+01 
9.688720e-01 5.989697e+01 
9.865640e-01 5.852620e+01 
1.031870e+00 5.528116e+01 
1.063490e+00 5.321857e+01 
1.097920e+00 5.113955e+01 
1.134370e+00 4.910179e+01 
1.167730e+00 4.736976e+01 
1.203830e+00 4.562111e+01 
1.240470e+00 4.396655e+01 
1.275790e+00 4.247358e+01 
1.309140e+00 4.114873e+01 
1.342970e+00 3.987715e+01 
1.378420e+00 3.862016e+01 
1.413200e+00 3.745455e+01 
1.448110e+00 3.634467e+01 
1.484090e+00 3.526076e+01 
1.518820e+00 3.426632e+01 
1.552880e+00 3.333724e+01 
1.588630e+00 3.240693e+01 
1.623230e+00 3.154861e+01 
1.657720e+00 3.073040e+01 
1.692450e+00 2.994268e+01 
1.726400e+00 2.920350e+01 
1.762200e+00 2.845553e+01 
1.797880e+00 2.774184e+01 
1.833270e+00 2.706264e+01 
1.869070e+00 2.640216e+01 
1.903200e+00 2.579692e+01 
1.937740e+00 2.520667e+01 
1.973190e+00 2.462301e+01 
2.007440e+00 2.407942e+01 
2.042160e+00 2.354762e+01 
2.077900e+00 2.301912e+01 
2.112390e+00 2.252675e+01 
2.146220e+00 2.205904e+01 
2.181600e+00 2.158636e+01 
2.216930e+00 2.112964e+01 
2.250760e+00 2.070621e+01 
2.286500e+00 2.027300e+01 
2.321770e+00 1.985897e+01 
2.355950e+00 1.947014e+01 
2.391280e+00 1.907942e+01 
2.426240e+00 1.870444e+01 
2.460670e+00 1.834623e+01 
2.495640e+00 1.799324e+01 
2.531080e+00 1.764516e+01 
2.566220e+00 1.730971e+01 
2.600830e+00 1.698876e+01 
2.635080e+00 1.668010e+01 
2.670340e+00 1.636997e+01 
2.705970e+00 1.606547e+01 
2.740040e+00 1.578232e+01 
2.774520e+00 1.550273e+01 
2.809730e+00 1.522438e+01 
2.844390e+00 1.495769e+01 
2.879960e+00 1.469089e+01 
2.914860e+00 1.443552e+01 
2.949410e+00 1.418926e+01 
2.984440e+00 1.394537e+01 
3.019760e+00 1.370549e+01 
3.054730e+00 1.347409e+01 
3.089030e+00 1.325180e+01 
3.124060e+00 1.303046e+01 
3.159560e+00 1.281150e+01 
3.194710e+00 1.259961e+01 
3.229010e+00 1.239797e+01 
3.263320e+00 1.219992e+01 
3.297930e+00 1.200498e+01 
3.332830e+00 1.181273e+01 
3.368040e+00 1.162310e+01 
3.403300e+00 1.143759e+01 
3.438450e+00 1.125644e+01 
3.473060e+00 1.108235e+01 
3.508440e+00 1.090759e+01 
3.543110e+00 1.074043e+01 
3.577470e+00 1.057784e+01 
3.613040e+00 1.041337e+01 
3.648120e+00 1.025440e+01 
3.682910e+00 1.010014e+01 
3.718050e+00 9.947298e+00 
3.753320e+00 9.797197e+00 
3.787980e+00 9.652642e+00 
3.822290e+00 9.512489e+00 
3.857020e+00 9.373330e+00 
3.891920e+00 9.236340e+00 
3.926650e+00 9.102494e+00 
3.961970e+00 8.969223e+00 
3.997360e+00 8.838167e+00 
4.031670e+00 8.713805e+00 
4.066330e+00 8.590405e+00 
4.101420e+00 8.468165e+00 
4.136200e+00 8.348815e+00 
4.170810e+00 8.232585e+00 
4.206250e+00 8.115678e+00 
4.241580e+00 8.001555e+00 
4.276300e+00 7.891353e+00 
4.310970e+00 7.783362e+00 
4.346120e+00 7.675954e+00 
4.380600e+00 7.572435e+00 
4.414730e+00 7.472014e+00 
4.450350e+00 7.368858e+00 
4.485320e+00 7.269651e+00 
4.519810e+00 7.173411e+00 
4.555430e+00 7.075850e+00 
4.590870e+00 6.980614e+00 
4.625480e+00 6.889193e+00 
4.659910e+00 6.800003e+00 
4.695230e+00 6.709967e+00 
4.729960e+00 6.623098e+00 
4.764450e+00 6.538314e+00 
4.799530e+00 6.453459e+00 
4.834910e+00 6.369512e+00 
4.869700e+00 6.288292e+00 
4.904370e+00 6.208819e+00 
4.939450e+00 6.129830e+00 
4.973940e+00 6.053428e+00 
5.008430e+00 5.978410e+00 
5.043810e+00 5.902685e+00 
5.078840e+00 5.828979e+00 
5.113500e+00 5.757361e+00 
5.148890e+00 5.685306e+00 
5.184210e+00 5.614678e+00 
5.219060e+00 5.546195e+00 
5.253660e+00 5.479297e+00 
5.288570e+00 5.412974e+00 
5.323420e+00 5.347837e+00 
5.358440e+00 5.283427e+00 
5.393590e+00 5.219894e+00 
5.428310e+00 5.158120e+00 
5.462800e+00 5.097742e+00 
5.497640e+00 5.037774e+00 
5.532670e+00 4.978416e+00 
5.567280e+00 4.920722e+00 
5.602000e+00 4.863800e+00 
5.637270e+00 4.806864e+00 
5.672410e+00 4.751062e+00 
5.707020e+00 4.696999e+00 
5.742040e+00 4.643156e+00 
5.777430e+00 4.589625e+00 
5.812210e+00 4.537867e+00 
5.846820e+00 4.487121e+00 
5.881610e+00 4.436903e+00 
5.916510e+00 4.387322e+00 
5.951600e+00 4.338225e+00 
5.986560e+00 4.290062e+00 
6.021830e+00 4.242234e+00 
6.056490e+00 4.195967e+00 
6.091160e+00 4.150397e+00 
6.125830e+00 4.105521e+00 
6.161090e+00 4.060581e+00 
6.195760e+00 4.017067e+00 
6.230420e+00 3.974218e+00 
6.265690e+00 3.931272e+00 
6.300950e+00 3.888988e+00 
6.335620e+00 3.848032e+00 
6.370880e+00 3.806997e+00 
6.405550e+00 3.767264e+00 
6.440220e+00 3.728118e+00 
6.475480e+00 3.688887e+00 
6.510150e+00 3.650882e+00 
6.544810e+00 3.613449e+00 
6.580080e+00 3.575907e+00 
6.614750e+00 3.539532e+00 
6.649410e+00 3.503719e+00 
6.684080e+00 3.468408e+00 
6.719340e+00 3.433002e+00 
6.754010e+00 3.398696e+00 
6.788680e+00 3.364907e+00 
6.823940e+00 3.331020e+00 
6.859800e+00 3.297043e+00 
6.894470e+00 3.264683e+00 
6.929140e+00 3.232775e+00 
6.963800e+00 3.201308e+00 
6.999070e+00 3.169728e+00 
7.033730e+00 3.139184e+00 
7.068400e+00 3.109039e+00 
7.103660e+00 3.078791e+00 
7.138330e+00 3.049467e+00 
7.173600e+00 3.020074e+00 
7.208260e+00 2.991571e+00 
7.243530e+00 2.962948e+00 
7.277600e+00 2.935685e+00 
7.312860e+00 2.907861e+00 
7.348120e+00 2.880400e+00 
7.382790e+00 2.853748e+00 
7.417460e+00 2.827494e+00 
7.452720e+00 2.801165e+00 
7.487390e+00 2.775607e+00 
7.522650e+00 2.749943e+00 
7.557320e+00 2.725090e+00 
7.591990e+00 2.700568e+00 
7.627250e+00 2.675942e+00 
7.662510e+00 2.651625e+00 
7.697180e+00 2.628069e+00 
7.731850e+00 2.604823e+00 
7.766510e+00 2.581868e+00 
7.801180e+00 2.559184e+00 
7.836440e+00 2.536444e+00 
7.871110e+00 2.514385e+00 
7.906380e+00 2.492216e+00 
7.941040e+00 2.470692e+00 
7.976310e+00 2.449084e+00 
8.011570e+00 2.427780e+00 
8.046240e+00 2.407082e+00 
8.080900e+00 2.386632e+00 
8.115570e+00 2.366435e+00 
8.150830e+00 2.346212e+00 
8.185500e+00 2.326558e+00 
8.220770e+00 2.306798e+00 
8.255430e+00 2.287604e+00 
8.290100e+00 2.268693e+00 
8.324770e+00 2.250006e+00 
8.359430e+00 2.231535e+00 
8.394700e+00 2.212954e+00 
8.429960e+00 2.194634e+00 
8.464630e+00 2.176866e+00 
8.499890e+00 2.158999e+00 
8.534560e+00 2.141628e+00 
8.569200e+00 2.124465e+00 
