# Parameters:
# omega_b = 0.021941, omega_m = 0.153346, n_s = 1.029528, h = 74.370079, w = -1.000000, sigma_8 = 0.766142
# z = 1.500000
#
# k[1/Mpc] # P(k):
8.694000e-04 1.796481e+03 
2.077466e-03 4.094925e+03 
3.285532e-03 6.025726e+03 
4.493598e-03 7.609314e+03 
5.701664e-03 8.869822e+03 
6.909730e-03 9.841091e+03 
8.117797e-03 1.057337e+04 
9.325863e-03 1.109247e+04 
1.053393e-02 1.142754e+04 
1.174199e-02 1.160737e+04 
1.295006e-02 1.164997e+04 
1.415813e-02 1.158153e+04 
1.536619e-02 1.142483e+04 
1.657426e-02 1.119464e+04 
1.778233e-02 1.090574e+04 
1.899039e-02 1.058137e+04 
2.019846e-02 1.023445e+04 
2.140652e-02 9.876904e+03 
2.261459e-02 9.515254e+03 
2.382266e-02 9.158834e+03 
2.503072e-02 8.815370e+03 
2.623879e-02 8.488816e+03 
2.744685e-02 8.180617e+03 
2.865492e-02 7.894547e+03 
2.986299e-02 7.630899e+03 
3.100100e-02 7.403255e+03 
3.220400e-02 7.184022e+03 
3.288100e-02 7.070354e+03 
3.424300e-02 6.860687e+03 
3.555100e-02 6.680759e+03 
3.686000e-02 6.519324e+03 
3.795000e-02 6.396698e+03 
3.929100e-02 6.258693e+03 
4.039800e-02 6.152598e+03 
4.164000e-02 6.039439e+03 
4.294400e-02 5.923734e+03 
4.415000e-02 5.818860e+03 
4.542900e-02 5.705499e+03 
4.660900e-02 5.600080e+03 
4.782300e-02 5.485420e+03 
4.892900e-02 5.378223e+03 
5.031200e-02 5.238636e+03 
5.155900e-02 5.106576e+03 
5.238100e-02 5.016960e+03 
5.378200e-02 4.860327e+03 
5.513400e-02 4.703536e+03 
5.627600e-02 4.567291e+03 
5.735300e-02 4.436039e+03 
5.870100e-02 4.268310e+03 
5.988700e-02 4.119076e+03 
6.113500e-02 3.961838e+03 
6.225900e-02 3.822383e+03 
6.340100e-02 3.685628e+03 
6.480200e-02 3.527800e+03 
6.601100e-02 3.403531e+03 
6.725500e-02 3.288193e+03 
6.829100e-02 3.202871e+03 
6.958600e-02 3.107345e+03 
7.071100e-02 3.034706e+03 
7.192300e-02 2.965492e+03 
7.307400e-02 2.907451e+03 
7.412300e-02 2.860214e+03 
7.550400e-02 2.805817e+03 
7.663100e-02 2.766141e+03 
7.791200e-02 2.726453e+03 
7.912700e-02 2.692510e+03 
8.027600e-02 2.662594e+03 
8.138400e-02 2.635096e+03 
8.272200e-02 2.602909e+03 
8.406100e-02 2.570886e+03 
8.534100e-02 2.539180e+03 
8.653800e-02 2.507803e+03 
8.759800e-02 2.478800e+03 
8.900300e-02 2.438024e+03 
9.009000e-02 2.404168e+03 
9.113300e-02 2.369337e+03 
9.239600e-02 2.325550e+03 
9.358000e-02 2.282258e+03 
9.496100e-02 2.228619e+03 
9.608400e-02 2.183941e+03 
9.727500e-02 2.136093e+03 
9.852600e-02 2.083698e+03 
9.973800e-02 2.033454e+03 
1.009000e-01 1.985876e+03 
1.020900e-01 1.937462e+03 
1.034000e-01 1.885893e+03 
1.046000e-01 1.840223e+03 
1.057200e-01 1.799788e+03 
1.069100e-01 1.758601e+03 
1.082500e-01 1.715423e+03 
1.093900e-01 1.681333e+03 
1.105400e-01 1.648771e+03 
1.116900e-01 1.619616e+03 
1.129600e-01 1.589243e+03 
1.142000e-01 1.562959e+03 
1.153300e-01 1.540708e+03 
1.166400e-01 1.517260e+03 
1.177800e-01 1.498896e+03 
1.190000e-01 1.480434e+03 
1.201200e-01 1.465222e+03 
1.213400e-01 1.449284e+03 
1.227100e-01 1.432942e+03 
1.238900e-01 1.419290e+03 
1.250700e-01 1.406090e+03 
1.263200e-01 1.392272e+03 
1.275500e-01 1.378619e+03 
1.287500e-01 1.365135e+03 
1.299900e-01 1.350769e+03 
1.311300e-01 1.337145e+03 
1.323500e-01 1.321811e+03 
1.335900e-01 1.305683e+03 
1.347100e-01 1.290248e+03 
1.359800e-01 1.272364e+03 
1.372100e-01 1.253912e+03 
1.384300e-01 1.235448e+03 
1.395700e-01 1.217200e+03 
1.407700e-01 1.198274e+03 
1.420300e-01 1.177424e+03 
1.432800e-01 1.157233e+03 
1.444500e-01 1.137977e+03 
1.456300e-01 1.118992e+03 
1.468900e-01 1.099221e+03 
1.480500e-01 1.081443e+03 
1.491700e-01 1.064945e+03 
1.503800e-01 1.047886e+03 
1.516400e-01 1.030751e+03 
1.528200e-01 1.016071e+03 
1.540200e-01 1.001449e+03 
1.551900e-01 9.886397e+02 
1.564300e-01 9.756148e+02 
1.576600e-01 9.635752e+02 
1.588700e-01 9.527079e+02 
1.600900e-01 9.420125e+02 
1.612700e-01 9.328708e+02 
1.625400e-01 9.232137e+02 
1.637600e-01 9.144466e+02 
1.649500e-01 9.062449e+02 
1.662200e-01 8.976571e+02 
1.674000e-01 8.898586e+02 
1.685000e-01 8.827092e+02 
1.697500e-01 8.745093e+02 
1.710300e-01 8.660520e+02 
1.722200e-01 8.583275e+02 
1.734400e-01 8.498792e+02 
1.746400e-01 8.416839e+02 
1.758700e-01 8.331774e+02 
1.770900e-01 8.243765e+02 
1.782700e-01 8.160079e+02 
1.794600e-01 8.073187e+02 
1.807000e-01 7.981571e+02 
1.819100e-01 7.893711e+02 
1.830100e-01 7.811484e+02 
1.842200e-01 7.721881e+02 
1.855000e-01 7.628666e+02 
1.867000e-01 7.540882e+02 
1.879200e-01 7.453144e+02 
1.890900e-01 7.370414e+02 
1.902800e-01 7.287714e+02 
1.915200e-01 7.202976e+02 
1.926900e-01 7.124748e+02 
1.939000e-01 7.046491e+02 
1.951700e-01 6.965715e+02 
1.963100e-01 6.895028e+02 
1.975100e-01 6.823524e+02 
1.987800e-01 6.749063e+02 
2.000100e-01 6.678875e+02 
2.012500e-01 6.611007e+02 
2.023400e-01 6.552227e+02 
2.036100e-01 6.485188e+02 
2.048900e-01 6.420376e+02 
2.060400e-01 6.363016e+02 
2.072200e-01 6.305102e+02 
2.084200e-01 6.248313e+02 
2.096900e-01 6.189103e+02 
2.109200e-01 6.132615e+02 
2.121100e-01 6.079284e+02 
2.132700e-01 6.028046e+02 
2.145200e-01 5.973612e+02 
2.157200e-01 5.922159e+02 
2.168800e-01 5.873128e+02 
2.180700e-01 5.823510e+02 
2.193400e-01 5.771216e+02 
2.206000e-01 5.719919e+02 
2.217500e-01 5.673741e+02 
2.229500e-01 5.626195e+02 
2.241400e-01 5.579319e+02 
2.253500e-01 5.532286e+02 
2.264900e-01 5.488554e+02 
2.277100e-01 5.442242e+02 
2.289900e-01 5.394185e+02 
2.301500e-01 5.351217e+02 
2.313600e-01 5.306975e+02 
2.325600e-01 5.263566e+02 
2.337700e-01 5.220365e+02 
2.350000e-01 5.177027e+02 
2.362000e-01 5.135319e+02 
2.374100e-01 5.093830e+02 
2.386500e-01 5.051864e+02 
2.399100e-01 5.009784e+02 
2.410400e-01 4.972683e+02 
2.422500e-01 4.933461e+02 
2.435000e-01 4.893460e+02 
2.447300e-01 4.854647e+02 
2.458700e-01 4.819292e+02 
2.470600e-01 4.782826e+02 
2.483300e-01 4.744394e+02 
2.495600e-01 4.707714e+02 
2.507600e-01 4.672463e+02 
2.519600e-01 4.637635e+02 
2.532200e-01 4.601514e+02 
2.543700e-01 4.568995e+02 
2.555500e-01 4.536047e+02 
2.568000e-01 4.501562e+02 
2.580100e-01 4.468580e+02 
2.592400e-01 4.435457e+02 
2.604100e-01 4.404318e+02 
2.616100e-01 4.372746e+02 
2.628400e-01 4.340761e+02 
2.640600e-01 4.309372e+02 
2.652200e-01 4.279850e+02 
2.664300e-01 4.249402e+02 
2.676500e-01 4.219053e+02 
2.688400e-01 4.189711e+02 
2.700700e-01 4.159678e+02 
2.712400e-01 4.131429e+02 
2.724800e-01 4.101824e+02 
2.736700e-01 4.073693e+02 
2.748800e-01 4.045366e+02 
2.761000e-01 4.017122e+02 
2.773200e-01 3.989192e+02 
2.785400e-01 3.961538e+02 
2.797000e-01 3.935456e+02 
2.808900e-01 3.908982e+02 
2.821400e-01 3.881478e+02 
2.833900e-01 3.854278e+02 
2.845500e-01 3.829226e+02 
2.857800e-01 3.802945e+02 
2.870300e-01 3.776528e+02 
2.882100e-01 3.751857e+02 
2.893900e-01 3.727411e+02 
2.906300e-01 3.701978e+02 
2.918900e-01 3.676415e+02 
2.930500e-01 3.653127e+02 
2.942500e-01 3.629271e+02 
2.954200e-01 3.606213e+02 
2.966500e-01 3.582222e+02 
2.978900e-01 3.558291e+02 
2.990400e-01 3.536322e+02 
3.002700e-01 3.513038e+02 
3.015100e-01 3.489799e+02 
3.026800e-01 3.468094e+02 
3.038500e-01 3.446601e+02 
3.050300e-01 3.425136e+02 
3.062600e-01 3.402967e+02 
3.075000e-01 3.380846e+02 
3.087000e-01 3.359654e+02 
3.099100e-01 3.338496e+02 
3.111200e-01 3.317556e+02 
3.123100e-01 3.297178e+02 
3.135300e-01 3.276491e+02 
3.147300e-01 3.256341e+02 
3.159900e-01 3.235393e+02 
3.171800e-01 3.215813e+02 
3.183700e-01 3.196426e+02 
3.196300e-01 3.176097e+02 
3.208400e-01 3.156767e+02 
3.220300e-01 3.137936e+02 
3.232000e-01 3.119631e+02 
3.244300e-01 3.100583e+02 
3.256700e-01 3.081565e+02 
3.269200e-01 3.062579e+02 
3.280800e-01 3.045124e+02 
3.292500e-01 3.027731e+02 
3.304800e-01 3.009630e+02 
3.317100e-01 2.991701e+02 
3.328900e-01 2.974658e+02 
3.340700e-01 2.957768e+02 
3.353600e-01 2.939537e+02 
3.365300e-01 2.923180e+02 
3.377100e-01 2.906828e+02 
3.389200e-01 2.890210e+02 
3.401600e-01 2.873336e+02 
3.413700e-01 2.857079e+02 
3.425300e-01 2.841672e+02 
3.437700e-01 2.825349e+02 
3.449800e-01 2.809563e+02 
3.461800e-01 2.794046e+02 
3.473600e-01 2.778950e+02 
3.485800e-01 2.763551e+02 
3.498100e-01 2.748163e+02 
3.510200e-01 2.733158e+02 
3.522000e-01 2.718651e+02 
3.533900e-01 2.704145e+02 
3.546400e-01 2.689140e+02 
3.558400e-01 2.674866e+02 
3.570600e-01 2.660479e+02 
3.582700e-01 2.646332e+02 
3.595000e-01 2.632074e+02 
3.607100e-01 2.618222e+02 
3.618900e-01 2.604869e+02 
3.631200e-01 2.591066e+02 
3.643200e-01 2.577713e+02 
3.655500e-01 2.564141e+02 
3.667300e-01 2.551229e+02 
3.679500e-01 2.538096e+02 
3.691900e-01 2.524859e+02 
3.703600e-01 2.512472e+02 
3.715700e-01 2.499765e+02 
3.727700e-01 2.487265e+02 
3.739900e-01 2.474695e+02 
3.752000e-01 2.462393e+02 
3.763900e-01 2.450391e+02 
3.775800e-01 2.438484e+02 
3.788200e-01 2.426177e+02 
3.800300e-01 2.414264e+02 
3.812100e-01 2.402786e+02 
3.824200e-01 2.391140e+02 
3.836100e-01 2.379777e+02 
3.848600e-01 2.367935e+02 
3.860400e-01 2.356845e+02 
3.872400e-01 2.345654e+02 
3.884600e-01 2.334426e+02 
3.896500e-01 2.323582e+02 
3.908700e-01 2.312550e+02 
3.920600e-01 2.301873e+02 
3.933100e-01 2.290745e+02 
3.945300e-01 2.279968e+02 
3.957200e-01 2.269596e+02 
3.969300e-01 2.259145e+02 
3.981700e-01 2.248517e+02 
3.993500e-01 2.238480e+02 
4.094840e-01 2.155554e+02 
4.272360e-01 2.023418e+02 
4.454600e-01 1.902371e+02 
4.630560e-01 1.797278e+02 
4.804610e-01 1.703089e+02 
4.980690e-01 1.616305e+02 
5.159230e-01 1.535945e+02 
5.317440e-01 1.470408e+02 
5.489640e-01 1.404496e+02 
5.671990e-01 1.340211e+02 
5.838690e-01 1.285894e+02 
6.018840e-01 1.231497e+02 
6.202330e-01 1.180312e+02 
6.379250e-01 1.134532e+02 
6.545410e-01 1.094536e+02 
6.714560e-01 1.056455e+02 
6.892080e-01 1.019152e+02 
7.066010e-01 9.850385e+01 
7.240540e-01 9.529542e+01 
7.420450e-01 9.220418e+01 
7.593780e-01 8.941319e+01 
7.764720e-01 8.682008e+01 
7.942840e-01 8.427796e+01 
8.116170e-01 8.194875e+01 
8.288310e-01 7.976647e+01 
8.462240e-01 7.768139e+01 
8.631980e-01 7.575332e+01 
8.810700e-01 7.382903e+01 
8.989410e-01 7.200558e+01 
9.166330e-01 7.029249e+01 
9.345640e-01 6.864164e+01 
9.515980e-01 6.714845e+01 
9.688720e-01 6.570266e+01 
9.865640e-01 6.429010e+01 
1.031870e+00 6.094498e+01 
1.063490e+00 5.881708e+01 
1.097920e+00 5.667195e+01 
1.134370e+00 5.456748e+01 
1.167730e+00 5.277754e+01 
1.203830e+00 5.096875e+01 
1.240470e+00 4.925532e+01 
1.275790e+00 4.770662e+01 
1.309140e+00 4.633118e+01 
1.342970e+00 4.500868e+01 
1.378420e+00 4.369930e+01 
1.413200e+00 4.248301e+01 
1.448110e+00 4.132242e+01 
1.484090e+00 4.018752e+01 
1.518820e+00 3.914396e+01 
1.552880e+00 3.816666e+01 
1.588630e+00 3.718611e+01 
1.623230e+00 3.627958e+01 
1.657720e+00 3.541421e+01 
1.692450e+00 3.457895e+01 
1.726400e+00 3.379297e+01 
1.762200e+00 3.299597e+01 
1.797880e+00 3.223430e+01 
1.833270e+00 3.150766e+01 
1.869070e+00 3.079936e+01 
1.903200e+00 3.014905e+01 
1.937740e+00 2.951336e+01 
1.973190e+00 2.888332e+01 
2.007440e+00 2.829519e+01 
2.042160e+00 2.771876e+01 
2.077900e+00 2.714473e+01 
2.112390e+00 2.660862e+01 
2.146220e+00 2.609823e+01 
2.181600e+00 2.558139e+01 
2.216930e+00 2.508096e+01 
2.250760e+00 2.461608e+01 
2.286500e+00 2.413946e+01 
2.321770e+00 2.368298e+01 
2.355950e+00 2.325341e+01 
2.391280e+00 2.282086e+01 
2.426240e+00 2.240490e+01 
2.460670e+00 2.200683e+01 
2.495640e+00 2.161391e+01 
2.531080e+00 2.122539e+01 
2.566220e+00 2.085044e+01 
2.600830e+00 2.049105e+01 
2.635080e+00 2.014478e+01 
2.670340e+00 1.979594e+01 
2.705970e+00 1.945297e+01 
2.740040e+00 1.913362e+01 
2.774520e+00 1.881752e+01 
2.809730e+00 1.850230e+01 
2.844390e+00 1.819985e+01 
2.879960e+00 1.789664e+01 
2.914860e+00 1.760587e+01 
2.949410e+00 1.732513e+01 
2.984440e+00 1.704652e+01 
3.019760e+00 1.677208e+01 
3.054730e+00 1.650705e+01 
3.089030e+00 1.625176e+01 
3.124060e+00 1.599726e+01 
3.159560e+00 1.574512e+01 
3.194710e+00 1.550063e+01 
3.229010e+00 1.526775e+01 
3.263320e+00 1.503856e+01 
3.297930e+00 1.481273e+01 
3.332830e+00 1.458962e+01 
3.368040e+00 1.436920e+01 
3.403300e+00 1.415330e+01 
3.438450e+00 1.394203e+01 
3.473060e+00 1.373885e+01 
3.508440e+00 1.353455e+01 
3.543110e+00 1.333897e+01 
3.577470e+00 1.314820e+01 
3.613040e+00 1.295511e+01 
3.648120e+00 1.276826e+01 
3.682910e+00 1.258673e+01 
3.718050e+00 1.240651e+01 
3.753320e+00 1.222936e+01 
3.787980e+00 1.205853e+01 
3.822290e+00 1.189274e+01 
3.857020e+00 1.172788e+01 
3.891920e+00 1.156543e+01 
3.926650e+00 1.140644e+01 
3.961970e+00 1.124800e+01 
3.997360e+00 1.109189e+01 
4.031670e+00 1.094368e+01 
4.066330e+00 1.079641e+01 
4.101420e+00 1.065046e+01 
4.136200e+00 1.050767e+01 
4.170810e+00 1.036856e+01 
4.206250e+00 1.022840e+01 
4.241580e+00 1.009149e+01 
4.276300e+00 9.959093e+00 
4.310970e+00 9.829227e+00 
4.346120e+00 9.699940e+00 
4.380600e+00 9.575163e+00 
4.414730e+00 9.454078e+00 
4.450350e+00 9.329470e+00 
4.485320e+00 9.209594e+00 
4.519810e+00 9.093140e+00 
4.555430e+00 8.974992e+00 
4.590870e+00 8.859569e+00 
4.625480e+00 8.748620e+00 
4.659910e+00 8.640347e+00 
4.695230e+00 8.530853e+00 
4.729960e+00 8.425156e+00 
4.764450e+00 8.321898e+00 
4.799530e+00 8.218410e+00 
4.834910e+00 8.115999e+00 
4.869700e+00 8.016784e+00 
4.904370e+00 7.919659e+00 
4.939450e+00 7.823060e+00 
4.973940e+00 7.729497e+00 
5.008430e+00 7.637603e+00 
5.043810e+00 7.544733e+00 
5.078840e+00 7.454265e+00 
5.113500e+00 7.366337e+00 
5.148890e+00 7.277711e+00 
5.184210e+00 7.190812e+00 
5.219060e+00 7.106500e+00 
5.253660e+00 7.024030e+00 
5.288570e+00 6.942248e+00 
5.323420e+00 6.861862e+00 
5.358440e+00 6.782302e+00 
5.393590e+00 6.703806e+00 
5.428310e+00 6.627387e+00 
5.462800e+00 6.552634e+00 
5.497640e+00 6.478372e+00 
5.532670e+00 6.404765e+00 
5.567280e+00 6.333178e+00 
5.602000e+00 6.262533e+00 
5.637270e+00 6.191774e+00 
5.672410e+00 6.122390e+00 
5.707020e+00 6.055153e+00 
5.742040e+00 5.988090e+00 
5.777430e+00 5.921384e+00 
5.812210e+00 5.856874e+00 
5.846820e+00 5.793555e+00 
5.881610e+00 5.730867e+00 
5.916510e+00 5.668962e+00 
5.951600e+00 5.607582e+00 
5.986560e+00 5.547330e+00 
6.021830e+00 5.487484e+00 
6.056490e+00 5.429528e+00 
6.091160e+00 5.372392e+00 
6.125830e+00 5.316116e+00 
6.161090e+00 5.259729e+00 
6.195760e+00 5.205080e+00 
6.230420e+00 5.151256e+00 
6.265690e+00 5.097296e+00 
6.300950e+00 5.044062e+00 
6.335620e+00 4.992490e+00 
6.370880e+00 4.940809e+00 
6.405550e+00 4.890722e+00 
6.440220e+00 4.841352e+00 
6.475480e+00 4.791866e+00 
6.510150e+00 4.743894e+00 
6.544810e+00 4.696585e+00 
6.580080e+00 4.649129e+00 
6.614750e+00 4.603141e+00 
6.649410e+00 4.557801e+00 
6.684080e+00 4.513078e+00 
6.719340e+00 4.468229e+00 
6.754010e+00 4.424746e+00 
6.788680e+00 4.381865e+00 
6.823940e+00 4.338855e+00 
6.859800e+00 4.295723e+00 
6.894470e+00 4.254589e+00 
6.929140e+00 4.214005e+00 
6.963800e+00 4.173977e+00 
6.999070e+00 4.133796e+00 
7.033730e+00 4.094878e+00 
7.068400e+00 4.056464e+00 
7.103660e+00 4.017914e+00 
7.138330e+00 3.980519e+00 
7.173600e+00 3.942996e+00 
7.208260e+00 3.906604e+00 
7.243530e+00 3.870055e+00 
7.277600e+00 3.835207e+00 
7.312860e+00 3.799606e+00 
7.348120e+00 3.764468e+00 
7.382790e+00 3.730360e+00 
7.417460e+00 3.696717e+00 
7.452720e+00 3.662953e+00 
7.487390e+00 3.630174e+00 
7.522650e+00 3.597256e+00 
7.557320e+00 3.565341e+00 
7.591990e+00 3.533839e+00 
7.627250e+00 3.502198e+00 
7.662510e+00 3.470951e+00 
7.697180e+00 3.440643e+00 
7.731850e+00 3.410718e+00 
7.766510e+00 3.381164e+00 
7.801180e+00 3.351958e+00 
7.836440e+00 3.322647e+00 
7.871110e+00 3.294196e+00 
7.906380e+00 3.265600e+00 
7.941040e+00 3.237834e+00 
7.976310e+00 3.209935e+00 
8.011570e+00 3.182398e+00 
8.046240e+00 3.155642e+00 
8.080900e+00 3.129205e+00 
8.115570e+00 3.103086e+00 
8.150830e+00 3.076900e+00 
8.185500e+00 3.051451e+00 
8.220770e+00 3.025861e+00 
8.255430e+00 3.001004e+00 
8.290100e+00 2.976468e+00 
8.324770e+00 2.952214e+00 
8.359430e+00 2.928242e+00 
8.394700e+00 2.904124e+00 
8.429960e+00 2.880322e+00 
8.464630e+00 2.857216e+00 
8.499890e+00 2.833980e+00 
8.534560e+00 2.811388e+00 
8.569200e+00 2.789065e+00 
