# Parameters:
# omega_b = 0.021799, omega_m = 0.154449, n_s = 0.912992, h = 63.976378, w = -1.000000, sigma_8 = 0.775591
# z = 1.500000
#
# k[1/Mpc] # P(k):
8.694000e-04 3.455187e+03 
2.077466e-03 7.122120e+03 
3.285532e-03 9.936536e+03 
4.493598e-03 1.209797e+04 
5.701664e-03 1.371885e+04 
6.909730e-03 1.488884e+04 
8.117797e-03 1.570462e+04 
9.325863e-03 1.621709e+04 
1.053393e-02 1.647774e+04 
1.174199e-02 1.653379e+04 
1.295006e-02 1.641421e+04 
1.415813e-02 1.615740e+04 
1.536619e-02 1.579668e+04 
1.657426e-02 1.535330e+04 
1.778233e-02 1.484674e+04 
1.899039e-02 1.430731e+04 
2.019846e-02 1.375137e+04 
2.140652e-02 1.319370e+04 
2.261459e-02 1.264193e+04 
2.382266e-02 1.210697e+04 
2.503072e-02 1.159768e+04 
2.623879e-02 1.111807e+04 
2.744685e-02 1.066907e+04 
2.865492e-02 1.025443e+04 
2.986299e-02 9.873560e+03 
3.100100e-02 9.545213e+03 
3.220400e-02 9.228844e+03 
3.288100e-02 9.064447e+03 
3.424300e-02 8.760251e+03 
3.555100e-02 8.497785e+03 
3.686000e-02 8.260682e+03 
3.795000e-02 8.079403e+03 
3.929100e-02 7.873827e+03 
4.039800e-02 7.714997e+03 
4.164000e-02 7.545451e+03 
4.294400e-02 7.372658e+03 
4.415000e-02 7.216969e+03 
4.542900e-02 7.050954e+03 
4.660900e-02 6.898398e+03 
4.782300e-02 6.735727e+03 
4.892900e-02 6.585859e+03 
5.031200e-02 6.394083e+03 
5.155900e-02 6.216017e+03 
5.238100e-02 6.096824e+03 
5.378200e-02 5.891591e+03 
5.513400e-02 5.690875e+03 
5.627600e-02 5.520751e+03 
5.735300e-02 5.361112e+03 
5.870100e-02 5.163718e+03 
5.988700e-02 4.993894e+03 
6.113500e-02 4.819773e+03 
6.225900e-02 4.668010e+03 
6.340100e-02 4.519654e+03 
6.480200e-02 4.346779e+03 
6.601100e-02 4.207013e+03 
6.725500e-02 4.072786e+03 
6.829100e-02 3.969311e+03 
6.958600e-02 3.849448e+03 
7.071100e-02 3.754441e+03 
7.192300e-02 3.660758e+03 
7.307400e-02 3.579599e+03 
7.412300e-02 3.511722e+03 
7.550400e-02 3.431101e+03 
7.663100e-02 3.370979e+03 
7.791200e-02 3.309330e+03 
7.912700e-02 3.255910e+03 
8.027600e-02 3.208739e+03 
8.138400e-02 3.165624e+03 
8.272200e-02 3.115942e+03 
8.406100e-02 3.067827e+03 
8.534100e-02 3.022143e+03 
8.653800e-02 2.978805e+03 
8.759800e-02 2.939911e+03 
8.900300e-02 2.887018e+03 
9.009000e-02 2.844522e+03 
9.113300e-02 2.801946e+03 
9.239600e-02 2.749308e+03 
9.358000e-02 2.698231e+03 
9.496100e-02 2.636045e+03 
9.608400e-02 2.584725e+03 
9.727500e-02 2.530091e+03 
9.852600e-02 2.470761e+03 
9.973800e-02 2.413918e+03 
1.009000e-01 2.360121e+03 
1.020900e-01 2.305213e+03 
1.034000e-01 2.246493e+03 
1.046000e-01 2.194240e+03 
1.057200e-01 2.147370e+03 
1.069100e-01 2.099348e+03 
1.082500e-01 2.048137e+03 
1.093900e-01 2.007049e+03 
1.105400e-01 1.967412e+03 
1.116900e-01 1.930883e+03 
1.129600e-01 1.892448e+03 
1.142000e-01 1.858133e+03 
1.153300e-01 1.828659e+03 
1.166400e-01 1.796899e+03 
1.177800e-01 1.771448e+03 
1.190000e-01 1.745567e+03 
1.201200e-01 1.723838e+03 
1.213400e-01 1.700990e+03 
1.227100e-01 1.677471e+03 
1.238900e-01 1.657895e+03 
1.250700e-01 1.639268e+03 
1.263200e-01 1.619999e+03 
1.275500e-01 1.601491e+03 
1.287500e-01 1.583591e+03 
1.299900e-01 1.565108e+03 
1.311300e-01 1.547981e+03 
1.323500e-01 1.529280e+03 
1.335900e-01 1.509974e+03 
1.347100e-01 1.491952e+03 
1.359800e-01 1.471292e+03 
1.372100e-01 1.450397e+03 
1.384300e-01 1.429595e+03 
1.395700e-01 1.409289e+03 
1.407700e-01 1.388233e+03 
1.420300e-01 1.365166e+03 
1.432800e-01 1.342817e+03 
1.444500e-01 1.321411e+03 
1.456300e-01 1.300297e+03 
1.468900e-01 1.278079e+03 
1.480500e-01 1.258029e+03 
1.491700e-01 1.239231e+03 
1.503800e-01 1.219550e+03 
1.516400e-01 1.199678e+03 
1.528200e-01 1.182200e+03 
1.540200e-01 1.164793e+03 
1.551900e-01 1.149068e+03 
1.564300e-01 1.132957e+03 
1.576600e-01 1.117819e+03 
1.588700e-01 1.103840e+03 
1.600900e-01 1.090068e+03 
1.612700e-01 1.077901e+03 
1.625400e-01 1.065054e+03 
1.637600e-01 1.053307e+03 
1.649500e-01 1.042268e+03 
1.662200e-01 1.030733e+03 
1.674000e-01 1.020376e+03 
1.685000e-01 1.010883e+03 
1.697500e-01 1.000196e+03 
1.710300e-01 9.893686e+02 
1.722200e-01 9.794813e+02 
1.734400e-01 9.691360e+02 
1.746400e-01 9.591204e+02 
1.758700e-01 9.488670e+02 
1.770900e-01 9.385381e+02 
1.782700e-01 9.287179e+02 
1.794600e-01 9.187018e+02 
1.807000e-01 9.082566e+02 
1.819100e-01 8.982399e+02 
1.830100e-01 8.889928e+02 
1.842200e-01 8.789365e+02 
1.855000e-01 8.684755e+02 
1.867000e-01 8.586563e+02 
1.879200e-01 8.488413e+02 
1.890900e-01 8.395763e+02 
1.902800e-01 8.302668e+02 
1.915200e-01 8.207271e+02 
1.926900e-01 8.118948e+02 
1.939000e-01 8.029767e+02 
1.951700e-01 7.937715e+02 
1.963100e-01 7.856842e+02 
1.975100e-01 7.774177e+02 
1.987800e-01 7.688101e+02 
2.000100e-01 7.606654e+02 
2.012500e-01 7.527160e+02 
2.023400e-01 7.458320e+02 
2.036100e-01 7.379671e+02 
2.048900e-01 7.303075e+02 
2.060400e-01 7.235297e+02 
2.072200e-01 7.166854e+02 
2.084200e-01 7.099493e+02 
2.096900e-01 7.029272e+02 
2.109200e-01 6.962291e+02 
2.121100e-01 6.899123e+02 
2.132700e-01 6.838445e+02 
2.145200e-01 6.773993e+02 
2.157200e-01 6.713226e+02 
2.168800e-01 6.655394e+02 
2.180700e-01 6.596879e+02 
2.193400e-01 6.535294e+02 
2.206000e-01 6.475039e+02 
2.217500e-01 6.420804e+02 
2.229500e-01 6.364968e+02 
2.241400e-01 6.310050e+02 
2.253500e-01 6.254958e+02 
2.264900e-01 6.203738e+02 
2.277100e-01 6.149480e+02 
2.289900e-01 6.093158e+02 
2.301500e-01 6.042807e+02 
2.313600e-01 5.990969e+02 
2.325600e-01 5.939944e+02 
2.337700e-01 5.889172e+02 
2.350000e-01 5.838246e+02 
2.362000e-01 5.789124e+02 
2.374100e-01 5.740130e+02 
2.386500e-01 5.690581e+02 
2.399100e-01 5.640905e+02 
2.410400e-01 5.596917e+02 
2.422500e-01 5.550397e+02 
2.435000e-01 5.502961e+02 
2.447300e-01 5.456913e+02 
2.458700e-01 5.414852e+02 
2.470600e-01 5.371476e+02 
2.483300e-01 5.325772e+02 
2.495600e-01 5.282147e+02 
2.507600e-01 5.240213e+02 
2.519600e-01 5.198791e+02 
2.532200e-01 5.155838e+02 
2.543700e-01 5.117230e+02 
2.555500e-01 5.078158e+02 
2.568000e-01 5.037269e+02 
2.580100e-01 4.998171e+02 
2.592400e-01 4.959050e+02 
2.604100e-01 4.922338e+02 
2.616100e-01 4.885122e+02 
2.628400e-01 4.847425e+02 
2.640600e-01 4.810611e+02 
2.652200e-01 4.776062e+02 
2.664300e-01 4.740432e+02 
2.676500e-01 4.704924e+02 
2.688400e-01 4.670748e+02 
2.700700e-01 4.635864e+02 
2.712400e-01 4.603057e+02 
2.724800e-01 4.568680e+02 
2.736700e-01 4.536124e+02 
2.748800e-01 4.503454e+02 
2.761000e-01 4.470884e+02 
2.773200e-01 4.438679e+02 
2.785400e-01 4.406848e+02 
2.797000e-01 4.376941e+02 
2.808900e-01 4.346588e+02 
2.821400e-01 4.315056e+02 
2.833900e-01 4.283880e+02 
2.845500e-01 4.255270e+02 
2.857800e-01 4.225257e+02 
2.870300e-01 4.195093e+02 
2.882100e-01 4.166924e+02 
2.893900e-01 4.139056e+02 
2.906300e-01 4.110087e+02 
2.918900e-01 4.080973e+02 
2.930500e-01 4.054452e+02 
2.942500e-01 4.027292e+02 
2.954200e-01 4.001068e+02 
2.966500e-01 3.973783e+02 
2.978900e-01 3.946568e+02 
2.990400e-01 3.921587e+02 
3.002700e-01 3.895115e+02 
3.015100e-01 3.868698e+02 
3.026800e-01 3.844025e+02 
3.038500e-01 3.819596e+02 
3.050300e-01 3.795199e+02 
3.062600e-01 3.769990e+02 
3.075000e-01 3.744838e+02 
3.087000e-01 3.720742e+02 
3.099100e-01 3.696688e+02 
3.111200e-01 3.672874e+02 
3.123100e-01 3.649683e+02 
3.135300e-01 3.626142e+02 
3.147300e-01 3.603215e+02 
3.159900e-01 3.579382e+02 
3.171800e-01 3.557093e+02 
3.183700e-01 3.535017e+02 
3.196300e-01 3.511871e+02 
3.208400e-01 3.489864e+02 
3.220300e-01 3.468427e+02 
3.232000e-01 3.447570e+02 
3.244300e-01 3.425861e+02 
3.256700e-01 3.404188e+02 
3.269200e-01 3.382553e+02 
3.280800e-01 3.362665e+02 
3.292500e-01 3.342834e+02 
3.304800e-01 3.322195e+02 
3.317100e-01 3.301752e+02 
3.328900e-01 3.282322e+02 
3.340700e-01 3.263068e+02 
3.353600e-01 3.242283e+02 
3.365300e-01 3.223632e+02 
3.377100e-01 3.204990e+02 
3.389200e-01 3.186046e+02 
3.401600e-01 3.166812e+02 
3.413700e-01 3.148284e+02 
3.425300e-01 3.130726e+02 
3.437700e-01 3.112126e+02 
3.449800e-01 3.094139e+02 
3.461800e-01 3.076461e+02 
3.473600e-01 3.059267e+02 
3.485800e-01 3.041740e+02 
3.498100e-01 3.024227e+02 
3.510200e-01 3.007151e+02 
3.522000e-01 2.990643e+02 
3.533900e-01 2.974138e+02 
3.546400e-01 2.957086e+02 
3.558400e-01 2.940868e+02 
3.570600e-01 2.924521e+02 
3.582700e-01 2.908449e+02 
3.595000e-01 2.892252e+02 
3.607100e-01 2.876535e+02 
3.618900e-01 2.861400e+02 
3.631200e-01 2.845756e+02 
3.643200e-01 2.830623e+02 
3.655500e-01 2.815243e+02 
3.667300e-01 2.800612e+02 
3.679500e-01 2.785768e+02 
3.691900e-01 2.770809e+02 
3.703600e-01 2.756811e+02 
3.715700e-01 2.742452e+02 
3.727700e-01 2.728328e+02 
3.739900e-01 2.714139e+02 
3.752000e-01 2.700278e+02 
3.763900e-01 2.686756e+02 
3.775800e-01 2.673342e+02 
3.788200e-01 2.659477e+02 
3.800300e-01 2.646059e+02 
3.812100e-01 2.633156e+02 
3.824200e-01 2.620083e+02 
3.836100e-01 2.607328e+02 
3.848600e-01 2.594037e+02 
3.860400e-01 2.581589e+02 
3.872400e-01 2.569029e+02 
3.884600e-01 2.556459e+02 
3.896500e-01 2.544330e+02 
3.908700e-01 2.531992e+02 
3.920600e-01 2.520050e+02 
3.933100e-01 2.507605e+02 
3.945300e-01 2.495553e+02 
3.957200e-01 2.483991e+02 
3.969300e-01 2.472353e+02 
3.981700e-01 2.460519e+02 
3.993500e-01 2.449343e+02 
4.094840e-01 2.357154e+02 
4.272360e-01 2.211267e+02 
4.454600e-01 2.078279e+02 
4.630560e-01 1.963174e+02 
4.804610e-01 1.860121e+02 
4.980690e-01 1.765155e+02 
5.159230e-01 1.677092e+02 
5.317440e-01 1.605191e+02 
5.489640e-01 1.532745e+02 
5.671990e-01 1.461971e+02 
5.838690e-01 1.402134e+02 
6.018840e-01 1.342180e+02 
6.202330e-01 1.285731e+02 
6.379250e-01 1.235250e+02 
6.545410e-01 1.191150e+02 
6.714560e-01 1.149182e+02 
6.892080e-01 1.108090e+02 
7.066010e-01 1.070544e+02 
7.240540e-01 1.035241e+02 
7.420450e-01 1.001252e+02 
7.593780e-01 9.705696e+01 
7.764720e-01 9.420820e+01 
7.942840e-01 9.141489e+01 
8.116170e-01 8.885677e+01 
8.288310e-01 8.645921e+01 
8.462240e-01 8.416882e+01 
8.631980e-01 8.205008e+01 
8.810700e-01 7.993428e+01 
8.989410e-01 7.792737e+01 
9.166330e-01 7.604089e+01 
9.345640e-01 7.422313e+01 
9.515980e-01 7.257656e+01 
9.688720e-01 7.098036e+01 
9.865640e-01 6.941923e+01 
1.031870e+00 6.571544e+01 
1.063490e+00 6.335425e+01 
1.097920e+00 6.096835e+01 
1.134370e+00 5.862284e+01 
1.167730e+00 5.662357e+01 
1.203830e+00 5.459782e+01 
1.240470e+00 5.267593e+01 
1.275790e+00 5.093598e+01 
1.309140e+00 4.938809e+01 
1.342970e+00 4.789685e+01 
1.378420e+00 4.641961e+01 
1.413200e+00 4.504563e+01 
1.448110e+00 4.373406e+01 
1.484090e+00 4.244999e+01 
1.518820e+00 4.126892e+01 
1.552880e+00 4.016281e+01 
1.588630e+00 3.905293e+01 
1.623230e+00 3.802692e+01 
1.657720e+00 3.704677e+01 
1.692450e+00 3.610159e+01 
1.726400e+00 3.521299e+01 
1.762200e+00 3.431226e+01 
1.797880e+00 3.345128e+01 
1.833270e+00 3.263092e+01 
1.869070e+00 3.183190e+01 
1.903200e+00 3.109867e+01 
1.937740e+00 3.038287e+01 
1.973190e+00 2.967432e+01 
2.007440e+00 2.901380e+01 
2.042160e+00 2.836675e+01 
2.077900e+00 2.772313e+01 
2.112390e+00 2.712310e+01 
2.146220e+00 2.655261e+01 
2.181600e+00 2.597557e+01 
2.216930e+00 2.541760e+01 
2.250760e+00 2.490008e+01 
2.286500e+00 2.437033e+01 
2.321770e+00 2.386375e+01 
2.355950e+00 2.338785e+01 
2.391280e+00 2.290920e+01 
2.426240e+00 2.244973e+01 
2.460670e+00 2.201074e+01 
2.495640e+00 2.157811e+01 
2.531080e+00 2.115123e+01 
2.566220e+00 2.073974e+01 
2.600830e+00 2.034597e+01 
2.635080e+00 1.996728e+01 
2.670340e+00 1.958678e+01 
2.705970e+00 1.921313e+01 
2.740040e+00 1.886567e+01 
2.774520e+00 1.852256e+01 
2.809730e+00 1.818094e+01 
2.844390e+00 1.785367e+01 
2.879960e+00 1.752638e+01 
2.914860e+00 1.721310e+01 
2.949410e+00 1.691103e+01 
2.984440e+00 1.661191e+01 
3.019760e+00 1.631770e+01 
3.054730e+00 1.603391e+01 
3.089030e+00 1.576149e+01 
3.124060e+00 1.549028e+01 
3.159560e+00 1.522207e+01 
3.194710e+00 1.496259e+01 
3.229010e+00 1.471570e+01 
3.263320e+00 1.447335e+01 
3.297930e+00 1.423484e+01 
3.332830e+00 1.399970e+01 
3.368040e+00 1.376789e+01 
3.403300e+00 1.354123e+01 
3.438450e+00 1.331997e+01 
3.473060e+00 1.310738e+01 
3.508440e+00 1.289412e+01 
3.543110e+00 1.269020e+01 
3.577470e+00 1.249205e+01 
3.613040e+00 1.229166e+01 
3.648120e+00 1.209801e+01 
3.682910e+00 1.191020e+01 
3.718050e+00 1.172428e+01 
3.753320e+00 1.154177e+01 
3.787980e+00 1.136607e+01 
3.822290e+00 1.119581e+01 
3.857020e+00 1.102688e+01 
3.891920e+00 1.086065e+01 
3.926650e+00 1.069835e+01 
3.961970e+00 1.053683e+01 
3.997360e+00 1.037815e+01 
4.031670e+00 1.022762e+01 
4.066330e+00 1.007834e+01 
4.101420e+00 9.930502e+00 
4.136200e+00 9.786347e+00 
4.170810e+00 9.645988e+00 
4.206250e+00 9.504935e+00 
4.241580e+00 9.367285e+00 
4.276300e+00 9.234486e+00 
4.310970e+00 9.104430e+00 
4.346120e+00 8.975138e+00 
4.380600e+00 8.850615e+00 
4.414730e+00 8.729844e+00 
4.450350e+00 8.605950e+00 
4.485320e+00 8.486821e+00 
4.519810e+00 8.371373e+00 
4.555430e+00 8.254404e+00 
4.590870e+00 8.140271e+00 
4.625480e+00 8.030782e+00 
4.659910e+00 7.923985e+00 
4.695230e+00 7.816332e+00 
4.729960e+00 7.712506e+00 
4.764450e+00 7.611230e+00 
4.799530e+00 7.509956e+00 
4.834910e+00 7.409783e+00 
4.869700e+00 7.312976e+00 
4.904370e+00 7.218281e+00 
4.939450e+00 7.124208e+00 
4.973940e+00 7.033304e+00 
5.008430e+00 6.944060e+00 
5.043810e+00 6.854051e+00 
5.078840e+00 6.766490e+00 
5.113500e+00 6.681424e+00 
5.148890e+00 6.595966e+00 
5.184210e+00 6.512218e+00 
5.219060e+00 6.431048e+00 
5.253660e+00 6.351828e+00 
5.288570e+00 6.273301e+00 
5.323420e+00 6.196229e+00 
5.358440e+00 6.120071e+00 
5.393590e+00 6.044962e+00 
5.428310e+00 5.972006e+00 
5.462800e+00 5.900741e+00 
5.497640e+00 5.829970e+00 
5.532670e+00 5.759994e+00 
5.567280e+00 5.692011e+00 
5.602000e+00 5.624945e+00 
5.637270e+00 5.557925e+00 
5.672410e+00 5.492259e+00 
5.707020e+00 5.428648e+00 
5.742040e+00 5.365369e+00 
5.777430e+00 5.302479e+00 
5.812210e+00 5.241678e+00 
5.846820e+00 5.182120e+00 
5.881610e+00 5.123199e+00 
5.916510e+00 5.065031e+00 
5.951600e+00 5.007487e+00 
5.986560e+00 4.951067e+00 
6.021830e+00 4.895044e+00 
6.056490e+00 4.840887e+00 
6.091160e+00 4.787579e+00 
6.125830e+00 4.735088e+00 
6.161090e+00 4.682542e+00 
6.195760e+00 4.631701e+00 
6.230420e+00 4.581642e+00 
6.265690e+00 4.531476e+00 
6.300950e+00 4.482139e+00 
6.335620e+00 4.434355e+00 
6.370880e+00 4.386483e+00 
6.405550e+00 4.340163e+00 
6.440220e+00 4.294543e+00 
6.475480e+00 4.248827e+00 
6.510150e+00 4.204557e+00 
6.544810e+00 4.160992e+00 
6.580080e+00 4.117301e+00 
6.614750e+00 4.074972e+00 
6.649410e+00 4.033327e+00 
6.684080e+00 3.992272e+00 
6.719340e+00 3.951111e+00 
6.754010e+00 3.911243e+00 
6.788680e+00 3.872008e+00 
6.823940e+00 3.832662e+00 
6.859800e+00 3.793212e+00 
6.894470e+00 3.755662e+00 
6.929140e+00 3.718646e+00 
6.963800e+00 3.682143e+00 
6.999070e+00 3.645512e+00 
7.033730e+00 3.610109e+00 
7.068400e+00 3.575170e+00 
7.103660e+00 3.540114e+00 
7.138330e+00 3.506139e+00 
7.173600e+00 3.472102e+00 
7.208260e+00 3.439097e+00 
7.243530e+00 3.405954e+00 
7.277600e+00 3.374398e+00 
7.312860e+00 3.342203e+00 
7.348120e+00 3.310430e+00 
7.382790e+00 3.279593e+00 
7.417460e+00 3.249236e+00 
7.452720e+00 3.218803e+00 
7.487390e+00 3.189262e+00 
7.522650e+00 3.159600e+00 
7.557320e+00 3.130883e+00 
7.591990e+00 3.102554e+00 
7.627250e+00 3.074104e+00 
7.662510e+00 3.046012e+00 
7.697180e+00 3.018812e+00 
7.731850e+00 2.991975e+00 
7.766510e+00 2.965474e+00 
7.801180e+00 2.939287e+00 
7.836440e+00 2.913041e+00 
7.871110e+00 2.887585e+00 
7.906380e+00 2.862002e+00 
7.941040e+00 2.837165e+00 
7.976310e+00 2.812237e+00 
8.011570e+00 2.787667e+00 
8.046240e+00 2.763796e+00 
8.080900e+00 2.740213e+00 
8.115570e+00 2.716923e+00 
8.150830e+00 2.693608e+00 
8.185500e+00 2.670950e+00 
8.220770e+00 2.648170e+00 
8.255430e+00 2.626043e+00 
8.290100e+00 2.604252e+00 
8.324770e+00 2.582721e+00 
8.359430e+00 2.561440e+00 
8.394700e+00 2.540031e+00 
8.429960e+00 2.518925e+00 
8.464630e+00 2.498457e+00 
8.499890e+00 2.477876e+00 
8.534560e+00 2.457866e+00 
8.569200e+00 2.438095e+00 
