# Parameters:
# omega_b = 0.022650, omega_m = 0.151417, n_s = 0.941339, h = 82.401575, w = -1.000000, sigma_8 = 0.755118
# z = 1.500000
#
# k[1/Mpc] # P(k):
8.694000e-04 2.698870e+03 
2.077466e-03 5.686917e+03 
3.285532e-03 8.029245e+03 
4.493598e-03 9.853930e+03 
5.701664e-03 1.123166e+04 
6.909730e-03 1.223386e+04 
8.117797e-03 1.294100e+04 
9.325863e-03 1.339446e+04 
1.053393e-02 1.363507e+04 
1.174199e-02 1.369973e+04 
1.295006e-02 1.361267e+04 
1.415813e-02 1.340676e+04 
1.536619e-02 1.310905e+04 
1.657426e-02 1.273730e+04 
1.778233e-02 1.230937e+04 
1.899039e-02 1.185221e+04 
2.019846e-02 1.138015e+04 
2.140652e-02 1.090598e+04 
2.261459e-02 1.043667e+04 
2.382266e-02 9.981841e+03 
2.503072e-02 9.549013e+03 
2.623879e-02 9.141599e+03 
2.744685e-02 8.760457e+03 
2.865492e-02 8.408959e+03 
2.986299e-02 8.086665e+03 
3.100100e-02 7.809545e+03 
3.220400e-02 7.543548e+03 
3.288100e-02 7.406019e+03 
3.424300e-02 7.153113e+03 
3.555100e-02 6.937065e+03 
3.686000e-02 6.744304e+03 
3.795000e-02 6.598761e+03 
3.929100e-02 6.436417e+03 
4.039800e-02 6.312711e+03 
4.164000e-02 6.181991e+03 
4.294400e-02 6.050105e+03 
4.415000e-02 5.931541e+03 
4.542900e-02 5.804704e+03 
4.660900e-02 5.687456e+03 
4.782300e-02 5.560852e+03 
4.892900e-02 5.442911e+03 
5.031200e-02 5.289775e+03 
5.155900e-02 5.145350e+03 
5.238100e-02 5.047445e+03 
5.378200e-02 4.876357e+03 
5.513400e-02 4.704689e+03 
5.627600e-02 4.554695e+03 
5.735300e-02 4.409147e+03 
5.870100e-02 4.221380e+03 
5.988700e-02 4.052846e+03 
6.113500e-02 3.874472e+03 
6.225900e-02 3.716390e+03 
6.340100e-02 3.562484e+03 
6.480200e-02 3.387191e+03 
6.601100e-02 3.252058e+03 
6.725500e-02 3.129490e+03 
6.829100e-02 3.041117e+03 
6.958600e-02 2.944186e+03 
7.071100e-02 2.872244e+03 
7.192300e-02 2.804995e+03 
7.307400e-02 2.749558e+03 
7.412300e-02 2.705019e+03 
7.550400e-02 2.654348e+03 
7.663100e-02 2.617619e+03 
7.791200e-02 2.580926e+03 
7.912700e-02 2.549275e+03 
8.027600e-02 2.520999e+03 
8.138400e-02 2.494584e+03 
8.272200e-02 2.462984e+03 
8.406100e-02 2.430777e+03 
8.534100e-02 2.398064e+03 
8.653800e-02 2.365148e+03 
8.759800e-02 2.334482e+03 
8.900300e-02 2.291120e+03 
9.009000e-02 2.255044e+03 
9.113300e-02 2.218018e+03 
9.239600e-02 2.171620e+03 
9.358000e-02 2.126003e+03 
9.496100e-02 2.069996e+03 
9.608400e-02 2.023700e+03 
9.727500e-02 1.974420e+03 
9.852600e-02 1.921173e+03 
9.973800e-02 1.870490e+03 
1.009000e-01 1.822812e+03 
1.020900e-01 1.774984e+03 
1.034000e-01 1.724397e+03 
1.046000e-01 1.679954e+03 
1.057200e-01 1.641146e+03 
1.069100e-01 1.601828e+03 
1.082500e-01 1.561151e+03 
1.093900e-01 1.529359e+03 
1.105400e-01 1.499187e+03 
1.116900e-01 1.472569e+03 
1.129600e-01 1.444971e+03 
1.142000e-01 1.421395e+03 
1.153300e-01 1.401517e+03 
1.166400e-01 1.380702e+03 
1.177800e-01 1.364426e+03 
1.190000e-01 1.348074e+03 
1.201200e-01 1.334476e+03 
1.213400e-01 1.320206e+03 
1.227100e-01 1.305202e+03 
1.238900e-01 1.292569e+03 
1.250700e-01 1.280024e+03 
1.263200e-01 1.266757e+03 
1.275500e-01 1.253355e+03 
1.287500e-01 1.239996e+03 
1.299900e-01 1.225575e+03 
1.311300e-01 1.211849e+03 
1.323500e-01 1.196333e+03 
1.335900e-01 1.180036e+03 
1.347100e-01 1.164472e+03 
1.359800e-01 1.146505e+03 
1.372100e-01 1.128089e+03 
1.384300e-01 1.109743e+03 
1.395700e-01 1.091786e+03 
1.407700e-01 1.073199e+03 
1.420300e-01 1.052984e+03 
1.432800e-01 1.033426e+03 
1.444500e-01 1.015025e+03 
1.456300e-01 9.968980e+02 
1.468900e-01 9.782012e+02 
1.480500e-01 9.614501e+02 
1.491700e-01 9.459893e+02 
1.503800e-01 9.301083e+02 
1.516400e-01 9.141933e+02 
1.528200e-01 9.006872e+02 
1.540200e-01 8.872382e+02 
1.551900e-01 8.755542e+02 
1.564300e-01 8.637002e+02 
1.576600e-01 8.527811e+02 
1.588700e-01 8.429725e+02 
1.600900e-01 8.333217e+02 
1.612700e-01 8.251087e+02 
1.625400e-01 8.164329e+02 
1.637600e-01 8.085487e+02 
1.649500e-01 8.011682e+02 
1.662200e-01 7.934312e+02 
1.674000e-01 7.863554e+02 
1.685000e-01 7.798685e+02 
1.697500e-01 7.723875e+02 
1.710300e-01 7.646322e+02 
1.722200e-01 7.575491e+02 
1.734400e-01 7.497226e+02 
1.746400e-01 7.421284e+02 
1.758700e-01 7.342287e+02 
1.770900e-01 7.260210e+02 
1.782700e-01 7.182184e+02 
1.794600e-01 7.101003e+02 
1.807000e-01 7.015316e+02 
1.819100e-01 6.933172e+02 
1.830100e-01 6.856297e+02 
1.842200e-01 6.772554e+02 
1.855000e-01 6.685478e+02 
1.867000e-01 6.603635e+02 
1.879200e-01 6.521870e+02 
1.890900e-01 6.444842e+02 
1.902800e-01 6.368076e+02 
1.915200e-01 6.289449e+02 
1.926900e-01 6.216957e+02 
1.939000e-01 6.144673e+02 
1.951700e-01 6.070091e+02 
1.963100e-01 6.004910e+02 
1.975100e-01 5.939169e+02 
1.987800e-01 5.870732e+02 
2.000100e-01 5.806293e+02 
2.012500e-01 5.744118e+02 
2.023400e-01 5.690283e+02 
2.036100e-01 5.628919e+02 
2.048900e-01 5.569687e+02 
2.060400e-01 5.517277e+02 
2.072200e-01 5.464375e+02 
2.084200e-01 5.412544e+02 
2.096900e-01 5.358515e+02 
2.109200e-01 5.306980e+02 
2.121100e-01 5.258361e+02 
2.132700e-01 5.211659e+02 
2.145200e-01 5.162055e+02 
2.157200e-01 5.115203e+02 
2.168800e-01 5.070578e+02 
2.180700e-01 5.025428e+02 
2.193400e-01 4.977892e+02 
2.206000e-01 4.931349e+02 
2.217500e-01 4.889459e+02 
2.229500e-01 4.846334e+02 
2.241400e-01 4.803998e+02 
2.253500e-01 4.761532e+02 
2.264900e-01 4.722053e+02 
2.277100e-01 4.680370e+02 
2.289900e-01 4.637254e+02 
2.301500e-01 4.598709e+02 
2.313600e-01 4.559031e+02 
2.325600e-01 4.520379e+02 
2.337700e-01 4.481917e+02 
2.350000e-01 4.443338e+02 
2.362000e-01 4.406332e+02 
2.374100e-01 4.369664e+02 
2.386500e-01 4.332578e+02 
2.399100e-01 4.295395e+02 
2.410400e-01 4.262803e+02 
2.422500e-01 4.228374e+02 
2.435000e-01 4.193264e+02 
2.447300e-01 4.159226e+02 
2.458700e-01 4.128325e+02 
2.470600e-01 4.096455e+02 
2.483300e-01 4.062869e+02 
2.495600e-01 4.030837e+02 
2.507600e-01 4.000084e+02 
2.519600e-01 3.969702e+02 
2.532200e-01 3.938193e+02 
2.543700e-01 3.909806e+02 
2.555500e-01 3.881032e+02 
2.568000e-01 3.850916e+02 
2.580100e-01 3.822116e+02 
2.592400e-01 3.793125e+02 
2.604100e-01 3.765842e+02 
2.616100e-01 3.738181e+02 
2.628400e-01 3.710160e+02 
2.640600e-01 3.682570e+02 
2.652200e-01 3.656587e+02 
2.664300e-01 3.629790e+02 
2.676500e-01 3.603083e+02 
2.688400e-01 3.577180e+02 
2.700700e-01 3.550619e+02 
2.712400e-01 3.525638e+02 
2.724800e-01 3.499461e+02 
2.736700e-01 3.474534e+02 
2.748800e-01 3.449378e+02 
2.761000e-01 3.424300e+02 
2.773200e-01 3.399503e+02 
2.785400e-01 3.374926e+02 
2.797000e-01 3.351693e+02 
2.808900e-01 3.328114e+02 
2.821400e-01 3.303621e+02 
2.833900e-01 3.279399e+02 
2.845500e-01 3.257035e+02 
2.857800e-01 3.233575e+02 
2.870300e-01 3.209999e+02 
2.882100e-01 3.187984e+02 
2.893900e-01 3.166150e+02 
2.906300e-01 3.143425e+02 
2.918900e-01 3.120587e+02 
2.930500e-01 3.099786e+02 
2.942500e-01 3.078477e+02 
2.954200e-01 3.057874e+02 
2.966500e-01 3.036441e+02 
2.978900e-01 3.015065e+02 
2.990400e-01 2.995444e+02 
3.002700e-01 2.974654e+02 
3.015100e-01 2.953908e+02 
3.026800e-01 2.934535e+02 
3.038500e-01 2.915354e+02 
3.050300e-01 2.896200e+02 
3.062600e-01 2.876431e+02 
3.075000e-01 2.856707e+02 
3.087000e-01 2.837814e+02 
3.099100e-01 2.818954e+02 
3.111200e-01 2.800297e+02 
3.123100e-01 2.782153e+02 
3.135300e-01 2.763736e+02 
3.147300e-01 2.745801e+02 
3.159900e-01 2.727158e+02 
3.171800e-01 2.709747e+02 
3.183700e-01 2.692518e+02 
3.196300e-01 2.674456e+02 
3.208400e-01 2.657283e+02 
3.220300e-01 2.640556e+02 
3.232000e-01 2.624309e+02 
3.244300e-01 2.607409e+02 
3.256700e-01 2.590539e+02 
3.269200e-01 2.573699e+02 
3.280800e-01 2.558221e+02 
3.292500e-01 2.542807e+02 
3.304800e-01 2.526773e+02 
3.317100e-01 2.510892e+02 
3.328900e-01 2.495799e+02 
3.340700e-01 2.480843e+02 
3.353600e-01 2.464712e+02 
3.365300e-01 2.450243e+02 
3.377100e-01 2.435782e+02 
3.389200e-01 2.421087e+02 
3.401600e-01 2.406168e+02 
3.413700e-01 2.391801e+02 
3.425300e-01 2.378189e+02 
3.437700e-01 2.363770e+02 
3.449800e-01 2.349827e+02 
3.461800e-01 2.336124e+02 
3.473600e-01 2.322795e+02 
3.485800e-01 2.309202e+02 
3.498100e-01 2.295620e+02 
3.510200e-01 2.282379e+02 
3.522000e-01 2.269578e+02 
3.533900e-01 2.256780e+02 
3.546400e-01 2.243544e+02 
3.558400e-01 2.230953e+02 
3.570600e-01 2.218264e+02 
3.582700e-01 2.205789e+02 
3.595000e-01 2.193218e+02 
3.607100e-01 2.181004e+02 
3.618900e-01 2.169229e+02 
3.631200e-01 2.157059e+02 
3.643200e-01 2.145288e+02 
3.655500e-01 2.133325e+02 
3.667300e-01 2.121945e+02 
3.679500e-01 2.110366e+02 
3.691900e-01 2.098698e+02 
3.703600e-01 2.087781e+02 
3.715700e-01 2.076582e+02 
3.727700e-01 2.065568e+02 
3.739900e-01 2.054490e+02 
3.752000e-01 2.043643e+02 
3.763900e-01 2.033062e+02 
3.775800e-01 2.022567e+02 
3.788200e-01 2.011720e+02 
3.800300e-01 2.001222e+02 
3.812100e-01 1.991104e+02 
3.824200e-01 1.980837e+02 
3.836100e-01 1.970820e+02 
3.848600e-01 1.960382e+02 
3.860400e-01 1.950609e+02 
3.872400e-01 1.940747e+02 
3.884600e-01 1.930850e+02 
3.896500e-01 1.921289e+02 
3.908700e-01 1.911565e+02 
3.920600e-01 1.902154e+02 
3.933100e-01 1.892347e+02 
3.945300e-01 1.882851e+02 
3.957200e-01 1.873704e+02 
3.969300e-01 1.864488e+02 
3.981700e-01 1.855116e+02 
3.993500e-01 1.846267e+02 
4.094840e-01 1.773189e+02 
4.272360e-01 1.656807e+02 
4.454600e-01 1.550432e+02 
4.630560e-01 1.458385e+02 
4.804610e-01 1.376238e+02 
4.980690e-01 1.300913e+02 
5.159230e-01 1.231535e+02 
5.317440e-01 1.175223e+02 
5.489640e-01 1.118878e+02 
5.671990e-01 1.064201e+02 
5.838690e-01 1.018187e+02 
6.018840e-01 9.722741e+01 
6.202330e-01 9.292406e+01 
6.379250e-01 8.908538e+01 
6.545410e-01 8.574117e+01 
6.714560e-01 8.256261e+01 
6.892080e-01 7.945493e+01 
7.066010e-01 7.661713e+01 
7.240540e-01 7.395296e+01 
7.420450e-01 7.138845e+01 
7.593780e-01 6.907598e+01 
7.764720e-01 6.692981e+01 
7.942840e-01 6.482842e+01 
8.116170e-01 6.290443e+01 
8.288310e-01 6.110431e+01 
8.462240e-01 5.938548e+01 
8.631980e-01 5.779840e+01 
8.810700e-01 5.621631e+01 
8.989410e-01 5.471948e+01 
9.166330e-01 5.331485e+01 
9.345640e-01 5.196289e+01 
9.515980e-01 5.074225e+01 
9.688720e-01 4.956235e+01 
9.865640e-01 4.841137e+01 
1.031870e+00 4.569462e+01 
1.063490e+00 4.397404e+01 
1.097920e+00 4.224546e+01 
1.134370e+00 4.055707e+01 
1.167730e+00 3.912680e+01 
1.203830e+00 3.768898e+01 
1.240470e+00 3.633239e+01 
1.275790e+00 3.511220e+01 
1.309140e+00 3.403252e+01 
1.342970e+00 3.300032e+01 
1.378420e+00 3.198172e+01 
1.413200e+00 3.103989e+01 
1.448110e+00 3.014484e+01 
1.484090e+00 2.927302e+01 
1.518820e+00 2.847471e+01 
1.552880e+00 2.773012e+01 
1.588630e+00 2.698565e+01 
1.623230e+00 2.629976e+01 
1.657720e+00 2.564734e+01 
1.692450e+00 2.501949e+01 
1.726400e+00 2.443078e+01 
1.762200e+00 2.383570e+01 
1.797880e+00 2.326882e+01 
1.833270e+00 2.272930e+01 
1.869070e+00 2.220506e+01 
1.903200e+00 2.172506e+01 
1.937740e+00 2.125687e+01 
1.973190e+00 2.079389e+01 
2.007440e+00 2.036262e+01 
2.042160e+00 1.994107e+01 
2.077900e+00 1.952216e+01 
2.112390e+00 1.913156e+01 
2.146220e+00 1.876053e+01 
2.181600e+00 1.838554e+01 
2.216930e+00 1.802313e+01 
2.250760e+00 1.768693e+01 
2.286500e+00 1.734273e+01 
2.321770e+00 1.701362e+01 
2.355950e+00 1.670426e+01 
2.391280e+00 1.639348e+01 
2.426240e+00 1.609493e+01 
2.460670e+00 1.580946e+01 
2.495640e+00 1.552791e+01 
2.531080e+00 1.525003e+01 
2.566220e+00 1.498215e+01 
2.600830e+00 1.472561e+01 
2.635080e+00 1.447861e+01 
2.670340e+00 1.423002e+01 
2.705970e+00 1.398580e+01 
2.740040e+00 1.375855e+01 
2.774520e+00 1.353382e+01 
2.809730e+00 1.330992e+01 
2.844390e+00 1.309519e+01 
2.879960e+00 1.287992e+01 
2.914860e+00 1.267368e+01 
2.949410e+00 1.247464e+01 
2.984440e+00 1.227722e+01 
3.019760e+00 1.208290e+01 
3.054730e+00 1.189530e+01 
3.089030e+00 1.171459e+01 
3.124060e+00 1.153447e+01 
3.159560e+00 1.135605e+01 
3.194710e+00 1.118312e+01 
3.229010e+00 1.101841e+01 
3.263320e+00 1.085634e+01 
3.297930e+00 1.069666e+01 
3.332830e+00 1.053895e+01 
3.368040e+00 1.038309e+01 
3.403300e+00 1.023041e+01 
3.438450e+00 1.008105e+01 
3.473060e+00 9.937411e+00 
3.508440e+00 9.792957e+00 
3.543110e+00 9.654646e+00 
3.577470e+00 9.519645e+00 
3.613040e+00 9.383016e+00 
3.648120e+00 9.250848e+00 
3.682910e+00 9.122393e+00 
3.718050e+00 8.994782e+00 
3.753320e+00 8.869333e+00 
3.787980e+00 8.748366e+00 
3.822290e+00 8.630921e+00 
3.857020e+00 8.514087e+00 
3.891920e+00 8.398932e+00 
3.926650e+00 8.286201e+00 
3.961970e+00 8.173805e+00 
3.997360e+00 8.062982e+00 
4.031670e+00 7.957747e+00 
4.066330e+00 7.853164e+00 
4.101420e+00 7.749508e+00 
4.136200e+00 7.647971e+00 
4.170810e+00 7.549047e+00 
4.206250e+00 7.449317e+00 
4.241580e+00 7.351886e+00 
4.276300e+00 7.257589e+00 
4.310970e+00 7.165050e+00 
4.346120e+00 7.072898e+00 
4.380600e+00 6.983923e+00 
4.414730e+00 6.897567e+00 
4.450350e+00 6.808591e+00 
4.485320e+00 6.722983e+00 
4.519810e+00 6.639743e+00 
4.555430e+00 6.555253e+00 
4.590870e+00 6.472692e+00 
4.625480e+00 6.393304e+00 
4.659910e+00 6.315820e+00 
4.695230e+00 6.237343e+00 
4.729960e+00 6.161562e+00 
4.764450e+00 6.087497e+00 
4.799530e+00 6.013216e+00 
4.834910e+00 5.939699e+00 
4.869700e+00 5.868402e+00 
4.904370e+00 5.798586e+00 
4.939450e+00 5.729124e+00 
4.973940e+00 5.661789e+00 
5.008430e+00 5.595649e+00 
5.043810e+00 5.528760e+00 
5.078840e+00 5.463570e+00 
5.113500e+00 5.400204e+00 
5.148890e+00 5.336241e+00 
5.184210e+00 5.273514e+00 
5.219060e+00 5.212634e+00 
5.253660e+00 5.153040e+00 
5.288570e+00 5.093939e+00 
5.323420e+00 5.035813e+00 
5.358440e+00 4.978249e+00 
5.393590e+00 4.921450e+00 
5.428310e+00 4.866100e+00 
5.462800e+00 4.811927e+00 
5.497640e+00 4.758105e+00 
5.532670e+00 4.704701e+00 
5.567280e+00 4.652743e+00 
5.602000e+00 4.601465e+00 
5.637270e+00 4.550067e+00 
5.672410e+00 4.499657e+00 
5.707020e+00 4.450804e+00 
5.742040e+00 4.402023e+00 
5.777430e+00 4.353489e+00 
5.812210e+00 4.306549e+00 
5.846820e+00 4.260441e+00 
5.881610e+00 4.214783e+00 
5.916510e+00 4.169692e+00 
5.951600e+00 4.124943e+00 
5.986560e+00 4.080998e+00 
6.021830e+00 4.037347e+00 
6.056490e+00 3.995048e+00 
6.091160e+00 3.953327e+00 
6.125830e+00 3.912231e+00 
6.161090e+00 3.871042e+00 
6.195760e+00 3.831100e+00 
6.230420e+00 3.791759e+00 
6.265690e+00 3.752315e+00 
6.300950e+00 3.713368e+00 
6.335620e+00 3.675635e+00 
6.370880e+00 3.637820e+00 
6.405550e+00 3.601152e+00 
6.440220e+00 3.564999e+00 
6.475480e+00 3.528760e+00 
6.510150e+00 3.493619e+00 
6.544810e+00 3.458939e+00 
6.580080e+00 3.424150e+00 
6.614750e+00 3.390436e+00 
6.649410e+00 3.357184e+00 
6.684080e+00 3.324380e+00 
6.719340e+00 3.291483e+00 
6.754010e+00 3.259579e+00 
6.788680e+00 3.228096e+00 
6.823940e+00 3.196517e+00 
6.859800e+00 3.164847e+00 
6.894470e+00 3.134637e+00 
6.929140e+00 3.104828e+00 
6.963800e+00 3.075427e+00 
6.999070e+00 3.045911e+00 
7.033730e+00 3.017312e+00 
7.068400e+00 2.989083e+00 
7.103660e+00 2.960753e+00 
7.138330e+00 2.933267e+00 
7.173600e+00 2.905680e+00 
7.208260e+00 2.878924e+00 
7.243530e+00 2.852051e+00 
7.277600e+00 2.826426e+00 
7.312860e+00 2.800246e+00 
7.348120e+00 2.774405e+00 
7.382790e+00 2.749322e+00 
7.417460e+00 2.724570e+00 
7.452720e+00 2.699723e+00 
7.487390e+00 2.675601e+00 
7.522650e+00 2.651377e+00 
7.557320e+00 2.627894e+00 
7.591990e+00 2.604714e+00 
7.627250e+00 2.581433e+00 
7.662510e+00 2.558442e+00 
7.697180e+00 2.536138e+00 
7.731850e+00 2.514115e+00 
7.766510e+00 2.492365e+00 
7.801180e+00 2.470870e+00 
7.836440e+00 2.449303e+00 
7.871110e+00 2.428370e+00 
7.906380e+00 2.407330e+00 
7.941040e+00 2.386901e+00 
7.976310e+00 2.366372e+00 
8.011570e+00 2.346110e+00 
8.046240e+00 2.326422e+00 
8.080900e+00 2.306969e+00 
8.115570e+00 2.287750e+00 
8.150830e+00 2.268487e+00 
8.185500e+00 2.249765e+00 
8.220770e+00 2.230940e+00 
8.255430e+00 2.212653e+00 
8.290100e+00 2.194603e+00 
8.324770e+00 2.176762e+00 
8.359430e+00 2.159126e+00 
8.394700e+00 2.141384e+00 
8.429960e+00 2.123878e+00 
8.464630e+00 2.106888e+00 
8.499890e+00 2.089803e+00 
8.534560e+00 2.073191e+00 
8.569200e+00 2.056775e+00 
