# Parameters:
# omega_b = 0.023075, omega_m = 0.143425, n_s = 0.998031, h = 78.858268, w = -1.000000, sigma_8 = 0.722047
# z = 1.500000
#
# k[1/Mpc] # P(k):
8.694000e-04 2.344660e+03 
2.077466e-03 5.162403e+03 
3.285532e-03 7.435027e+03 
4.493598e-03 9.235356e+03 
5.701664e-03 1.060991e+04 
6.909730e-03 1.161922e+04 
8.117797e-03 1.233801e+04 
9.325863e-03 1.280423e+04 
1.053393e-02 1.305639e+04 
1.174199e-02 1.313002e+04 
1.295006e-02 1.304878e+04 
1.415813e-02 1.284569e+04 
1.536619e-02 1.254871e+04 
1.657426e-02 1.217685e+04 
1.778233e-02 1.174882e+04 
1.899039e-02 1.129237e+04 
2.019846e-02 1.082255e+04 
2.140652e-02 1.035272e+04 
2.261459e-02 9.890435e+03 
2.382266e-02 9.445419e+03 
2.503072e-02 9.024841e+03 
2.623879e-02 8.631870e+03 
2.744685e-02 8.267574e+03 
2.865492e-02 7.934476e+03 
2.986299e-02 7.631763e+03 
3.100100e-02 7.374136e+03 
3.220400e-02 7.129295e+03 
3.288100e-02 7.003902e+03 
3.424300e-02 6.775341e+03 
3.555100e-02 6.582180e+03 
3.686000e-02 6.411579e+03 
3.795000e-02 6.283669e+03 
3.929100e-02 6.141694e+03 
4.039800e-02 6.033462e+03 
4.164000e-02 5.918580e+03 
4.294400e-02 5.801079e+03 
4.415000e-02 5.694050e+03 
4.542900e-02 5.577048e+03 
4.660900e-02 5.467209e+03 
4.782300e-02 5.345975e+03 
4.892900e-02 5.231650e+03 
5.031200e-02 5.081335e+03 
5.155900e-02 4.938129e+03 
5.238100e-02 4.840638e+03 
5.378200e-02 4.670040e+03 
5.513400e-02 4.499516e+03 
5.627600e-02 4.351871e+03 
5.735300e-02 4.210449e+03 
5.870100e-02 4.031284e+03 
5.988700e-02 3.873681e+03 
6.113500e-02 3.709886e+03 
6.225900e-02 3.566905e+03 
6.340100e-02 3.429039e+03 
6.480200e-02 3.272723e+03 
6.601100e-02 3.152332e+03 
6.725500e-02 3.042721e+03 
6.829100e-02 2.963265e+03 
6.958600e-02 2.875576e+03 
7.071100e-02 2.810090e+03 
7.192300e-02 2.748590e+03 
7.307400e-02 2.697692e+03 
7.412300e-02 2.656678e+03 
7.550400e-02 2.609842e+03 
7.663100e-02 2.575754e+03 
7.791200e-02 2.541424e+03 
7.912700e-02 2.511464e+03 
8.027600e-02 2.484388e+03 
8.138400e-02 2.458810e+03 
8.272200e-02 2.427806e+03 
8.406100e-02 2.395811e+03 
8.534100e-02 2.362936e+03 
8.653800e-02 2.329646e+03 
8.759800e-02 2.298550e+03 
8.900300e-02 2.254504e+03 
9.009000e-02 2.217856e+03 
9.113300e-02 2.180299e+03 
9.239600e-02 2.133312e+03 
9.358000e-02 2.087239e+03 
9.496100e-02 2.030913e+03 
9.608400e-02 1.984519e+03 
9.727500e-02 1.935272e+03 
9.852600e-02 1.882442e+03 
9.973800e-02 1.832356e+03 
1.009000e-01 1.785399e+03 
1.020900e-01 1.738741e+03 
1.034000e-01 1.689614e+03 
1.046000e-01 1.646688e+03 
1.057200e-01 1.609624e+03 
1.069100e-01 1.572219e+03 
1.082500e-01 1.533971e+03 
1.093900e-01 1.504345e+03 
1.105400e-01 1.476383e+03 
1.116900e-01 1.452053e+03 
1.129600e-01 1.426921e+03 
1.142000e-01 1.405671e+03 
1.153300e-01 1.387774e+03 
1.166400e-01 1.369071e+03 
1.177800e-01 1.354337e+03 
1.190000e-01 1.339481e+03 
1.201200e-01 1.326787e+03 
1.213400e-01 1.313403e+03 
1.227100e-01 1.298653e+03 
1.238900e-01 1.286088e+03 
1.250700e-01 1.273142e+03 
1.263200e-01 1.259303e+03 
1.275500e-01 1.245007e+03 
1.287500e-01 1.230683e+03 
1.299900e-01 1.215115e+03 
1.311300e-01 1.200352e+03 
1.323500e-01 1.183742e+03 
1.335900e-01 1.166459e+03 
1.347100e-01 1.150154e+03 
1.359800e-01 1.131513e+03 
1.372100e-01 1.112746e+03 
1.384300e-01 1.094207e+03 
1.395700e-01 1.076411e+03 
1.407700e-01 1.058037e+03 
1.420300e-01 1.038494e+03 
1.432800e-01 1.019582e+03 
1.444500e-01 1.002135e+03 
1.456300e-01 9.849399e+02 
1.468900e-01 9.673596e+02 
1.480500e-01 9.516485e+02 
1.491700e-01 9.371772e+02 
1.503800e-01 9.223533e+02 
1.516400e-01 9.074831e+02 
1.528200e-01 8.948337e+02 
1.540200e-01 8.822316e+02 
1.551900e-01 8.711848e+02 
1.564300e-01 8.599486e+02 
1.576600e-01 8.495164e+02 
1.588700e-01 8.400427e+02 
1.600900e-01 8.307098e+02 
1.612700e-01 8.225721e+02 
1.625400e-01 8.139758e+02 
1.637600e-01 8.060535e+02 
1.649500e-01 7.985706e+02 
1.662200e-01 7.907096e+02 
1.674000e-01 7.834263e+02 
1.685000e-01 7.767495e+02 
1.697500e-01 7.690399e+02 
1.710300e-01 7.610383e+02 
1.722200e-01 7.537310e+02 
1.734400e-01 7.457087e+02 
1.746400e-01 7.379272e+02 
1.758700e-01 7.298643e+02 
1.770900e-01 7.215488e+02 
1.782700e-01 7.136444e+02 
1.794600e-01 7.054811e+02 
1.807000e-01 6.969036e+02 
1.819100e-01 6.886810e+02 
1.830100e-01 6.810592e+02 
1.842200e-01 6.727683e+02 
1.855000e-01 6.641503e+02 
1.867000e-01 6.561210e+02 
1.879200e-01 6.480985e+02 
1.890900e-01 6.405486e+02 
1.902800e-01 6.330673e+02 
1.915200e-01 6.254037e+02 
1.926900e-01 6.183446e+02 
1.939000e-01 6.113299e+02 
1.951700e-01 6.040910e+02 
1.963100e-01 5.977673e+02 
1.975100e-01 5.913985e+02 
1.987800e-01 5.847672e+02 
2.000100e-01 5.785219e+02 
2.012500e-01 5.724939e+02 
2.023400e-01 5.672736e+02 
2.036100e-01 5.613195e+02 
2.048900e-01 5.555589e+02 
2.060400e-01 5.504613e+02 
2.072200e-01 5.453135e+02 
2.084200e-01 5.402483e+02 
2.096900e-01 5.349678e+02 
2.109200e-01 5.299306e+02 
2.121100e-01 5.251522e+02 
2.132700e-01 5.205607e+02 
2.145200e-01 5.156835e+02 
2.157200e-01 5.110584e+02 
2.168800e-01 5.066443e+02 
2.180700e-01 5.021781e+02 
2.193400e-01 4.974665e+02 
2.206000e-01 4.928357e+02 
2.217500e-01 4.886677e+02 
2.229500e-01 4.843769e+02 
2.241400e-01 4.801418e+02 
2.253500e-01 4.758932e+02 
2.264900e-01 4.719434e+02 
2.277100e-01 4.677634e+02 
2.289900e-01 4.634289e+02 
2.301500e-01 4.595542e+02 
2.313600e-01 4.555654e+02 
2.325600e-01 4.516630e+02 
2.337700e-01 4.477800e+02 
2.350000e-01 4.438854e+02 
2.362000e-01 4.401439e+02 
2.374100e-01 4.364299e+02 
2.386500e-01 4.326738e+02 
2.399100e-01 4.289080e+02 
2.410400e-01 4.256010e+02 
2.422500e-01 4.221070e+02 
2.435000e-01 4.185440e+02 
2.447300e-01 4.150896e+02 
2.458700e-01 4.119522e+02 
2.470600e-01 4.087166e+02 
2.483300e-01 4.053070e+02 
2.495600e-01 4.020569e+02 
2.507600e-01 3.989387e+02 
2.519600e-01 3.958582e+02 
2.532200e-01 3.926638e+02 
2.543700e-01 3.897906e+02 
2.555500e-01 3.868817e+02 
2.568000e-01 3.838372e+02 
2.580100e-01 3.809259e+02 
2.592400e-01 3.780028e+02 
2.604100e-01 3.752552e+02 
2.616100e-01 3.724696e+02 
2.628400e-01 3.696479e+02 
2.640600e-01 3.668777e+02 
2.652200e-01 3.642720e+02 
2.664300e-01 3.615847e+02 
2.676500e-01 3.589066e+02 
2.688400e-01 3.563152e+02 
2.700700e-01 3.536617e+02 
2.712400e-01 3.511661e+02 
2.724800e-01 3.485510e+02 
2.736700e-01 3.460646e+02 
2.748800e-01 3.435591e+02 
2.761000e-01 3.410614e+02 
2.773200e-01 3.385917e+02 
2.785400e-01 3.361456e+02 
2.797000e-01 3.338367e+02 
2.808900e-01 3.314934e+02 
2.821400e-01 3.290592e+02 
2.833900e-01 3.266521e+02 
2.845500e-01 3.244327e+02 
2.857800e-01 3.221046e+02 
2.870300e-01 3.197648e+02 
2.882100e-01 3.175800e+02 
2.893900e-01 3.154143e+02 
2.906300e-01 3.131609e+02 
2.918900e-01 3.108963e+02 
2.930500e-01 3.088336e+02 
2.942500e-01 3.067207e+02 
2.954200e-01 3.046786e+02 
2.966500e-01 3.025542e+02 
2.978900e-01 3.004353e+02 
2.990400e-01 2.984904e+02 
3.002700e-01 2.964299e+02 
3.015100e-01 2.943740e+02 
3.026800e-01 2.924539e+02 
3.038500e-01 2.905530e+02 
3.050300e-01 2.886547e+02 
3.062600e-01 2.866957e+02 
3.075000e-01 2.847411e+02 
3.087000e-01 2.828688e+02 
3.099100e-01 2.809999e+02 
3.111200e-01 2.791510e+02 
3.123100e-01 2.773531e+02 
3.135300e-01 2.755281e+02 
3.147300e-01 2.737508e+02 
3.159900e-01 2.719033e+02 
3.171800e-01 2.701780e+02 
3.183700e-01 2.684707e+02 
3.196300e-01 2.666808e+02 
3.208400e-01 2.649789e+02 
3.220300e-01 2.633213e+02 
3.232000e-01 2.617113e+02 
3.244300e-01 2.600366e+02 
3.256700e-01 2.583648e+02 
3.269200e-01 2.566960e+02 
3.280800e-01 2.551620e+02 
3.292500e-01 2.536346e+02 
3.304800e-01 2.520456e+02 
3.317100e-01 2.504718e+02 
3.328900e-01 2.489760e+02 
3.340700e-01 2.474938e+02 
3.353600e-01 2.458951e+02 
3.365300e-01 2.444611e+02 
3.377100e-01 2.430278e+02 
3.389200e-01 2.415714e+02 
3.401600e-01 2.400927e+02 
3.413700e-01 2.386686e+02 
3.425300e-01 2.373194e+02 
3.437700e-01 2.358901e+02 
3.449800e-01 2.345081e+02 
3.461800e-01 2.331497e+02 
3.473600e-01 2.318284e+02 
3.485800e-01 2.304808e+02 
3.498100e-01 2.291343e+02 
3.510200e-01 2.278215e+02 
3.522000e-01 2.265524e+02 
3.533900e-01 2.252835e+02 
3.546400e-01 2.239710e+02 
3.558400e-01 2.227225e+02 
3.570600e-01 2.214643e+02 
3.582700e-01 2.202271e+02 
3.595000e-01 2.189805e+02 
3.607100e-01 2.177691e+02 
3.618900e-01 2.166012e+02 
3.631200e-01 2.153941e+02 
3.643200e-01 2.142264e+02 
3.655500e-01 2.130398e+02 
3.667300e-01 2.119109e+02 
3.679500e-01 2.107621e+02 
3.691900e-01 2.096044e+02 
3.703600e-01 2.085211e+02 
3.715700e-01 2.074099e+02 
3.727700e-01 2.063170e+02 
3.739900e-01 2.052177e+02 
3.752000e-01 2.041411e+02 
3.763900e-01 2.030910e+02 
3.775800e-01 2.020492e+02 
3.788200e-01 2.009726e+02 
3.800300e-01 1.999306e+02 
3.812100e-01 1.989261e+02 
3.824200e-01 1.979067e+02 
3.836100e-01 1.969121e+02 
3.848600e-01 1.958757e+02 
3.860400e-01 1.949052e+02 
3.872400e-01 1.939260e+02 
3.884600e-01 1.929430e+02 
3.896500e-01 1.919934e+02 
3.908700e-01 1.910275e+02 
3.920600e-01 1.900926e+02 
3.933100e-01 1.891184e+02 
3.945300e-01 1.881752e+02 
3.957200e-01 1.872663e+02 
3.969300e-01 1.863505e+02 
3.981700e-01 1.854192e+02 
3.993500e-01 1.845398e+02 
4.094840e-01 1.772762e+02 
4.272360e-01 1.656995e+02 
4.454600e-01 1.551113e+02 
4.630560e-01 1.459443e+02 
4.804610e-01 1.377601e+02 
4.980690e-01 1.302533e+02 
5.159230e-01 1.233378e+02 
5.317440e-01 1.177235e+02 
5.489640e-01 1.121052e+02 
5.671990e-01 1.066524e+02 
5.838690e-01 1.020626e+02 
6.018840e-01 9.748194e+01 
6.202330e-01 9.318778e+01 
6.379250e-01 8.935658e+01 
6.545410e-01 8.601824e+01 
6.714560e-01 8.284472e+01 
6.892080e-01 7.974144e+01 
7.066010e-01 7.690712e+01 
7.240540e-01 7.424585e+01 
7.420450e-01 7.168378e+01 
7.593780e-01 6.937330e+01 
7.764720e-01 6.722866e+01 
7.942840e-01 6.512869e+01 
8.116170e-01 6.320580e+01 
8.288310e-01 6.140666e+01 
8.462240e-01 5.968866e+01 
8.631980e-01 5.810229e+01 
8.810700e-01 5.652091e+01 
8.989410e-01 5.502480e+01 
9.166330e-01 5.362084e+01 
9.345640e-01 5.226941e+01 
9.515980e-01 5.104933e+01 
9.688720e-01 4.987004e+01 
9.865640e-01 4.871967e+01 
1.031870e+00 4.600447e+01 
1.063490e+00 4.428488e+01 
1.097920e+00 4.255744e+01 
1.134370e+00 4.087016e+01 
1.167730e+00 3.944087e+01 
1.203830e+00 3.800410e+01 
1.240470e+00 3.664844e+01 
1.275790e+00 3.542902e+01 
1.309140e+00 3.435002e+01 
1.342970e+00 3.331841e+01 
1.378420e+00 3.230028e+01 
1.413200e+00 3.135883e+01 
1.448110e+00 3.046398e+01 
1.484090e+00 2.959232e+01 
1.518820e+00 2.879402e+01 
1.552880e+00 2.804930e+01 
1.588630e+00 2.730459e+01 
1.623230e+00 2.661835e+01 
1.657720e+00 2.596555e+01 
1.692450e+00 2.533718e+01 
1.726400e+00 2.474782e+01 
1.762200e+00 2.415197e+01 
1.797880e+00 2.358429e+01 
1.833270e+00 2.304387e+01 
1.869070e+00 2.251863e+01 
1.903200e+00 2.203763e+01 
1.937740e+00 2.156835e+01 
1.973190e+00 2.110417e+01 
2.007440e+00 2.067167e+01 
2.042160e+00 2.024884e+01 
2.077900e+00 1.982857e+01 
2.112390e+00 1.943659e+01 
2.146220e+00 1.906414e+01 
2.181600e+00 1.868765e+01 
2.216930e+00 1.832370e+01 
2.250760e+00 1.798598e+01 
2.286500e+00 1.764015e+01 
2.321770e+00 1.730939e+01 
2.355950e+00 1.699839e+01 
2.391280e+00 1.668590e+01 
2.426240e+00 1.638564e+01 
2.460670e+00 1.609845e+01 
2.495640e+00 1.581515e+01 
2.531080e+00 1.553545e+01 
2.566220e+00 1.526576e+01 
2.600830e+00 1.500744e+01 
2.635080e+00 1.475865e+01 
2.670340e+00 1.450817e+01 
2.705970e+00 1.426206e+01 
2.740040e+00 1.403300e+01 
2.774520e+00 1.380641e+01 
2.809730e+00 1.358061e+01 
2.844390e+00 1.336400e+01 
2.879960e+00 1.314680e+01 
2.914860e+00 1.293864e+01 
2.949410e+00 1.273772e+01 
2.984440e+00 1.253838e+01 
3.019760e+00 1.234212e+01 
3.054730e+00 1.215263e+01 
3.089030e+00 1.197002e+01 
3.124060e+00 1.178797e+01 
3.159560e+00 1.160760e+01 
3.194710e+00 1.143273e+01 
3.229010e+00 1.126615e+01 
3.263320e+00 1.110219e+01 
3.297930e+00 1.094062e+01 
3.332830e+00 1.078100e+01 
3.368040e+00 1.062322e+01 
3.403300e+00 1.046862e+01 
3.438450e+00 1.031734e+01 
3.473060e+00 1.017184e+01 
3.508440e+00 1.002547e+01 
3.543110e+00 9.885306e+00 
3.577470e+00 9.748436e+00 
3.613040e+00 9.609903e+00 
3.648120e+00 9.475871e+00 
3.682910e+00 9.345579e+00 
3.718050e+00 9.216098e+00 
3.753320e+00 9.088794e+00 
3.787980e+00 8.966013e+00 
3.822290e+00 8.846786e+00 
3.857020e+00 8.728151e+00 
3.891920e+00 8.611202e+00 
3.926650e+00 8.496684e+00 
3.961970e+00 8.382488e+00 
3.997360e+00 8.269855e+00 
4.031670e+00 8.162891e+00 
4.066330e+00 8.056566e+00 
4.101420e+00 7.951177e+00 
4.136200e+00 7.847903e+00 
4.170810e+00 7.747282e+00 
4.206250e+00 7.645811e+00 
4.241580e+00 7.546669e+00 
4.276300e+00 7.450692e+00 
4.310970e+00 7.356489e+00 
4.346120e+00 7.262664e+00 
4.380600e+00 7.172053e+00 
4.414730e+00 7.084106e+00 
4.450350e+00 6.993458e+00 
4.485320e+00 6.906238e+00 
4.519810e+00 6.821409e+00 
4.555430e+00 6.735294e+00 
4.590870e+00 6.651135e+00 
4.625480e+00 6.570190e+00 
4.659910e+00 6.491184e+00 
4.695230e+00 6.411138e+00 
4.729960e+00 6.333836e+00 
4.764450e+00 6.258271e+00 
4.799530e+00 6.182467e+00 
4.834910e+00 6.107441e+00 
4.869700e+00 6.034661e+00 
4.904370e+00 5.963388e+00 
4.939450e+00 5.892467e+00 
4.973940e+00 5.823701e+00 
5.008430e+00 5.756152e+00 
5.043810e+00 5.687824e+00 
5.078840e+00 5.621222e+00 
5.113500e+00 5.556481e+00 
5.148890e+00 5.491107e+00 
5.184210e+00 5.426994e+00 
5.219060e+00 5.364762e+00 
5.253660e+00 5.303829e+00 
5.288570e+00 5.243397e+00 
5.323420e+00 5.183955e+00 
5.358440e+00 5.125077e+00 
5.393590e+00 5.066979e+00 
5.428310e+00 5.010350e+00 
5.462800e+00 4.954917e+00 
5.497640e+00 4.899842e+00 
5.532670e+00 4.845181e+00 
5.567280e+00 4.791994e+00 
5.602000e+00 4.739501e+00 
5.637270e+00 4.686872e+00 
5.672410e+00 4.635251e+00 
5.707020e+00 4.585222e+00 
5.742040e+00 4.535254e+00 
5.777430e+00 4.485534e+00 
5.812210e+00 4.437445e+00 
5.846820e+00 4.390200e+00 
5.881610e+00 4.343411e+00 
5.916510e+00 4.297202e+00 
5.951600e+00 4.251334e+00 
5.986560e+00 4.206284e+00 
6.021830e+00 4.161534e+00 
6.056490e+00 4.118162e+00 
6.091160e+00 4.075375e+00 
6.125830e+00 4.033228e+00 
6.161090e+00 3.990982e+00 
6.195760e+00 3.950007e+00 
6.230420e+00 3.909648e+00 
6.265690e+00 3.869182e+00 
6.300950e+00 3.829211e+00 
6.335620e+00 3.790486e+00 
6.370880e+00 3.751675e+00 
6.405550e+00 3.714035e+00 
6.440220e+00 3.676921e+00 
6.475480e+00 3.639718e+00 
6.510150e+00 3.603638e+00 
6.544810e+00 3.568022e+00 
6.580080e+00 3.532294e+00 
6.614750e+00 3.497670e+00 
6.649410e+00 3.463511e+00 
6.684080e+00 3.429812e+00 
6.719340e+00 3.396015e+00 
6.754010e+00 3.363235e+00 
6.788680e+00 3.330881e+00 
6.823940e+00 3.298427e+00 
6.859800e+00 3.265880e+00 
6.894470e+00 3.234825e+00 
6.929140e+00 3.204181e+00 
6.963800e+00 3.173954e+00 
6.999070e+00 3.143609e+00 
7.033730e+00 3.114200e+00 
7.068400e+00 3.085169e+00 
7.103660e+00 3.056035e+00 
7.138330e+00 3.027767e+00 
7.173600e+00 2.999388e+00 
7.208260e+00 2.971865e+00 
7.243530e+00 2.944221e+00 
7.277600e+00 2.917856e+00 
7.312860e+00 2.890916e+00 
7.348120e+00 2.864324e+00 
7.382790e+00 2.838512e+00 
7.417460e+00 2.813035e+00 
7.452720e+00 2.787457e+00 
7.487390e+00 2.762625e+00 
7.522650e+00 2.737688e+00 
7.557320e+00 2.713509e+00 
7.591990e+00 2.689641e+00 
7.627250e+00 2.665668e+00 
7.662510e+00 2.641993e+00 
7.697180e+00 2.619022e+00 
7.731850e+00 2.596337e+00 
7.766510e+00 2.573933e+00 
7.801180e+00 2.551793e+00 
7.836440e+00 2.529573e+00 
7.871110e+00 2.508005e+00 
7.906380e+00 2.486327e+00 
7.941040e+00 2.465278e+00 
7.976310e+00 2.444123e+00 
8.011570e+00 2.423239e+00 
8.046240e+00 2.402947e+00 
8.080900e+00 2.382897e+00 
8.115570e+00 2.363088e+00 
8.150830e+00 2.343228e+00 
8.185500e+00 2.323927e+00 
8.220770e+00 2.304519e+00 
8.255430e+00 2.285666e+00 
8.290100e+00 2.267052e+00 
8.324770e+00 2.248652e+00 
8.359430e+00 2.230464e+00 
8.394700e+00 2.212166e+00 
8.429960e+00 2.194109e+00 
8.464630e+00 2.176583e+00 
8.499890e+00 2.158957e+00 
8.534560e+00 2.141820e+00 
8.569200e+00 2.124885e+00 
