# Parameters:
# omega_b = 0.022949, omega_m = 0.139016, n_s = 0.862598, h = 60.196850, w = -1.000000, sigma_8 = 0.731496
# z = 1.500000
#
# k[1/Mpc] # P(k):
8.694000e-04 5.818450e+03 
2.077466e-03 1.136994e+04 
3.285532e-03 1.534939e+04 
4.493598e-03 1.820791e+04 
5.701664e-03 2.018842e+04 
6.909730e-03 2.147314e+04 
8.117797e-03 2.223631e+04 
9.325863e-03 2.256834e+04 
1.053393e-02 2.255485e+04 
1.174199e-02 2.227054e+04 
1.295006e-02 2.176191e+04 
1.415813e-02 2.108771e+04 
1.536619e-02 2.029870e+04 
1.657426e-02 1.942815e+04 
1.778233e-02 1.850443e+04 
1.899039e-02 1.756982e+04 
2.019846e-02 1.664614e+04 
2.140652e-02 1.575216e+04 
2.261459e-02 1.489747e+04 
2.382266e-02 1.409407e+04 
2.503072e-02 1.334997e+04 
2.623879e-02 1.266724e+04 
2.744685e-02 1.204576e+04 
2.865492e-02 1.148565e+04 
2.986299e-02 1.098307e+04 
3.100100e-02 1.056027e+04 
3.220400e-02 1.016191e+04 
3.288100e-02 9.958956e+03 
3.424300e-02 9.590051e+03 
3.555100e-02 9.278278e+03 
3.686000e-02 9.001800e+03 
3.795000e-02 8.793025e+03 
3.929100e-02 8.558416e+03 
4.039800e-02 8.377323e+03 
4.164000e-02 8.183445e+03 
4.294400e-02 7.983266e+03 
4.415000e-02 7.800625e+03 
4.542900e-02 7.601941e+03 
4.660900e-02 7.416844e+03 
4.782300e-02 7.215654e+03 
4.892900e-02 7.028615e+03 
5.031200e-02 6.787103e+03 
5.155900e-02 6.561754e+03 
5.238100e-02 6.410955e+03 
5.378200e-02 6.152473e+03 
5.513400e-02 5.903206e+03 
5.627600e-02 5.696341e+03 
5.735300e-02 5.507482e+03 
5.870100e-02 5.282983e+03 
5.988700e-02 5.098743e+03 
6.113500e-02 4.918560e+03 
6.225900e-02 4.768081e+03 
6.340100e-02 4.625187e+03 
6.480200e-02 4.461009e+03 
6.601100e-02 4.328318e+03 
6.725500e-02 4.199143e+03 
6.829100e-02 4.097735e+03 
6.958600e-02 3.978225e+03 
7.071100e-02 3.881867e+03 
7.192300e-02 3.785684e+03 
7.307400e-02 3.701529e+03 
7.412300e-02 3.630628e+03 
7.550400e-02 3.545704e+03 
7.663100e-02 3.481887e+03 
7.791200e-02 3.415623e+03 
7.912700e-02 3.357298e+03 
8.027600e-02 3.305025e+03 
8.138400e-02 3.256561e+03 
8.272200e-02 3.199773e+03 
8.406100e-02 3.143865e+03 
8.534100e-02 3.089933e+03 
8.653800e-02 3.038343e+03 
8.759800e-02 2.991927e+03 
8.900300e-02 2.928803e+03 
9.009000e-02 2.878281e+03 
9.113300e-02 2.828054e+03 
9.239600e-02 2.766395e+03 
9.358000e-02 2.707202e+03 
9.496100e-02 2.636252e+03 
9.608400e-02 2.578418e+03 
9.727500e-02 2.517438e+03 
9.852600e-02 2.452645e+03 
9.973800e-02 2.391261e+03 
1.009000e-01 2.333734e+03 
1.020900e-01 2.276313e+03 
1.034000e-01 2.215511e+03 
1.046000e-01 2.162014e+03 
1.057200e-01 2.114933e+03 
1.069100e-01 2.067003e+03 
1.082500e-01 2.016698e+03 
1.093900e-01 1.976739e+03 
1.105400e-01 1.938425e+03 
1.116900e-01 1.903490e+03 
1.129600e-01 1.866806e+03 
1.142000e-01 1.834152e+03 
1.153300e-01 1.806012e+03 
1.166400e-01 1.775548e+03 
1.177800e-01 1.750771e+03 
1.190000e-01 1.725394e+03 
1.201200e-01 1.703406e+03 
1.213400e-01 1.680156e+03 
1.227100e-01 1.655054e+03 
1.238900e-01 1.633924e+03 
1.250700e-01 1.613046e+03 
1.263200e-01 1.591216e+03 
1.275500e-01 1.569722e+03 
1.287500e-01 1.548817e+03 
1.299900e-01 1.527047e+03 
1.311300e-01 1.506972e+03 
1.323500e-01 1.485196e+03 
1.335900e-01 1.463011e+03 
1.347100e-01 1.442670e+03 
1.359800e-01 1.419683e+03 
1.372100e-01 1.397058e+03 
1.384300e-01 1.374826e+03 
1.395700e-01 1.353774e+03 
1.407700e-01 1.332037e+03 
1.420300e-01 1.309028e+03 
1.432800e-01 1.286745e+03 
1.444500e-01 1.266010e+03 
1.456300e-01 1.245560e+03 
1.468900e-01 1.224304e+03 
1.480500e-01 1.205197e+03 
1.491700e-01 1.187320e+03 
1.503800e-01 1.168649e+03 
1.516400e-01 1.149773e+03 
1.528200e-01 1.133070e+03 
1.540200e-01 1.116435e+03 
1.551900e-01 1.101190e+03 
1.564300e-01 1.085516e+03 
1.576600e-01 1.070634e+03 
1.588700e-01 1.056702e+03 
1.600900e-01 1.042960e+03 
1.612700e-01 1.030491e+03 
1.625400e-01 1.017329e+03 
1.637600e-01 1.005138e+03 
1.649500e-01 9.935885e+02 
1.662200e-01 9.815041e+02 
1.674000e-01 9.705408e+02 
1.685000e-01 9.604956e+02 
1.697500e-01 9.491996e+02 
1.710300e-01 9.377690e+02 
1.722200e-01 9.273355e+02 
1.734400e-01 9.165410e+02 
1.746400e-01 9.060999e+02 
1.758700e-01 8.954757e+02 
1.770900e-01 8.848991e+02 
1.782700e-01 8.748474e+02 
1.794600e-01 8.647069e+02 
1.807000e-01 8.542066e+02 
1.819100e-01 8.441407e+02 
1.830100e-01 8.349764e+02 
1.842200e-01 8.250338e+02 
1.855000e-01 8.146991e+02 
1.867000e-01 8.051067e+02 
1.879200e-01 7.955207e+02 
1.890900e-01 7.864844e+02 
1.902800e-01 7.774595e+02 
1.915200e-01 7.682136e+02 
1.926900e-01 7.596609e+02 
1.939000e-01 7.510461e+02 
1.951700e-01 7.421558e+02 
1.963100e-01 7.343455e+02 
1.975100e-01 7.263607e+02 
1.987800e-01 7.180480e+02 
2.000100e-01 7.101765e+02 
2.012500e-01 7.024784e+02 
2.023400e-01 6.958131e+02 
2.036100e-01 6.881928e+02 
2.048900e-01 6.807461e+02 
2.060400e-01 6.741582e+02 
2.072200e-01 6.675043e+02 
2.084200e-01 6.609260e+02 
2.096900e-01 6.540700e+02 
2.109200e-01 6.475317e+02 
2.121100e-01 6.413395e+02 
2.132700e-01 6.353913e+02 
2.145200e-01 6.290746e+02 
2.157200e-01 6.231016e+02 
2.168800e-01 6.174098e+02 
2.180700e-01 6.116521e+02 
2.193400e-01 6.055848e+02 
2.206000e-01 5.996332e+02 
2.217500e-01 5.942776e+02 
2.229500e-01 5.887655e+02 
2.241400e-01 5.833193e+02 
2.253500e-01 5.778567e+02 
2.264900e-01 5.727797e+02 
2.277100e-01 5.673883e+02 
2.289900e-01 5.617777e+02 
2.301500e-01 5.567634e+02 
2.313600e-01 5.516027e+02 
2.325600e-01 5.464931e+02 
2.337700e-01 5.414107e+02 
2.350000e-01 5.363148e+02 
2.362000e-01 5.313868e+02 
2.374100e-01 5.264564e+02 
2.386500e-01 5.214722e+02 
2.399100e-01 5.164773e+02 
2.410400e-01 5.120373e+02 
2.422500e-01 5.073413e+02 
2.435000e-01 5.025550e+02 
2.447300e-01 4.979085e+02 
2.458700e-01 4.936563e+02 
2.470600e-01 4.892731e+02 
2.483300e-01 4.846568e+02 
2.495600e-01 4.802542e+02 
2.507600e-01 4.760262e+02 
2.519600e-01 4.718516e+02 
2.532200e-01 4.675249e+02 
2.543700e-01 4.636481e+02 
2.555500e-01 4.597335e+02 
2.568000e-01 4.556387e+02 
2.580100e-01 4.517249e+02 
2.592400e-01 4.478307e+02 
2.604100e-01 4.441868e+02 
2.616100e-01 4.404940e+02 
2.628400e-01 4.367551e+02 
2.640600e-01 4.331297e+02 
2.652200e-01 4.297382e+02 
2.664300e-01 4.262419e+02 
2.676500e-01 4.227587e+02 
2.688400e-01 4.194273e+02 
2.700700e-01 4.160406e+02 
2.712400e-01 4.128564e+02 
2.724800e-01 4.095208e+02 
2.736700e-01 4.063768e+02 
2.748800e-01 4.032366e+02 
2.761000e-01 4.001069e+02 
2.773200e-01 3.970131e+02 
2.785400e-01 3.939627e+02 
2.797000e-01 3.911112e+02 
2.808900e-01 3.882179e+02 
2.821400e-01 3.852129e+02 
2.833900e-01 3.822430e+02 
2.845500e-01 3.795303e+02 
2.857800e-01 3.766852e+02 
2.870300e-01 3.738263e+02 
2.882100e-01 3.711572e+02 
2.893900e-01 3.685223e+02 
2.906300e-01 3.657866e+02 
2.918900e-01 3.630377e+02 
2.930500e-01 3.605342e+02 
2.942500e-01 3.579721e+02 
2.954200e-01 3.555022e+02 
2.966500e-01 3.529330e+02 
2.978900e-01 3.503708e+02 
2.990400e-01 3.480193e+02 
3.002700e-01 3.455300e+02 
3.015100e-01 3.430473e+02 
3.026800e-01 3.407289e+02 
3.038500e-01 3.384338e+02 
3.050300e-01 3.361423e+02 
3.062600e-01 3.337763e+02 
3.075000e-01 3.314161e+02 
3.087000e-01 3.291555e+02 
3.099100e-01 3.268991e+02 
3.111200e-01 3.246661e+02 
3.123100e-01 3.224927e+02 
3.135300e-01 3.202868e+02 
3.147300e-01 3.181388e+02 
3.159900e-01 3.159063e+02 
3.171800e-01 3.138199e+02 
3.183700e-01 3.117544e+02 
3.196300e-01 3.095892e+02 
3.208400e-01 3.075308e+02 
3.220300e-01 3.055262e+02 
3.232000e-01 3.035767e+02 
3.244300e-01 3.015481e+02 
3.256700e-01 2.995233e+02 
3.269200e-01 2.975024e+02 
3.280800e-01 2.956451e+02 
3.292500e-01 2.937939e+02 
3.304800e-01 2.918679e+02 
3.317100e-01 2.899604e+02 
3.328900e-01 2.881479e+02 
3.340700e-01 2.863520e+02 
3.353600e-01 2.844146e+02 
3.365300e-01 2.826767e+02 
3.377100e-01 2.809400e+02 
3.389200e-01 2.791754e+02 
3.401600e-01 2.773841e+02 
3.413700e-01 2.756594e+02 
3.425300e-01 2.740257e+02 
3.437700e-01 2.722951e+02 
3.449800e-01 2.706221e+02 
3.461800e-01 2.689779e+02 
3.473600e-01 2.673793e+02 
3.485800e-01 2.657506e+02 
3.498100e-01 2.641234e+02 
3.510200e-01 2.625372e+02 
3.522000e-01 2.610039e+02 
3.533900e-01 2.594712e+02 
3.546400e-01 2.578886e+02 
3.558400e-01 2.563836e+02 
3.570600e-01 2.548670e+02 
3.582700e-01 2.533760e+02 
3.595000e-01 2.518738e+02 
3.607100e-01 2.504168e+02 
3.618900e-01 2.490141e+02 
3.631200e-01 2.475645e+02 
3.643200e-01 2.461625e+02 
3.655500e-01 2.447378e+02 
3.667300e-01 2.433826e+02 
3.679500e-01 2.420088e+02 
3.691900e-01 2.406245e+02 
3.703600e-01 2.393293e+02 
3.715700e-01 2.380009e+02 
3.727700e-01 2.366945e+02 
3.739900e-01 2.353824e+02 
3.752000e-01 2.341009e+02 
3.763900e-01 2.328510e+02 
3.775800e-01 2.316112e+02 
3.788200e-01 2.303300e+02 
3.800300e-01 2.290902e+02 
3.812100e-01 2.278987e+02 
3.824200e-01 2.266919e+02 
3.836100e-01 2.255145e+02 
3.848600e-01 2.242879e+02 
3.860400e-01 2.231393e+02 
3.872400e-01 2.219805e+02 
3.884600e-01 2.208213e+02 
3.896500e-01 2.197032e+02 
3.908700e-01 2.185659e+02 
3.920600e-01 2.174653e+02 
3.933100e-01 2.163183e+02 
3.945300e-01 2.152079e+02 
3.957200e-01 2.141431e+02 
3.969300e-01 2.130716e+02 
3.981700e-01 2.119821e+02 
3.993500e-01 2.109533e+02 
4.094840e-01 2.024764e+02 
4.272360e-01 1.890996e+02 
4.454600e-01 1.769504e+02 
4.630560e-01 1.664768e+02 
4.804610e-01 1.571383e+02 
4.980690e-01 1.485689e+02 
5.159230e-01 1.406567e+02 
5.317440e-01 1.342215e+02 
5.489640e-01 1.277631e+02 
5.671990e-01 1.214789e+02 
5.838690e-01 1.161838e+02 
6.018840e-01 1.108948e+02 
6.202330e-01 1.059316e+02 
6.379250e-01 1.015040e+02 
6.545410e-01 9.764608e+01 
6.714560e-01 9.398124e+01 
6.892080e-01 9.039973e+01 
7.066010e-01 8.713258e+01 
7.240540e-01 8.406620e+01 
7.420450e-01 8.111732e+01 
7.593780e-01 7.845874e+01 
7.764720e-01 7.599352e+01 
7.942840e-01 7.357913e+01 
8.116170e-01 7.137000e+01 
8.288310e-01 6.930221e+01 
8.462240e-01 6.732829e+01 
8.631980e-01 6.550474e+01 
8.810700e-01 6.368564e+01 
8.989410e-01 6.196238e+01 
9.166330e-01 6.034417e+01 
9.345640e-01 5.878680e+01 
9.515980e-01 5.737806e+01 
9.688720e-01 5.601425e+01 
9.865640e-01 5.468207e+01 
1.031870e+00 5.153003e+01 
1.063490e+00 4.952795e+01 
1.097920e+00 4.751039e+01 
1.134370e+00 4.553422e+01 
1.167730e+00 4.385531e+01 
1.203830e+00 4.216129e+01 
1.240470e+00 4.055959e+01 
1.275790e+00 3.911551e+01 
1.309140e+00 3.783479e+01 
1.342970e+00 3.660676e+01 
1.378420e+00 3.539389e+01 
1.413200e+00 3.427022e+01 
1.448110e+00 3.320149e+01 
1.484090e+00 3.215865e+01 
1.518820e+00 3.120306e+01 
1.552880e+00 3.031141e+01 
1.588630e+00 2.941961e+01 
1.623230e+00 2.859782e+01 
1.657720e+00 2.781514e+01 
1.692450e+00 2.706266e+01 
1.726400e+00 2.635764e+01 
1.762200e+00 2.564515e+01 
1.797880e+00 2.496604e+01 
1.833270e+00 2.432061e+01 
1.869070e+00 2.369391e+01 
1.903200e+00 2.312031e+01 
1.937740e+00 2.256168e+01 
1.973190e+00 2.201003e+01 
2.007440e+00 2.149697e+01 
2.042160e+00 2.099567e+01 
2.077900e+00 2.049812e+01 
2.112390e+00 2.003523e+01 
2.146220e+00 1.959615e+01 
2.181600e+00 1.915297e+01 
2.216930e+00 1.872533e+01 
2.250760e+00 1.832936e+01 
2.286500e+00 1.792477e+01 
2.321770e+00 1.753862e+01 
2.355950e+00 1.717642e+01 
2.391280e+00 1.681300e+01 
2.426240e+00 1.646467e+01 
2.460670e+00 1.613229e+01 
2.495640e+00 1.580512e+01 
2.531080e+00 1.548305e+01 
2.566220e+00 1.517301e+01 
2.600830e+00 1.487670e+01 
2.635080e+00 1.459209e+01 
2.670340e+00 1.430660e+01 
2.705970e+00 1.402657e+01 
2.740040e+00 1.376644e+01 
2.774520e+00 1.350995e+01 
2.809730e+00 1.325493e+01 
2.844390e+00 1.301081e+01 
2.879960e+00 1.276693e+01 
2.914860e+00 1.253380e+01 
2.949410e+00 1.230919e+01 
2.984440e+00 1.208706e+01 
3.019760e+00 1.186881e+01 
3.054730e+00 1.165846e+01 
3.089030e+00 1.145675e+01 
3.124060e+00 1.125605e+01 
3.159560e+00 1.105774e+01 
3.194710e+00 1.086609e+01 
3.229010e+00 1.068383e+01 
3.263320e+00 1.050510e+01 
3.297930e+00 1.032929e+01 
3.332830e+00 1.015613e+01 
3.368040e+00 9.985518e+00 
3.403300e+00 9.818766e+00 
3.438450e+00 9.656168e+00 
3.473060e+00 9.499994e+00 
3.508440e+00 9.343448e+00 
3.543110e+00 9.193785e+00 
3.577470e+00 9.048471e+00 
3.613040e+00 8.901561e+00 
3.648120e+00 8.759706e+00 
3.682910e+00 8.622170e+00 
3.718050e+00 8.486084e+00 
3.753320e+00 8.352538e+00 
3.787980e+00 8.224054e+00 
3.822290e+00 8.099584e+00 
3.857020e+00 7.976133e+00 
3.891920e+00 7.854698e+00 
3.926650e+00 7.736188e+00 
3.961970e+00 7.618270e+00 
3.997360e+00 7.502463e+00 
4.031670e+00 7.392624e+00 
4.066330e+00 7.283766e+00 
4.101420e+00 7.175966e+00 
4.136200e+00 7.070875e+00 
4.170810e+00 6.968560e+00 
4.206250e+00 6.865789e+00 
4.241580e+00 6.765514e+00 
4.276300e+00 6.668789e+00 
4.310970e+00 6.574076e+00 
4.346120e+00 6.479942e+00 
4.380600e+00 6.389317e+00 
4.414730e+00 6.301427e+00 
4.450350e+00 6.211274e+00 
4.485320e+00 6.124593e+00 
4.519810e+00 6.040599e+00 
4.555430e+00 5.955505e+00 
4.590870e+00 5.872494e+00 
4.625480e+00 5.792894e+00 
4.659910e+00 5.715254e+00 
4.695230e+00 5.636982e+00 
4.729960e+00 5.561495e+00 
4.764450e+00 5.487874e+00 
4.799530e+00 5.414270e+00 
4.834910e+00 5.341470e+00 
4.869700e+00 5.271116e+00 
4.904370e+00 5.202300e+00 
4.939450e+00 5.133943e+00 
4.973940e+00 5.067897e+00 
5.008430e+00 5.003062e+00 
5.043810e+00 4.937679e+00 
5.078840e+00 4.874081e+00 
5.113500e+00 4.812299e+00 
5.148890e+00 4.750226e+00 
5.184210e+00 4.689399e+00 
5.219060e+00 4.630450e+00 
5.253660e+00 4.572927e+00 
5.288570e+00 4.515911e+00 
5.323420e+00 4.459953e+00 
5.358440e+00 4.404663e+00 
5.393590e+00 4.350138e+00 
5.428310e+00 4.297174e+00 
5.462800e+00 4.245439e+00 
5.497640e+00 4.194066e+00 
5.532670e+00 4.143269e+00 
5.567280e+00 4.093919e+00 
5.602000e+00 4.045239e+00 
5.637270e+00 3.996602e+00 
5.672410e+00 3.948954e+00 
5.707020e+00 3.902799e+00 
5.742040e+00 3.856884e+00 
5.777430e+00 3.811254e+00 
5.812210e+00 3.767143e+00 
5.846820e+00 3.723936e+00 
5.881610e+00 3.681195e+00 
5.916510e+00 3.639004e+00 
5.951600e+00 3.597265e+00 
5.986560e+00 3.556344e+00 
6.021830e+00 3.515714e+00 
6.056490e+00 3.476440e+00 
6.091160e+00 3.437787e+00 
6.125830e+00 3.399729e+00 
6.161090e+00 3.361633e+00 
6.195760e+00 3.324778e+00 
6.230420e+00 3.288492e+00 
6.265690e+00 3.252130e+00 
6.300950e+00 3.216383e+00 
6.335620e+00 3.181762e+00 
6.370880e+00 3.147079e+00 
6.405550e+00 3.113525e+00 
6.440220e+00 3.080480e+00 
6.475480e+00 3.047368e+00 
6.510150e+00 3.015307e+00 
6.544810e+00 2.983760e+00 
6.580080e+00 2.952124e+00 
6.614750e+00 2.921475e+00 
6.649410e+00 2.891335e+00 
6.684080e+00 2.861625e+00 
6.719340e+00 2.831840e+00 
6.754010e+00 2.802994e+00 
6.788680e+00 2.774608e+00 
6.823940e+00 2.746144e+00 
6.859800e+00 2.717608e+00 
6.894470e+00 2.690458e+00 
6.929140e+00 2.663699e+00 
6.963800e+00 2.637313e+00 
6.999070e+00 2.610837e+00 
7.033730e+00 2.585259e+00 
7.068400e+00 2.560017e+00 
7.103660e+00 2.534692e+00 
7.138330e+00 2.510152e+00 
7.173600e+00 2.485575e+00 
7.208260e+00 2.461745e+00 
7.243530e+00 2.437817e+00 
7.277600e+00 2.415044e+00 
7.312860e+00 2.391817e+00 
7.348120e+00 2.368897e+00 
7.382790e+00 2.346653e+00 
7.417460e+00 2.324762e+00 
7.452720e+00 2.302821e+00 
7.487390e+00 2.281523e+00 
7.522650e+00 2.260139e+00 
7.557320e+00 2.239449e+00 
7.591990e+00 2.219044e+00 
7.627250e+00 2.198553e+00 
7.662510e+00 2.178321e+00 
7.697180e+00 2.158740e+00 
7.731850e+00 2.139426e+00 
7.766510e+00 2.120354e+00 
7.801180e+00 2.101509e+00 
7.836440e+00 2.082633e+00 
7.871110e+00 2.064332e+00 
7.906380e+00 2.045941e+00 
7.941040e+00 2.028086e+00 
7.976310e+00 2.010174e+00 
8.011570e+00 1.992526e+00 
8.046240e+00 1.975382e+00 
8.080900e+00 1.958444e+00 
8.115570e+00 1.941720e+00 
8.150830e+00 1.924991e+00 
8.185500e+00 1.908734e+00 
8.220770e+00 1.892389e+00 
8.255430e+00 1.876513e+00 
8.290100e+00 1.860893e+00 
8.324770e+00 1.845459e+00 
8.359430e+00 1.830206e+00 
8.394700e+00 1.814862e+00 
8.429960e+00 1.799743e+00 
8.464630e+00 1.785090e+00 
8.499890e+00 1.770357e+00 
8.534560e+00 1.756032e+00 
8.569200e+00 1.741879e+00 
