# Parameters:
# omega_b = 0.022335, omega_m = 0.140945, n_s = 0.917717, h = 64.685039, w = -1.000000, sigma_8 = 0.785039
# z = 1.700000
#
# k[1/Mpc] # P(k):
8.694000e-04 4.091663e+03 
2.077466e-03 8.401316e+03 
3.285532e-03 1.164092e+04 
4.493598e-03 1.406780e+04 
5.701664e-03 1.582480e+04 
6.909730e-03 1.703448e+04 
8.117797e-03 1.782387e+04 
9.325863e-03 1.825877e+04 
1.053393e-02 1.840271e+04 
1.174199e-02 1.831297e+04 
1.295006e-02 1.802570e+04 
1.415813e-02 1.758835e+04 
1.536619e-02 1.704152e+04 
1.657426e-02 1.641241e+04 
1.778233e-02 1.572532e+04 
1.899039e-02 1.501625e+04 
2.019846e-02 1.430444e+04 
2.140652e-02 1.360668e+04 
2.261459e-02 1.293198e+04 
2.382266e-02 1.229158e+04 
2.503072e-02 1.169348e+04 
2.623879e-02 1.114050e+04 
2.744685e-02 1.063340e+04 
2.865492e-02 1.017337e+04 
2.986299e-02 9.758104e+03 
3.100100e-02 9.406874e+03 
3.220400e-02 9.074330e+03 
3.288100e-02 8.904293e+03 
3.424300e-02 8.594286e+03 
3.555100e-02 8.331402e+03 
3.686000e-02 8.097685e+03 
3.795000e-02 7.921056e+03 
3.929100e-02 7.722472e+03 
4.039800e-02 7.569166e+03 
4.164000e-02 7.405087e+03 
4.294400e-02 7.235740e+03 
4.415000e-02 7.081159e+03 
4.542900e-02 6.912692e+03 
4.660900e-02 6.755428e+03 
4.782300e-02 6.584083e+03 
4.892900e-02 6.424355e+03 
5.031200e-02 6.217282e+03 
5.155900e-02 6.023294e+03 
5.238100e-02 5.892987e+03 
5.378200e-02 5.668372e+03 
5.513400e-02 5.449716e+03 
5.627600e-02 5.266002e+03 
5.735300e-02 5.095808e+03 
5.870100e-02 4.889196e+03 
5.988700e-02 4.715503e+03 
6.113500e-02 4.541746e+03 
6.225900e-02 4.394003e+03 
6.340100e-02 4.252645e+03 
6.480200e-02 4.090690e+03 
6.601100e-02 3.961751e+03 
6.725500e-02 3.839033e+03 
6.829100e-02 3.745105e+03 
6.958600e-02 3.636588e+03 
7.071100e-02 3.551013e+03 
7.192300e-02 3.466933e+03 
7.307400e-02 3.394355e+03 
7.412300e-02 3.333809e+03 
7.550400e-02 3.261947e+03 
7.663100e-02 3.208262e+03 
7.791200e-02 3.152768e+03 
7.912700e-02 3.103958e+03 
8.027600e-02 3.060087e+03 
8.138400e-02 3.019235e+03 
8.272200e-02 2.971022e+03 
8.406100e-02 2.923078e+03 
8.534100e-02 2.876206e+03 
8.653800e-02 2.830804e+03 
8.759800e-02 2.789601e+03 
8.900300e-02 2.733025e+03 
9.009000e-02 2.687322e+03 
9.113300e-02 2.641543e+03 
9.239600e-02 2.585065e+03 
9.358000e-02 2.530525e+03 
9.496100e-02 2.464799e+03 
9.608400e-02 2.411060e+03 
9.727500e-02 2.354281e+03 
9.852600e-02 2.293759e+03 
9.973800e-02 2.236393e+03 
1.009000e-01 2.182610e+03 
1.020900e-01 2.128954e+03 
1.034000e-01 2.072211e+03 
1.046000e-01 2.022369e+03 
1.057200e-01 1.978707e+03 
1.069100e-01 1.934347e+03 
1.082500e-01 1.888096e+03 
1.093900e-01 1.851588e+03 
1.105400e-01 1.816718e+03 
1.116900e-01 1.785249e+03 
1.129600e-01 1.752320e+03 
1.142000e-01 1.723332e+03 
1.153300e-01 1.698456e+03 
1.166400e-01 1.671699e+03 
1.177800e-01 1.650039e+03 
1.190000e-01 1.627903e+03 
1.201200e-01 1.608703e+03 
1.213400e-01 1.588396e+03 
1.227100e-01 1.566294e+03 
1.238900e-01 1.547627e+03 
1.250700e-01 1.528973e+03 
1.263200e-01 1.509361e+03 
1.275500e-01 1.489821e+03 
1.287500e-01 1.470689e+03 
1.299900e-01 1.450572e+03 
1.311300e-01 1.431913e+03 
1.323500e-01 1.411518e+03 
1.335900e-01 1.390660e+03 
1.347100e-01 1.371437e+03 
1.359800e-01 1.349674e+03 
1.372100e-01 1.328179e+03 
1.384300e-01 1.307055e+03 
1.395700e-01 1.287046e+03 
1.407700e-01 1.266390e+03 
1.420300e-01 1.244562e+03 
1.432800e-01 1.223422e+03 
1.444500e-01 1.203853e+03 
1.456300e-01 1.184553e+03 
1.468900e-01 1.164602e+03 
1.480500e-01 1.146701e+03 
1.491700e-01 1.130022e+03 
1.503800e-01 1.112691e+03 
1.516400e-01 1.095199e+03 
1.528200e-01 1.079864e+03 
1.540200e-01 1.064586e+03 
1.551900e-01 1.050708e+03 
1.564300e-01 1.036467e+03 
1.576600e-01 1.022994e+03 
1.588700e-01 1.010444e+03 
1.600900e-01 9.980630e+02 
1.612700e-01 9.868725e+02 
1.625400e-01 9.750560e+02 
1.637600e-01 9.640890e+02 
1.649500e-01 9.536849e+02 
1.662200e-01 9.427807e+02 
1.674000e-01 9.328027e+02 
1.685000e-01 9.236583e+02 
1.697500e-01 9.132993e+02 
1.710300e-01 9.027415e+02 
1.722200e-01 8.931028e+02 
1.734400e-01 8.829731e+02 
1.746400e-01 8.731672e+02 
1.758700e-01 8.631463e+02 
1.770900e-01 8.530844e+02 
1.782700e-01 8.435213e+02 
1.794600e-01 8.338206e+02 
1.807000e-01 8.237408e+02 
1.819100e-01 8.140777e+02 
1.830100e-01 8.052605e+02 
1.842200e-01 7.956912e+02 
1.855000e-01 7.857448e+02 
1.867000e-01 7.765228e+02 
1.879200e-01 7.673068e+02 
1.890900e-01 7.586266e+02 
1.902800e-01 7.499965e+02 
1.915200e-01 7.411544e+02 
1.926900e-01 7.329880e+02 
1.939000e-01 7.248046e+02 
1.951700e-01 7.163587e+02 
1.963100e-01 7.089528e+02 
1.975100e-01 7.014199e+02 
1.987800e-01 6.935767e+02 
2.000100e-01 6.861621e+02 
2.012500e-01 6.789411e+02 
2.023400e-01 6.726880e+02 
2.036100e-01 6.655424e+02 
2.048900e-01 6.585765e+02 
2.060400e-01 6.524129e+02 
2.072200e-01 6.461867e+02 
2.084200e-01 6.400323e+02 
2.096900e-01 6.336170e+02 
2.109200e-01 6.274980e+02 
2.121100e-01 6.216928e+02 
2.132700e-01 6.161151e+02 
2.145200e-01 6.101910e+02 
2.157200e-01 6.045773e+02 
2.168800e-01 5.992221e+02 
2.180700e-01 5.938042e+02 
2.193400e-01 5.880901e+02 
2.206000e-01 5.824764e+02 
2.217500e-01 5.774244e+02 
2.229500e-01 5.722239e+02 
2.241400e-01 5.670837e+02 
2.253500e-01 5.619274e+02 
2.264900e-01 5.571344e+02 
2.277100e-01 5.520502e+02 
2.289900e-01 5.467653e+02 
2.301500e-01 5.420416e+02 
2.313600e-01 5.371792e+02 
2.325600e-01 5.323856e+02 
2.337700e-01 5.276167e+02 
2.350000e-01 5.228343e+02 
2.362000e-01 5.182224e+02 
2.374100e-01 5.136234e+02 
2.386500e-01 5.089734e+02 
2.399100e-01 5.043124e+02 
2.410400e-01 5.001896e+02 
2.422500e-01 4.958309e+02 
2.435000e-01 4.913873e+02 
2.447300e-01 4.870758e+02 
2.458700e-01 4.831430e+02 
2.470600e-01 4.790880e+02 
2.483300e-01 4.748163e+02 
2.495600e-01 4.707447e+02 
2.507600e-01 4.668385e+02 
2.519600e-01 4.629806e+02 
2.532200e-01 4.589809e+02 
2.543700e-01 4.553943e+02 
2.555500e-01 4.517705e+02 
2.568000e-01 4.479789e+02 
2.580100e-01 4.443540e+02 
2.592400e-01 4.407349e+02 
2.604100e-01 4.373426e+02 
2.616100e-01 4.339041e+02 
2.628400e-01 4.304218e+02 
2.640600e-01 4.270305e+02 
2.652200e-01 4.238516e+02 
2.664300e-01 4.205738e+02 
2.676500e-01 4.173076e+02 
2.688400e-01 4.141707e+02 
2.700700e-01 4.109733e+02 
2.712400e-01 4.079665e+02 
2.724800e-01 4.048162e+02 
2.736700e-01 4.018357e+02 
2.748800e-01 3.988474e+02 
2.761000e-01 3.958686e+02 
2.773200e-01 3.929236e+02 
2.785400e-01 3.900146e+02 
2.797000e-01 3.872847e+02 
2.808900e-01 3.845144e+02 
2.821400e-01 3.816367e+02 
2.833900e-01 3.787919e+02 
2.845500e-01 3.761828e+02 
2.857800e-01 3.734460e+02 
2.870300e-01 3.706957e+02 
2.882100e-01 3.681275e+02 
2.893900e-01 3.655877e+02 
2.906300e-01 3.629479e+02 
2.918900e-01 3.602952e+02 
2.930500e-01 3.578790e+02 
2.942500e-01 3.554048e+02 
2.954200e-01 3.530161e+02 
2.966500e-01 3.505311e+02 
2.978900e-01 3.480527e+02 
2.990400e-01 3.457779e+02 
3.002700e-01 3.433684e+02 
3.015100e-01 3.409644e+02 
3.026800e-01 3.387194e+02 
3.038500e-01 3.364968e+02 
3.050300e-01 3.342774e+02 
3.062600e-01 3.319845e+02 
3.075000e-01 3.296970e+02 
3.087000e-01 3.275059e+02 
3.099100e-01 3.253187e+02 
3.111200e-01 3.231535e+02 
3.123100e-01 3.210452e+02 
3.135300e-01 3.189053e+02 
3.147300e-01 3.168214e+02 
3.159900e-01 3.146553e+02 
3.171800e-01 3.126308e+02 
3.183700e-01 3.106265e+02 
3.196300e-01 3.085253e+02 
3.208400e-01 3.065276e+02 
3.220300e-01 3.045819e+02 
3.232000e-01 3.026892e+02 
3.244300e-01 3.007195e+02 
3.256700e-01 2.987533e+02 
3.269200e-01 2.967907e+02 
3.280800e-01 2.949868e+02 
3.292500e-01 2.931885e+02 
3.304800e-01 2.913171e+02 
3.317100e-01 2.894637e+02 
3.328900e-01 2.877022e+02 
3.340700e-01 2.859569e+02 
3.353600e-01 2.840727e+02 
3.365300e-01 2.823820e+02 
3.377100e-01 2.806922e+02 
3.389200e-01 2.789752e+02 
3.401600e-01 2.772321e+02 
3.413700e-01 2.755530e+02 
3.425300e-01 2.739620e+02 
3.437700e-01 2.722765e+02 
3.449800e-01 2.706469e+02 
3.461800e-01 2.690454e+02 
3.473600e-01 2.674874e+02 
3.485800e-01 2.658983e+02 
3.498100e-01 2.643106e+02 
3.510200e-01 2.627628e+02 
3.522000e-01 2.612665e+02 
3.533900e-01 2.597707e+02 
3.546400e-01 2.582245e+02 
3.558400e-01 2.567539e+02 
3.570600e-01 2.552719e+02 
3.582700e-01 2.538149e+02 
3.595000e-01 2.523467e+02 
3.607100e-01 2.509216e+02 
3.618900e-01 2.495487e+02 
3.631200e-01 2.481299e+02 
3.643200e-01 2.467575e+02 
3.655500e-01 2.453628e+02 
3.667300e-01 2.440362e+02 
3.679500e-01 2.426884e+02 
3.691900e-01 2.413302e+02 
3.703600e-01 2.400594e+02 
3.715700e-01 2.387559e+02 
3.727700e-01 2.374739e+02 
3.739900e-01 2.361854e+02 
3.752000e-01 2.349251e+02 
3.763900e-01 2.336959e+02 
3.775800e-01 2.324765e+02 
3.788200e-01 2.312164e+02 
3.800300e-01 2.299968e+02 
3.812100e-01 2.288234e+02 
3.824200e-01 2.276341e+02 
3.836100e-01 2.264737e+02 
3.848600e-01 2.252648e+02 
3.860400e-01 2.241327e+02 
3.872400e-01 2.229904e+02 
3.884600e-01 2.218460e+02 
3.896500e-01 2.207413e+02 
3.908700e-01 2.196177e+02 
3.920600e-01 2.185303e+02 
3.933100e-01 2.173971e+02 
3.945300e-01 2.163000e+02 
3.957200e-01 2.152460e+02 
3.969300e-01 2.141848e+02 
3.981700e-01 2.131057e+02 
3.993500e-01 2.120868e+02 
4.094840e-01 2.036810e+02 
4.272360e-01 1.903702e+02 
4.454600e-01 1.782493e+02 
4.630560e-01 1.677884e+02 
4.804610e-01 1.584592e+02 
4.980690e-01 1.499050e+02 
5.159230e-01 1.420149e+02 
5.317440e-01 1.356036e+02 
5.489640e-01 1.291747e+02 
5.671990e-01 1.229258e+02 
5.838690e-01 1.176594e+02 
6.018840e-01 1.124016e+02 
6.202330e-01 1.074656e+02 
6.379250e-01 1.030587e+02 
6.545410e-01 9.921580e+01 
6.714560e-01 9.556306e+01 
6.892080e-01 9.198858e+01 
7.066010e-01 8.872457e+01 
7.240540e-01 8.565804e+01 
7.420450e-01 8.270510e+01 
7.593780e-01 8.004001e+01 
7.764720e-01 7.756704e+01 
7.942840e-01 7.514288e+01 
8.116170e-01 7.292309e+01 
8.288310e-01 7.084277e+01 
8.462240e-01 6.885570e+01 
8.631980e-01 6.701925e+01 
8.810700e-01 6.518687e+01 
8.989410e-01 6.345026e+01 
9.166330e-01 6.181866e+01 
9.345640e-01 6.024852e+01 
9.515980e-01 5.882759e+01 
9.688720e-01 5.745213e+01 
9.865640e-01 5.610865e+01 
1.031870e+00 5.292924e+01 
1.063490e+00 5.091055e+01 
1.097920e+00 4.887724e+01 
1.134370e+00 4.688584e+01 
1.167730e+00 4.519475e+01 
1.203830e+00 4.348935e+01 
1.240470e+00 4.187730e+01 
1.275790e+00 4.042488e+01 
1.309140e+00 3.913702e+01 
1.342970e+00 3.790263e+01 
1.378420e+00 3.668369e+01 
1.413200e+00 3.555449e+01 
1.448110e+00 3.448116e+01 
1.484090e+00 3.343323e+01 
1.518820e+00 3.247355e+01 
1.552880e+00 3.157761e+01 
1.588630e+00 3.068179e+01 
1.623230e+00 2.985559e+01 
1.657720e+00 2.906914e+01 
1.692450e+00 2.831225e+01 
1.726400e+00 2.760348e+01 
1.762200e+00 2.688690e+01 
1.797880e+00 2.620324e+01 
1.833270e+00 2.555336e+01 
1.869070e+00 2.492220e+01 
1.903200e+00 2.434384e+01 
1.937740e+00 2.378064e+01 
1.973190e+00 2.322409e+01 
2.007440e+00 2.270621e+01 
2.042160e+00 2.219965e+01 
2.077900e+00 2.169667e+01 
2.112390e+00 2.122871e+01 
2.146220e+00 2.078440e+01 
2.181600e+00 2.033550e+01 
2.216930e+00 1.990192e+01 
2.250760e+00 1.950025e+01 
2.286500e+00 1.908967e+01 
2.321770e+00 1.869753e+01 
2.355950e+00 1.832916e+01 
2.391280e+00 1.795949e+01 
2.426240e+00 1.760477e+01 
2.460670e+00 1.726604e+01 
2.495640e+00 1.693248e+01 
2.531080e+00 1.660366e+01 
2.566220e+00 1.628686e+01 
2.600830e+00 1.598381e+01 
2.635080e+00 1.569244e+01 
2.670340e+00 1.540018e+01 
2.705970e+00 1.511308e+01 
2.740040e+00 1.484610e+01 
2.774520e+00 1.458268e+01 
2.809730e+00 1.432049e+01 
2.844390e+00 1.406936e+01 
2.879960e+00 1.381831e+01 
2.914860e+00 1.357800e+01 
2.949410e+00 1.334627e+01 
2.984440e+00 1.311683e+01 
3.019760e+00 1.289123e+01 
3.054730e+00 1.267364e+01 
3.089030e+00 1.246470e+01 
3.124060e+00 1.225668e+01 
3.159560e+00 1.205095e+01 
3.194710e+00 1.185187e+01 
3.229010e+00 1.166241e+01 
3.263320e+00 1.147642e+01 
3.297930e+00 1.129336e+01 
3.332830e+00 1.111285e+01 
3.368040e+00 1.093482e+01 
3.403300e+00 1.076067e+01 
3.438450e+00 1.059064e+01 
3.473060e+00 1.042724e+01 
3.508440e+00 1.026319e+01 
3.543110e+00 1.010629e+01 
3.577470e+00 9.953781e+00 
3.613040e+00 9.799483e+00 
3.648120e+00 9.650244e+00 
3.682910e+00 9.505496e+00 
3.718050e+00 9.362214e+00 
3.753320e+00 9.221436e+00 
3.787980e+00 9.085772e+00 
3.822290e+00 8.954258e+00 
3.857020e+00 8.823707e+00 
3.891920e+00 8.695211e+00 
3.926650e+00 8.569699e+00 
3.961970e+00 8.444720e+00 
3.997360e+00 8.321804e+00 
4.031670e+00 8.205151e+00 
4.066330e+00 8.089348e+00 
4.101420e+00 7.974633e+00 
4.136200e+00 7.862678e+00 
4.170810e+00 7.753648e+00 
4.206250e+00 7.643933e+00 
4.241580e+00 7.536820e+00 
4.276300e+00 7.433415e+00 
4.310970e+00 7.332099e+00 
4.346120e+00 7.231308e+00 
4.380600e+00 7.134135e+00 
4.414730e+00 7.039865e+00 
4.450350e+00 6.943014e+00 
4.485320e+00 6.849867e+00 
4.519810e+00 6.759527e+00 
4.555430e+00 6.667954e+00 
4.590870e+00 6.578533e+00 
4.625480e+00 6.492632e+00 
4.659910e+00 6.408826e+00 
4.695230e+00 6.324232e+00 
4.729960e+00 6.242613e+00 
4.764450e+00 6.162971e+00 
4.799530e+00 6.083294e+00 
4.834910e+00 6.004465e+00 
4.869700e+00 5.928131e+00 
4.904370e+00 5.853426e+00 
4.939450e+00 5.779171e+00 
4.973940e+00 5.707336e+00 
5.008430e+00 5.636800e+00 
5.043810e+00 5.565591e+00 
5.078840e+00 5.496274e+00 
5.113500e+00 5.428920e+00 
5.148890e+00 5.361160e+00 
5.184210e+00 5.294743e+00 
5.219060e+00 5.230333e+00 
5.253660e+00 5.167390e+00 
5.288570e+00 5.104988e+00 
5.323420e+00 5.043681e+00 
5.358440e+00 4.983036e+00 
5.393590e+00 4.923217e+00 
5.428310e+00 4.865066e+00 
5.462800e+00 4.808233e+00 
5.497640e+00 4.751787e+00 
5.532670e+00 4.695895e+00 
5.567280e+00 4.641563e+00 
5.602000e+00 4.587958e+00 
5.637270e+00 4.534322e+00 
5.672410e+00 4.481750e+00 
5.707020e+00 4.430816e+00 
5.742040e+00 4.380071e+00 
5.777430e+00 4.329617e+00 
5.812210e+00 4.280833e+00 
5.846820e+00 4.232995e+00 
5.881610e+00 4.185653e+00 
5.916510e+00 4.138911e+00 
5.951600e+00 4.092630e+00 
5.986560e+00 4.047233e+00 
6.021830e+00 4.002151e+00 
6.056490e+00 3.958523e+00 
6.091160e+00 3.915540e+00 
6.125830e+00 3.873211e+00 
6.161090e+00 3.830817e+00 
6.195760e+00 3.789758e+00 
6.230420e+00 3.749326e+00 
6.265690e+00 3.708803e+00 
6.300950e+00 3.668909e+00 
6.335620e+00 3.630267e+00 
6.370880e+00 3.591551e+00 
6.405550e+00 3.554046e+00 
6.440220e+00 3.517089e+00 
6.475480e+00 3.480052e+00 
6.510150e+00 3.444174e+00 
6.544810e+00 3.408842e+00 
6.580080e+00 3.373407e+00 
6.614750e+00 3.339074e+00 
6.649410e+00 3.305254e+00 
6.684080e+00 3.271905e+00 
6.719340e+00 3.238467e+00 
6.754010e+00 3.206066e+00 
6.788680e+00 3.174151e+00 
6.823940e+00 3.142145e+00 
6.859800e+00 3.110053e+00 
6.894470e+00 3.079493e+00 
6.929140e+00 3.049361e+00 
6.963800e+00 3.019646e+00 
6.999070e+00 2.989823e+00 
7.033730e+00 2.960963e+00 
7.068400e+00 2.932481e+00 
7.103660e+00 2.903902e+00 
7.138330e+00 2.876193e+00 
7.173600e+00 2.848413e+00 
7.208260e+00 2.821475e+00 
7.243530e+00 2.794423e+00 
7.277600e+00 2.768664e+00 
7.312860e+00 2.742380e+00 
7.348120e+00 2.716440e+00 
7.382790e+00 2.691264e+00 
7.417460e+00 2.666457e+00 
7.452720e+00 2.641575e+00 
7.487390e+00 2.617421e+00 
7.522650e+00 2.593168e+00 
7.557320e+00 2.569676e+00 
7.591990e+00 2.546497e+00 
7.627250e+00 2.523219e+00 
7.662510e+00 2.500234e+00 
7.697180e+00 2.477971e+00 
7.731850e+00 2.456004e+00 
7.766510e+00 2.434311e+00 
7.801180e+00 2.412875e+00 
7.836440e+00 2.391383e+00 
7.871110e+00 2.370533e+00 
7.906380e+00 2.349579e+00 
7.941040e+00 2.329236e+00 
7.976310e+00 2.308815e+00 
8.011570e+00 2.288685e+00 
8.046240e+00 2.269127e+00 
8.080900e+00 2.249805e+00 
8.115570e+00 2.230721e+00 
8.150830e+00 2.211609e+00 
8.185500e+00 2.193036e+00 
8.220770e+00 2.174361e+00 
8.255430e+00 2.156223e+00 
8.290100e+00 2.138356e+00 
8.324770e+00 2.120702e+00 
8.359430e+00 2.103252e+00 
8.394700e+00 2.085699e+00 
8.429960e+00 2.068389e+00 
8.464630e+00 2.051602e+00 
8.499890e+00 2.034721e+00 
8.534560e+00 2.018308e+00 
8.569200e+00 2.002092e+00 
