# Parameters:
# omega_b = 0.022083, omega_m = 0.147559, n_s = 0.894094, h = 82.874016, w = -1.000000, sigma_8 = 0.778740
# z = 1.700000
#
# k[1/Mpc] # P(k):
8.694000e-04 3.362996e+03 
2.077466e-03 6.782863e+03 
3.285532e-03 9.349666e+03 
4.493598e-03 1.127599e+04 
5.701664e-03 1.267707e+04 
6.909730e-03 1.365066e+04 
8.117797e-03 1.429661e+04 
9.325863e-03 1.466662e+04 
1.053393e-02 1.480985e+04 
1.174199e-02 1.476994e+04 
1.295006e-02 1.457520e+04 
1.415813e-02 1.426242e+04 
1.536619e-02 1.386132e+04 
1.657426e-02 1.339139e+04 
1.778233e-02 1.287173e+04 
1.899039e-02 1.233063e+04 
2.019846e-02 1.178298e+04 
2.140652e-02 1.124174e+04 
2.261459e-02 1.071388e+04 
2.382266e-02 1.020868e+04 
2.503072e-02 9.733092e+03 
2.623879e-02 9.289831e+03 
2.744685e-02 8.879484e+03 
2.865492e-02 8.504066e+03 
2.986299e-02 8.162239e+03 
3.100100e-02 7.870349e+03 
3.220400e-02 7.591554e+03 
3.288100e-02 7.447885e+03 
3.424300e-02 7.184182e+03 
3.555100e-02 6.958881e+03 
3.686000e-02 6.757378e+03 
3.795000e-02 6.604659e+03 
3.929100e-02 6.432992e+03 
4.039800e-02 6.300983e+03 
4.164000e-02 6.160516e+03 
4.294400e-02 6.017330e+03 
4.415000e-02 5.887913e+03 
4.542900e-02 5.748854e+03 
4.660900e-02 5.620209e+03 
4.782300e-02 5.481775e+03 
4.892900e-02 5.353414e+03 
5.031200e-02 5.187815e+03 
5.155900e-02 5.033182e+03 
5.238100e-02 4.929176e+03 
5.378200e-02 4.748948e+03 
5.513400e-02 4.570597e+03 
5.627600e-02 4.416806e+03 
5.735300e-02 4.269388e+03 
5.870100e-02 4.081637e+03 
5.988700e-02 3.915091e+03 
6.113500e-02 3.740397e+03 
6.225900e-02 3.586554e+03 
6.340100e-02 3.437322e+03 
6.480200e-02 3.267573e+03 
6.601100e-02 3.136722e+03 
6.725500e-02 3.017944e+03 
6.829100e-02 2.932203e+03 
6.958600e-02 2.838020e+03 
7.071100e-02 2.768054e+03 
7.192300e-02 2.702555e+03 
7.307400e-02 2.648471e+03 
7.412300e-02 2.604926e+03 
7.550400e-02 2.555163e+03 
7.663100e-02 2.518933e+03 
7.791200e-02 2.482420e+03 
7.912700e-02 2.450619e+03 
8.027600e-02 2.421951e+03 
8.138400e-02 2.394974e+03 
8.272200e-02 2.362476e+03 
8.406100e-02 2.329186e+03 
8.534100e-02 2.295299e+03 
8.653800e-02 2.261251e+03 
8.759800e-02 2.229603e+03 
8.900300e-02 2.185012e+03 
9.009000e-02 2.148104e+03 
9.113300e-02 2.110439e+03 
9.239600e-02 2.063439e+03 
9.358000e-02 2.017482e+03 
9.496100e-02 1.961458e+03 
9.608400e-02 1.915393e+03 
9.727500e-02 1.866559e+03 
9.852600e-02 1.814230e+03 
9.973800e-02 1.764646e+03 
1.009000e-01 1.718185e+03 
1.020900e-01 1.671972e+03 
1.034000e-01 1.623297e+03 
1.046000e-01 1.580741e+03 
1.057200e-01 1.543892e+03 
1.069100e-01 1.506672e+03 
1.082500e-01 1.468478e+03 
1.093900e-01 1.438808e+03 
1.105400e-01 1.410755e+03 
1.116900e-01 1.386191e+03 
1.129600e-01 1.360773e+03 
1.142000e-01 1.339172e+03 
1.153300e-01 1.320955e+03 
1.166400e-01 1.301873e+03 
1.177800e-01 1.286848e+03 
1.190000e-01 1.271701e+03 
1.201200e-01 1.258851e+03 
1.213400e-01 1.245316e+03 
1.227100e-01 1.230627e+03 
1.238900e-01 1.218162e+03 
1.250700e-01 1.205481e+03 
1.263200e-01 1.191976e+03 
1.275500e-01 1.178137e+03 
1.287500e-01 1.164305e+03 
1.299900e-01 1.149325e+03 
1.311300e-01 1.135117e+03 
1.323500e-01 1.119129e+03 
1.335900e-01 1.102463e+03 
1.347100e-01 1.086701e+03 
1.359800e-01 1.068638e+03 
1.372100e-01 1.050367e+03 
1.384300e-01 1.032288e+03 
1.395700e-01 1.014858e+03 
1.407700e-01 9.968556e+02 
1.420300e-01 9.775991e+02 
1.432800e-01 9.589748e+02 
1.444500e-01 9.417190e+02 
1.456300e-01 9.247224e+02 
1.468900e-01 9.073340e+02 
1.480500e-01 8.917974e+02 
1.491700e-01 8.774982e+02 
1.503800e-01 8.628628e+02 
1.516400e-01 8.481998e+02 
1.528200e-01 8.357766e+02 
1.540200e-01 8.234050e+02 
1.551900e-01 8.126230e+02 
1.564300e-01 8.016747e+02 
1.576600e-01 7.915487e+02 
1.588700e-01 7.824003e+02 
1.600900e-01 7.733925e+02 
1.612700e-01 7.656016e+02 
1.625400e-01 7.573721e+02 
1.637600e-01 7.498115e+02 
1.649500e-01 7.426843e+02 
1.662200e-01 7.351962e+02 
1.674000e-01 7.282540e+02 
1.685000e-01 7.218900e+02 
1.697500e-01 7.145262e+02 
1.710300e-01 7.068689e+02 
1.722200e-01 6.998764e+02 
1.734400e-01 6.921508e+02 
1.746400e-01 6.846564e+02 
1.758700e-01 6.768801e+02 
1.770900e-01 6.688380e+02 
1.782700e-01 6.611953e+02 
1.794600e-01 6.532884e+02 
1.807000e-01 6.449726e+02 
1.819100e-01 6.370035e+02 
1.830100e-01 6.296235e+02 
1.842200e-01 6.215990e+02 
1.855000e-01 6.132614e+02 
1.867000e-01 6.055095e+02 
1.879200e-01 5.977667e+02 
1.890900e-01 5.904873e+02 
1.902800e-01 5.833013e+02 
1.915200e-01 5.759424e+02 
1.926900e-01 5.691729e+02 
1.939000e-01 5.624706e+02 
1.951700e-01 5.555558e+02 
1.963100e-01 5.495242e+02 
1.975100e-01 5.434707e+02 
1.987800e-01 5.371692e+02 
2.000100e-01 5.312413e+02 
2.012500e-01 5.255342e+02 
2.023400e-01 5.205926e+02 
2.036100e-01 5.149585e+02 
2.048900e-01 5.095138e+02 
2.060400e-01 5.046964e+02 
2.072200e-01 4.998318e+02 
2.084200e-01 4.950405e+02 
2.096900e-01 4.900462e+02 
2.109200e-01 4.852827e+02 
2.121100e-01 4.807547e+02 
2.132700e-01 4.764038e+02 
2.145200e-01 4.717828e+02 
2.157200e-01 4.673895e+02 
2.168800e-01 4.631918e+02 
2.180700e-01 4.589453e+02 
2.193400e-01 4.544605e+02 
2.206000e-01 4.500431e+02 
2.217500e-01 4.460679e+02 
2.229500e-01 4.419763e+02 
2.241400e-01 4.379270e+02 
2.253500e-01 4.338652e+02 
2.264900e-01 4.300900e+02 
2.277100e-01 4.260921e+02 
2.289900e-01 4.219439e+02 
2.301500e-01 4.182365e+02 
2.313600e-01 4.144207e+02 
2.325600e-01 4.106859e+02 
2.337700e-01 4.069705e+02 
2.350000e-01 4.032447e+02 
2.362000e-01 3.996679e+02 
2.374100e-01 3.961200e+02 
2.386500e-01 3.925327e+02 
2.399100e-01 3.889369e+02 
2.410400e-01 3.857850e+02 
2.422500e-01 3.824562e+02 
2.435000e-01 3.790624e+02 
2.447300e-01 3.757740e+02 
2.458700e-01 3.727932e+02 
2.470600e-01 3.697195e+02 
2.483300e-01 3.664813e+02 
2.495600e-01 3.633992e+02 
2.507600e-01 3.604486e+02 
2.519600e-01 3.575342e+02 
2.532200e-01 3.545123e+02 
2.543700e-01 3.518006e+02 
2.555500e-01 3.490593e+02 
2.568000e-01 3.461908e+02 
2.580100e-01 3.434481e+02 
2.592400e-01 3.406996e+02 
2.604100e-01 3.381187e+02 
2.616100e-01 3.355025e+02 
2.628400e-01 3.328528e+02 
2.640600e-01 3.302571e+02 
2.652200e-01 3.278182e+02 
2.664300e-01 3.253032e+02 
2.676500e-01 3.227971e+02 
2.688400e-01 3.203764e+02 
2.700700e-01 3.179006e+02 
2.712400e-01 3.155724e+02 
2.724800e-01 3.131330e+02 
2.736700e-01 3.108152e+02 
2.748800e-01 3.084813e+02 
2.761000e-01 3.061548e+02 
2.773200e-01 3.038548e+02 
2.785400e-01 3.015779e+02 
2.797000e-01 2.994307e+02 
2.808900e-01 2.972519e+02 
2.821400e-01 2.949888e+02 
2.833900e-01 2.927511e+02 
2.845500e-01 2.906884e+02 
2.857800e-01 2.885249e+02 
2.870300e-01 2.863508e+02 
2.882100e-01 2.843210e+02 
2.893900e-01 2.823091e+02 
2.906300e-01 2.802157e+02 
2.918900e-01 2.781123e+02 
2.930500e-01 2.761966e+02 
2.942500e-01 2.742343e+02 
2.954200e-01 2.723375e+02 
2.966500e-01 2.703643e+02 
2.978900e-01 2.683966e+02 
2.990400e-01 2.665906e+02 
3.002700e-01 2.646777e+02 
3.015100e-01 2.627692e+02 
3.026800e-01 2.609871e+02 
3.038500e-01 2.592229e+02 
3.050300e-01 2.574615e+02 
3.062600e-01 2.556432e+02 
3.075000e-01 2.538293e+02 
3.087000e-01 2.520921e+02 
3.099100e-01 2.503582e+02 
3.111200e-01 2.486429e+02 
3.123100e-01 2.469746e+02 
3.135300e-01 2.452815e+02 
3.147300e-01 2.436328e+02 
3.159900e-01 2.419193e+02 
3.171800e-01 2.403199e+02 
3.183700e-01 2.387378e+02 
3.196300e-01 2.370794e+02 
3.208400e-01 2.355028e+02 
3.220300e-01 2.339674e+02 
3.232000e-01 2.324763e+02 
3.244300e-01 2.309256e+02 
3.256700e-01 2.293777e+02 
3.269200e-01 2.278328e+02 
3.280800e-01 2.264130e+02 
3.292500e-01 2.249997e+02 
3.304800e-01 2.235298e+02 
3.317100e-01 2.220741e+02 
3.328900e-01 2.206908e+02 
3.340700e-01 2.193202e+02 
3.353600e-01 2.178422e+02 
3.365300e-01 2.165167e+02 
3.377100e-01 2.151920e+02 
3.389200e-01 2.138461e+02 
3.401600e-01 2.124798e+02 
3.413700e-01 2.111647e+02 
3.425300e-01 2.099191e+02 
3.437700e-01 2.085997e+02 
3.449800e-01 2.073241e+02 
3.461800e-01 2.060705e+02 
3.473600e-01 2.048513e+02 
3.485800e-01 2.036079e+02 
3.498100e-01 2.023658e+02 
3.510200e-01 2.011549e+02 
3.522000e-01 1.999845e+02 
3.533900e-01 1.988144e+02 
3.546400e-01 1.976047e+02 
3.558400e-01 1.964542e+02 
3.570600e-01 1.952949e+02 
3.582700e-01 1.941552e+02 
3.595000e-01 1.930068e+02 
3.607100e-01 1.918914e+02 
3.618900e-01 1.908164e+02 
3.631200e-01 1.897056e+02 
3.643200e-01 1.886311e+02 
3.655500e-01 1.875393e+02 
3.667300e-01 1.865008e+02 
3.679500e-01 1.854441e+02 
3.691900e-01 1.843793e+02 
3.703600e-01 1.833831e+02 
3.715700e-01 1.823614e+02 
3.727700e-01 1.813565e+02 
3.739900e-01 1.803458e+02 
3.752000e-01 1.793561e+02 
3.763900e-01 1.783906e+02 
3.775800e-01 1.774331e+02 
3.788200e-01 1.764436e+02 
3.800300e-01 1.754860e+02 
3.812100e-01 1.745633e+02 
3.824200e-01 1.736271e+02 
3.836100e-01 1.727138e+02 
3.848600e-01 1.717622e+02 
3.860400e-01 1.708713e+02 
3.872400e-01 1.699725e+02 
3.884600e-01 1.690702e+02 
3.896500e-01 1.681986e+02 
3.908700e-01 1.673122e+02 
3.920600e-01 1.664545e+02 
3.933100e-01 1.655607e+02 
3.945300e-01 1.646953e+02 
3.957200e-01 1.638618e+02 
3.969300e-01 1.630220e+02 
3.981700e-01 1.621681e+02 
3.993500e-01 1.613619e+02 
4.094840e-01 1.547059e+02 
4.272360e-01 1.441183e+02 
4.454600e-01 1.344568e+02 
4.630560e-01 1.261166e+02 
4.804610e-01 1.186917e+02 
4.980690e-01 1.119045e+02 
5.159230e-01 1.056713e+02 
5.317440e-01 1.006271e+02 
5.489640e-01 9.559384e+01 
5.671990e-01 9.072447e+01 
5.838690e-01 8.663638e+01 
6.018840e-01 8.256835e+01 
6.202330e-01 7.876298e+01 
6.379250e-01 7.537413e+01 
6.545410e-01 7.242646e+01 
6.714560e-01 6.962851e+01 
6.892080e-01 6.689596e+01 
7.066010e-01 6.440331e+01 
7.240540e-01 6.206537e+01 
7.420450e-01 5.981596e+01 
7.593780e-01 5.778834e+01 
7.764720e-01 5.590853e+01 
7.942840e-01 5.406799e+01 
8.116170e-01 5.238424e+01 
8.288310e-01 5.080857e+01 
8.462240e-01 4.930497e+01 
8.631980e-01 4.791743e+01 
8.810700e-01 4.653507e+01 
8.989410e-01 4.522715e+01 
9.166330e-01 4.400057e+01 
9.345640e-01 4.282149e+01 
9.515980e-01 4.175660e+01 
9.688720e-01 4.072830e+01 
9.865640e-01 3.972574e+01 
1.031870e+00 3.736233e+01 
1.063490e+00 3.586895e+01 
1.097920e+00 3.437108e+01 
1.134370e+00 3.291116e+01 
1.167730e+00 3.167695e+01 
1.203830e+00 3.043905e+01 
1.240470e+00 2.927406e+01 
1.275790e+00 2.822942e+01 
1.309140e+00 2.730665e+01 
1.342970e+00 2.642755e+01 
1.378420e+00 2.556212e+01 
1.413200e+00 2.476389e+01 
1.448110e+00 2.400794e+01 
1.484090e+00 2.327290e+01 
1.518820e+00 2.260208e+01 
1.552880e+00 2.197809e+01 
1.588630e+00 2.135607e+01 
1.623230e+00 2.078427e+01 
1.657720e+00 2.024156e+01 
1.692450e+00 1.972063e+01 
1.726400e+00 1.923395e+01 
1.762200e+00 1.874326e+01 
1.797880e+00 1.827640e+01 
1.833270e+00 1.783343e+01 
1.869070e+00 1.740404e+01 
1.903200e+00 1.701162e+01 
1.937740e+00 1.662998e+01 
1.973190e+00 1.625330e+01 
2.007440e+00 1.590326e+01 
2.042160e+00 1.556161e+01 
2.077900e+00 1.522285e+01 
2.112390e+00 1.490776e+01 
2.146220e+00 1.460917e+01 
2.181600e+00 1.430774e+01 
2.216930e+00 1.401698e+01 
2.250760e+00 1.374775e+01 
2.286500e+00 1.347265e+01 
2.321770e+00 1.321012e+01 
2.355950e+00 1.296369e+01 
2.391280e+00 1.271662e+01 
2.426240e+00 1.247965e+01 
2.460670e+00 1.225336e+01 
2.495640e+00 1.203048e+01 
2.531080e+00 1.181087e+01 
2.566220e+00 1.159948e+01 
2.600830e+00 1.139729e+01 
2.635080e+00 1.120284e+01 
2.670340e+00 1.100764e+01 
2.705970e+00 1.081597e+01 
2.740040e+00 1.063775e+01 
2.774520e+00 1.046185e+01 
2.809730e+00 1.028678e+01 
2.844390e+00 1.011902e+01 
2.879960e+00 9.951165e+00 
2.914860e+00 9.790452e+00 
2.949410e+00 9.635446e+00 
2.984440e+00 9.481953e+00 
3.019760e+00 9.330964e+00 
3.054730e+00 9.185271e+00 
3.089030e+00 9.045196e+00 
3.124060e+00 8.905633e+00 
3.159560e+00 8.767478e+00 
3.194710e+00 8.633730e+00 
3.229010e+00 8.506396e+00 
3.263320e+00 8.381263e+00 
3.297930e+00 8.258025e+00 
3.332830e+00 8.136408e+00 
3.368040e+00 8.016307e+00 
3.403300e+00 7.898706e+00 
3.438450e+00 7.783777e+00 
3.473060e+00 7.673270e+00 
3.508440e+00 7.562187e+00 
3.543110e+00 7.455858e+00 
3.577470e+00 7.352260e+00 
3.613040e+00 7.247401e+00 
3.648120e+00 7.145939e+00 
3.682910e+00 7.047395e+00 
3.718050e+00 6.949629e+00 
3.753320e+00 6.853518e+00 
3.787980e+00 6.760839e+00 
3.822290e+00 6.670881e+00 
3.857020e+00 6.581428e+00 
3.891920e+00 6.493298e+00 
3.926650e+00 6.407095e+00 
3.961970e+00 6.321162e+00 
3.997360e+00 6.236471e+00 
4.031670e+00 6.156039e+00 
4.066330e+00 6.076072e+00 
4.101420e+00 5.996812e+00 
4.136200e+00 5.919264e+00 
4.170810e+00 5.843706e+00 
4.206250e+00 5.767511e+00 
4.241580e+00 5.693063e+00 
4.276300e+00 5.621064e+00 
4.310970e+00 5.550434e+00 
4.346120e+00 5.480086e+00 
4.380600e+00 5.412147e+00 
4.414730e+00 5.346204e+00 
4.450350e+00 5.278289e+00 
4.485320e+00 5.212939e+00 
4.519810e+00 5.149399e+00 
4.555430e+00 5.084902e+00 
4.590870e+00 5.021866e+00 
4.625480e+00 4.961232e+00 
4.659910e+00 4.902048e+00 
4.695230e+00 4.842122e+00 
4.729960e+00 4.784253e+00 
4.764450e+00 4.727701e+00 
4.799530e+00 4.670999e+00 
4.834910e+00 4.614876e+00 
4.869700e+00 4.560420e+00 
4.904370e+00 4.507087e+00 
4.939450e+00 4.454014e+00 
4.973940e+00 4.402547e+00 
5.008430e+00 4.351989e+00 
5.043810e+00 4.300856e+00 
5.078840e+00 4.251018e+00 
5.113500e+00 4.202570e+00 
5.148890e+00 4.153661e+00 
5.184210e+00 4.105693e+00 
5.219060e+00 4.059130e+00 
5.253660e+00 4.013541e+00 
5.288570e+00 3.968323e+00 
5.323420e+00 3.923836e+00 
5.358440e+00 3.879761e+00 
5.393590e+00 3.836268e+00 
5.428310e+00 3.793876e+00 
5.462800e+00 3.752380e+00 
5.497640e+00 3.711149e+00 
5.532670e+00 3.670234e+00 
5.567280e+00 3.630422e+00 
5.602000e+00 3.591127e+00 
5.637270e+00 3.551717e+00 
5.672410e+00 3.513056e+00 
5.707020e+00 3.475585e+00 
5.742040e+00 3.438151e+00 
5.777430e+00 3.400900e+00 
5.812210e+00 3.364868e+00 
5.846820e+00 3.329465e+00 
5.881610e+00 3.294400e+00 
5.916510e+00 3.259767e+00 
5.951600e+00 3.225395e+00 
5.986560e+00 3.191638e+00 
6.021830e+00 3.158102e+00 
6.056490e+00 3.125593e+00 
6.091160e+00 3.093515e+00 
6.125830e+00 3.061916e+00 
6.161090e+00 3.030235e+00 
6.195760e+00 2.999498e+00 
6.230420e+00 2.969221e+00 
6.265690e+00 2.938861e+00 
6.300950e+00 2.908878e+00 
6.335620e+00 2.879827e+00 
6.370880e+00 2.850710e+00 
6.405550e+00 2.822457e+00 
6.440220e+00 2.794593e+00 
6.475480e+00 2.766660e+00 
6.510150e+00 2.739571e+00 
6.544810e+00 2.712839e+00 
6.580080e+00 2.686020e+00 
6.614750e+00 2.660028e+00 
6.649410e+00 2.634376e+00 
6.684080e+00 2.609065e+00 
6.719340e+00 2.583679e+00 
6.754010e+00 2.559054e+00 
6.788680e+00 2.534745e+00 
6.823940e+00 2.510360e+00 
6.859800e+00 2.485903e+00 
6.894470e+00 2.462568e+00 
6.929140e+00 2.439541e+00 
6.963800e+00 2.416826e+00 
6.999070e+00 2.394020e+00 
7.033730e+00 2.371907e+00 
7.068400e+00 2.350078e+00 
7.103660e+00 2.328169e+00 
7.138330e+00 2.306910e+00 
7.173600e+00 2.285565e+00 
7.208260e+00 2.264861e+00 
7.243530e+00 2.244066e+00 
7.277600e+00 2.224236e+00 
7.312860e+00 2.203977e+00 
7.348120e+00 2.183978e+00 
7.382790e+00 2.164564e+00 
7.417460e+00 2.145400e+00 
7.452720e+00 2.126159e+00 
7.487390e+00 2.107477e+00 
7.522650e+00 2.088715e+00 
7.557320e+00 2.070520e+00 
7.591990e+00 2.052558e+00 
7.627250e+00 2.034516e+00 
7.662510e+00 2.016696e+00 
7.697180e+00 1.999408e+00 
7.731850e+00 1.982335e+00 
7.766510e+00 1.965472e+00 
7.801180e+00 1.948806e+00 
7.836440e+00 1.932075e+00 
7.871110e+00 1.915831e+00 
7.906380e+00 1.899502e+00 
7.941040e+00 1.883646e+00 
7.976310e+00 1.867715e+00 
8.011570e+00 1.851993e+00 
8.046240e+00 1.836715e+00 
8.080900e+00 1.821618e+00 
8.115570e+00 1.806701e+00 
8.150830e+00 1.791745e+00 
8.185500e+00 1.777208e+00 
8.220770e+00 1.762589e+00 
8.255430e+00 1.748388e+00 
8.290100e+00 1.734370e+00 
8.324770e+00 1.720514e+00 
8.359430e+00 1.706817e+00 
8.394700e+00 1.693035e+00 
8.429960e+00 1.679435e+00 
8.464630e+00 1.666233e+00 
8.499890e+00 1.652956e+00 
8.534560e+00 1.640046e+00 
8.569200e+00 1.627288e+00 
