# Parameters:
# omega_b = 0.023406, omega_m = 0.124685, n_s = 1.034252, h = 59.724409, w = -1.000000, sigma_8 = 0.865354
# z = 1.700000
#
# k[1/Mpc] # P(k):
8.694000e-04 4.729274e+03 
2.077466e-03 1.060261e+04 
3.285532e-03 1.530289e+04 
4.493598e-03 1.894695e+04 
5.701664e-03 2.164484e+04 
6.909730e-03 2.353629e+04 
8.117797e-03 2.479214e+04 
9.325863e-03 2.550022e+04 
1.053393e-02 2.575042e+04 
1.174199e-02 2.562753e+04 
1.295006e-02 2.518665e+04 
1.415813e-02 2.450345e+04 
1.536619e-02 2.364546e+04 
1.657426e-02 2.266056e+04 
1.778233e-02 2.158996e+04 
1.899039e-02 2.049266e+04 
2.019846e-02 1.940103e+04 
2.140652e-02 1.834273e+04 
2.261459e-02 1.733338e+04 
2.382266e-02 1.638993e+04 
2.503072e-02 1.552285e+04 
2.623879e-02 1.473501e+04 
2.744685e-02 1.402795e+04 
2.865492e-02 1.339977e+04 
2.986299e-02 1.284519e+04 
3.100100e-02 1.238833e+04 
3.220400e-02 1.196706e+04 
3.288100e-02 1.175726e+04 
3.424300e-02 1.138410e+04 
3.555100e-02 1.107735e+04 
3.686000e-02 1.081255e+04 
3.795000e-02 1.061645e+04 
3.929100e-02 1.039887e+04 
4.039800e-02 1.023028e+04 
4.164000e-02 1.004721e+04 
4.294400e-02 9.850620e+03 
4.415000e-02 9.664859e+03 
4.542900e-02 9.451461e+03 
4.660900e-02 9.245137e+03 
4.782300e-02 9.009493e+03 
4.892900e-02 8.784281e+03 
5.031200e-02 8.484955e+03 
5.155900e-02 8.198946e+03 
5.238100e-02 8.005248e+03 
5.378200e-02 7.670260e+03 
5.513400e-02 7.345948e+03 
5.627600e-02 7.077638e+03 
5.735300e-02 6.834963e+03 
5.870100e-02 6.551247e+03 
5.988700e-02 6.324084e+03 
6.113500e-02 6.108382e+03 
6.225900e-02 5.934145e+03 
6.340100e-02 5.773545e+03 
6.480200e-02 5.593125e+03 
6.601100e-02 5.449929e+03 
6.725500e-02 5.311512e+03 
6.829100e-02 5.203212e+03 
6.958600e-02 5.075386e+03 
7.071100e-02 4.972570e+03 
7.192300e-02 4.870183e+03 
7.307400e-02 4.780929e+03 
7.412300e-02 4.706010e+03 
7.550400e-02 4.616527e+03 
7.663100e-02 4.549246e+03 
7.791200e-02 4.478868e+03 
7.912700e-02 4.415843e+03 
8.027600e-02 4.358136e+03 
8.138400e-02 4.303390e+03 
8.272200e-02 4.237280e+03 
8.406100e-02 4.169940e+03 
8.534100e-02 4.102408e+03 
8.653800e-02 4.035826e+03 
8.759800e-02 3.974837e+03 
8.900300e-02 3.890394e+03 
9.009000e-02 3.821816e+03 
9.113300e-02 3.753072e+03 
9.239600e-02 3.668346e+03 
9.358000e-02 3.586780e+03 
9.496100e-02 3.489190e+03 
9.608400e-02 3.409951e+03 
9.727500e-02 3.326697e+03 
9.852600e-02 3.239325e+03 
9.973800e-02 3.157219e+03 
1.009000e-01 3.080818e+03 
1.020900e-01 3.006176e+03 
1.034000e-01 2.927989e+03 
1.046000e-01 2.860099e+03 
1.057200e-01 2.801967e+03 
1.069100e-01 2.743353e+03 
1.082500e-01 2.683585e+03 
1.093900e-01 2.637139e+03 
1.105400e-01 2.593205e+03 
1.116900e-01 2.554366e+03 
1.129600e-01 2.513916e+03 
1.142000e-01 2.478682e+03 
1.153300e-01 2.448359e+03 
1.166400e-01 2.415617e+03 
1.177800e-01 2.388563e+03 
1.190000e-01 2.360646e+03 
1.201200e-01 2.335234e+03 
1.213400e-01 2.308135e+03 
1.227100e-01 2.276596e+03 
1.238900e-01 2.249548e+03 
1.250700e-01 2.221219e+03 
1.263200e-01 2.191054e+03 
1.275500e-01 2.160163e+03 
1.287500e-01 2.129739e+03 
1.299900e-01 2.097469e+03 
1.311300e-01 2.067688e+03 
1.323500e-01 2.035348e+03 
1.335900e-01 2.002713e+03 
1.347100e-01 1.973189e+03 
1.359800e-01 1.940260e+03 
1.372100e-01 1.908690e+03 
1.384300e-01 1.878102e+03 
1.395700e-01 1.850144e+03 
1.407700e-01 1.821400e+03 
1.420300e-01 1.792319e+03 
1.432800e-01 1.764134e+03 
1.444500e-01 1.739056e+03 
1.456300e-01 1.714295e+03 
1.468900e-01 1.689107e+03 
1.480500e-01 1.666610e+03 
1.491700e-01 1.645679e+03 
1.503800e-01 1.623978e+03 
1.516400e-01 1.601996e+03 
1.528200e-01 1.582465e+03 
1.540200e-01 1.562991e+03 
1.551900e-01 1.544826e+03 
1.564300e-01 1.526057e+03 
1.576600e-01 1.507967e+03 
1.588700e-01 1.490709e+03 
1.600900e-01 1.473642e+03 
1.612700e-01 1.457532e+03 
1.625400e-01 1.440518e+03 
1.637600e-01 1.424396e+03 
1.649500e-01 1.408906e+03 
1.662200e-01 1.392630e+03 
1.674000e-01 1.377506e+03 
1.685000e-01 1.363648e+03 
1.697500e-01 1.347955e+03 
1.710300e-01 1.331968e+03 
1.722200e-01 1.317374e+03 
1.734400e-01 1.302254e+03 
1.746400e-01 1.287627e+03 
1.758700e-01 1.272789e+03 
1.770900e-01 1.258107e+03 
1.782700e-01 1.244152e+03 
1.794600e-01 1.230198e+03 
1.807000e-01 1.215830e+03 
1.819100e-01 1.202052e+03 
1.830100e-01 1.189713e+03 
1.842200e-01 1.176357e+03 
1.855000e-01 1.162479e+03 
1.867000e-01 1.149818e+03 
1.879200e-01 1.137159e+03 
1.890900e-01 1.125252e+03 
1.902800e-01 1.113518e+03 
1.915200e-01 1.101489e+03 
1.926900e-01 1.090386e+03 
1.939000e-01 1.079294e+03 
1.951700e-01 1.067841e+03 
1.963100e-01 1.057790e+03 
1.975100e-01 1.047552e+03 
1.987800e-01 1.036887e+03 
2.000100e-01 1.026782e+03 
2.012500e-01 1.016896e+03 
2.023400e-01 1.008332e+03 
2.036100e-01 9.985220e+02 
2.048900e-01 9.888809e+02 
2.060400e-01 9.803474e+02 
2.072200e-01 9.717174e+02 
2.084200e-01 9.630953e+02 
2.096900e-01 9.541052e+02 
2.109200e-01 9.455279e+02 
2.121100e-01 9.372988e+02 
2.132700e-01 9.293858e+02 
2.145200e-01 9.209793e+02 
2.157200e-01 9.129561e+02 
2.168800e-01 9.052752e+02 
2.180700e-01 8.975028e+02 
2.193400e-01 8.892746e+02 
2.206000e-01 8.811354e+02 
2.217500e-01 8.738093e+02 
2.229500e-01 8.662667e+02 
2.241400e-01 8.587397e+02 
2.253500e-01 8.511862e+02 
2.264900e-01 8.441639e+02 
2.277100e-01 8.366767e+02 
2.289900e-01 8.288519e+02 
2.301500e-01 8.218571e+02 
2.313600e-01 8.146557e+02 
2.325600e-01 8.074820e+02 
2.337700e-01 8.003449e+02 
2.350000e-01 7.931871e+02 
2.362000e-01 7.862517e+02 
2.374100e-01 7.792973e+02 
2.386500e-01 7.722655e+02 
2.399100e-01 7.652171e+02 
2.410400e-01 7.589351e+02 
2.422500e-01 7.522877e+02 
2.435000e-01 7.455110e+02 
2.447300e-01 7.389300e+02 
2.458700e-01 7.329033e+02 
2.470600e-01 7.266898e+02 
2.483300e-01 7.201443e+02 
2.495600e-01 7.139056e+02 
2.507600e-01 7.079201e+02 
2.519600e-01 7.020089e+02 
2.532200e-01 6.958808e+02 
2.543700e-01 6.904032e+02 
2.555500e-01 6.848809e+02 
2.568000e-01 6.791029e+02 
2.580100e-01 6.735790e+02 
2.592400e-01 6.681022e+02 
2.604100e-01 6.629853e+02 
2.616100e-01 6.577985e+02 
2.628400e-01 6.525455e+02 
2.640600e-01 6.474774e+02 
2.652200e-01 6.427455e+02 
2.664300e-01 6.378660e+02 
2.676500e-01 6.330035e+02 
2.688400e-01 6.283740e+02 
2.700700e-01 6.236804e+02 
2.712400e-01 6.192662e+02 
2.724800e-01 6.146407e+02 
2.736700e-01 6.102924e+02 
2.748800e-01 6.059616e+02 
2.761000e-01 6.016439e+02 
2.773200e-01 5.973744e+02 
2.785400e-01 5.931706e+02 
2.797000e-01 5.892545e+02 
2.808900e-01 5.852798e+02 
2.821400e-01 5.811503e+02 
2.833900e-01 5.770684e+02 
2.845500e-01 5.733540e+02 
2.857800e-01 5.694569e+02 
2.870300e-01 5.655398e+02 
2.882100e-01 5.618814e+02 
2.893900e-01 5.582764e+02 
2.906300e-01 5.545364e+02 
2.918900e-01 5.507771e+02 
2.930500e-01 5.473522e+02 
2.942500e-01 5.438475e+02 
2.954200e-01 5.404731e+02 
2.966500e-01 5.369618e+02 
2.978900e-01 5.334589e+02 
2.990400e-01 5.302431e+02 
3.002700e-01 5.268415e+02 
3.015100e-01 5.234494e+02 
3.026800e-01 5.202810e+02 
3.038500e-01 5.171433e+02 
3.050300e-01 5.140096e+02 
3.062600e-01 5.107771e+02 
3.075000e-01 5.075512e+02 
3.087000e-01 5.044606e+02 
3.099100e-01 5.013747e+02 
3.111200e-01 4.983199e+02 
3.123100e-01 4.953460e+02 
3.135300e-01 4.923267e+02 
3.147300e-01 4.893856e+02 
3.159900e-01 4.863279e+02 
3.171800e-01 4.834696e+02 
3.183700e-01 4.806393e+02 
3.196300e-01 4.776715e+02 
3.208400e-01 4.748491e+02 
3.220300e-01 4.720994e+02 
3.232000e-01 4.694237e+02 
3.244300e-01 4.666381e+02 
3.256700e-01 4.638567e+02 
3.269200e-01 4.610797e+02 
3.280800e-01 4.585266e+02 
3.292500e-01 4.559796e+02 
3.304800e-01 4.533280e+02 
3.317100e-01 4.507012e+02 
3.328900e-01 4.482041e+02 
3.340700e-01 4.457293e+02 
3.353600e-01 4.430544e+02 
3.365300e-01 4.406528e+02 
3.377100e-01 4.382519e+02 
3.389200e-01 4.358118e+02 
3.401600e-01 4.333339e+02 
3.413700e-01 4.309440e+02 
3.425300e-01 4.286771e+02 
3.437700e-01 4.262752e+02 
3.449800e-01 4.239524e+02 
3.461800e-01 4.216689e+02 
3.473600e-01 4.194460e+02 
3.485800e-01 4.171750e+02 
3.498100e-01 4.149055e+02 
3.510200e-01 4.126925e+02 
3.522000e-01 4.105528e+02 
3.533900e-01 4.084131e+02 
3.546400e-01 4.061959e+02 
3.558400e-01 4.040863e+02 
3.570600e-01 4.019599e+02 
3.582700e-01 3.998689e+02 
3.595000e-01 3.977614e+02 
3.607100e-01 3.957128e+02 
3.618900e-01 3.937371e+02 
3.631200e-01 3.916949e+02 
3.643200e-01 3.897191e+02 
3.655500e-01 3.877108e+02 
3.667300e-01 3.858000e+02 
3.679500e-01 3.838532e+02 
3.691900e-01 3.818909e+02 
3.703600e-01 3.800545e+02 
3.715700e-01 3.781706e+02 
3.727700e-01 3.763174e+02 
3.739900e-01 3.744528e+02 
3.752000e-01 3.726261e+02 
3.763900e-01 3.708440e+02 
3.775800e-01 3.690760e+02 
3.788200e-01 3.672484e+02 
3.800300e-01 3.654794e+02 
3.812100e-01 3.637747e+02 
3.824200e-01 3.620449e+02 
3.836100e-01 3.603569e+02 
3.848600e-01 3.585979e+02 
3.860400e-01 3.569505e+02 
3.872400e-01 3.552880e+02 
3.884600e-01 3.536193e+02 
3.896500e-01 3.520074e+02 
3.908700e-01 3.503676e+02 
3.920600e-01 3.487803e+02 
3.933100e-01 3.471259e+02 
3.945300e-01 3.455239e+02 
3.957200e-01 3.439823e+02 
3.969300e-01 3.424293e+02 
3.981700e-01 3.408500e+02 
3.993500e-01 3.393584e+02 
4.094840e-01 3.270297e+02 
4.272360e-01 3.074228e+02 
4.454600e-01 2.894941e+02 
4.630560e-01 2.739736e+02 
4.804610e-01 2.600965e+02 
4.980690e-01 2.473477e+02 
5.159230e-01 2.355593e+02 
5.317440e-01 2.259613e+02 
5.489640e-01 2.163099e+02 
5.671990e-01 2.069069e+02 
5.838690e-01 1.989617e+02 
6.018840e-01 1.910152e+02 
6.202330e-01 1.835355e+02 
6.379250e-01 1.768399e+02 
6.545410e-01 1.709888e+02 
6.714560e-01 1.654186e+02 
6.892080e-01 1.599534e+02 
7.066010e-01 1.549566e+02 
7.240540e-01 1.502484e+02 
7.420450e-01 1.457088e+02 
7.593780e-01 1.416022e+02 
7.764720e-01 1.377848e+02 
7.942840e-01 1.340343e+02 
8.116170e-01 1.305934e+02 
8.288310e-01 1.273595e+02 
8.462240e-01 1.242647e+02 
8.631980e-01 1.213961e+02 
8.810700e-01 1.185255e+02 
8.989410e-01 1.157962e+02 
9.166330e-01 1.132230e+02 
9.345640e-01 1.107416e+02 
9.515980e-01 1.084877e+02 
9.688720e-01 1.062958e+02 
9.865640e-01 1.041479e+02 
1.031870e+00 9.902685e+01 
1.063490e+00 9.574552e+01 
1.097920e+00 9.241531e+01 
1.134370e+00 8.912255e+01 
1.167730e+00 8.630278e+01 
1.203830e+00 8.342892e+01 
1.240470e+00 8.068876e+01 
1.275790e+00 7.819668e+01 
1.309140e+00 7.597032e+01 
1.342970e+00 7.381044e+01 
1.378420e+00 7.166394e+01 
1.413200e+00 6.965781e+01 
1.448110e+00 6.773594e+01 
1.484090e+00 6.584395e+01 
1.518820e+00 6.409814e+01 
1.552880e+00 6.245558e+01 
1.588630e+00 6.080215e+01 
1.623230e+00 5.926633e+01 
1.657720e+00 5.779517e+01 
1.692450e+00 5.637069e+01 
1.726400e+00 5.502902e+01 
1.762200e+00 5.366398e+01 
1.797880e+00 5.235373e+01 
1.833270e+00 5.110236e+01 
1.869070e+00 4.988084e+01 
1.903200e+00 4.875484e+01 
1.937740e+00 4.765435e+01 
1.973190e+00 4.656276e+01 
2.007440e+00 4.554303e+01 
2.042160e+00 4.454045e+01 
2.077900e+00 4.354114e+01 
2.112390e+00 4.260949e+01 
2.146220e+00 4.172057e+01 
2.181600e+00 4.081996e+01 
2.216930e+00 3.994673e+01 
2.250760e+00 3.913594e+01 
2.286500e+00 3.830538e+01 
2.321770e+00 3.750986e+01 
2.355950e+00 3.676063e+01 
2.391280e+00 3.600616e+01 
2.426240e+00 3.528061e+01 
2.460670e+00 3.458680e+01 
2.495640e+00 3.390291e+01 
2.531080e+00 3.322688e+01 
2.566220e+00 3.257378e+01 
2.600830e+00 3.194812e+01 
2.635080e+00 3.134603e+01 
2.670340e+00 3.074162e+01 
2.705970e+00 3.014674e+01 
2.740040e+00 2.959278e+01 
2.774520e+00 2.904563e+01 
2.809730e+00 2.850020e+01 
2.844390e+00 2.797749e+01 
2.879960e+00 2.745494e+01 
2.914860e+00 2.695404e+01 
2.949410e+00 2.647071e+01 
2.984440e+00 2.599153e+01 
3.019760e+00 2.552008e+01 
3.054730e+00 2.506527e+01 
3.089030e+00 2.462841e+01 
3.124060e+00 2.419358e+01 
3.159560e+00 2.376363e+01 
3.194710e+00 2.334716e+01 
3.229010e+00 2.295080e+01 
3.263320e+00 2.256159e+01 
3.297930e+00 2.217854e+01 
3.332830e+00 2.180077e+01 
3.368040e+00 2.142839e+01 
3.403300e+00 2.106435e+01 
3.438450e+00 2.070885e+01 
3.473060e+00 2.036731e+01 
3.508440e+00 2.002439e+01 
3.543110e+00 1.969661e+01 
3.577470e+00 1.937854e+01 
3.613040e+00 1.905675e+01 
3.648120e+00 1.874529e+01 
3.682910e+00 1.844356e+01 
3.718050e+00 1.814543e+01 
3.753320e+00 1.785251e+01 
3.787980e+00 1.757019e+01 
3.822290e+00 1.729676e+01 
3.857020e+00 1.702566e+01 
3.891920e+00 1.675900e+01 
3.926650e+00 1.649873e+01 
3.961970e+00 1.623981e+01 
3.997360e+00 1.598556e+01 
4.031670e+00 1.574440e+01 
4.066330e+00 1.550516e+01 
4.101420e+00 1.526831e+01 
4.136200e+00 1.503758e+01 
4.170810e+00 1.481301e+01 
4.206250e+00 1.458735e+01 
4.241580e+00 1.436721e+01 
4.276300e+00 1.415498e+01 
4.310970e+00 1.394726e+01 
4.346120e+00 1.374080e+01 
4.380600e+00 1.354200e+01 
4.414730e+00 1.334926e+01 
4.450350e+00 1.315159e+01 
4.485320e+00 1.296160e+01 
4.519810e+00 1.277774e+01 
4.555430e+00 1.259162e+01 
4.590870e+00 1.241000e+01 
4.625480e+00 1.223566e+01 
4.659910e+00 1.206566e+01 
4.695230e+00 1.189456e+01 
4.729960e+00 1.172963e+01 
4.764450e+00 1.156891e+01 
4.799530e+00 1.140844e+01 
4.834910e+00 1.124977e+01 
4.869700e+00 1.109635e+01 
4.904370e+00 1.094631e+01 
4.939450e+00 1.079734e+01 
4.973940e+00 1.065354e+01 
5.008430e+00 1.051240e+01 
5.043810e+00 1.037015e+01 
5.078840e+00 1.023183e+01 
5.113500e+00 1.009750e+01 
5.148890e+00 9.962811e+00 
5.184210e+00 9.830871e+00 
5.219060e+00 9.703034e+00 
5.253660e+00 9.578316e+00 
5.288570e+00 9.454728e+00 
5.323420e+00 9.333456e+00 
5.358440e+00 9.213651e+00 
5.393590e+00 9.095533e+00 
5.428310e+00 8.981016e+00 
5.462800e+00 8.869280e+00 
5.497640e+00 8.758354e+00 
5.532670e+00 8.648751e+00 
5.567280e+00 8.542315e+00 
5.602000e+00 8.437348e+00 
5.637270e+00 8.332527e+00 
5.672410e+00 8.229868e+00 
5.707020e+00 8.130450e+00 
5.742040e+00 8.031663e+00 
5.777430e+00 7.933529e+00 
5.812210e+00 7.838684e+00 
5.846820e+00 7.745852e+00 
5.881610e+00 7.654053e+00 
5.916510e+00 7.563456e+00 
5.951600e+00 7.473946e+00 
5.986560e+00 7.386252e+00 
6.021830e+00 7.299201e+00 
6.056490e+00 7.215104e+00 
6.091160e+00 7.132377e+00 
6.125830e+00 7.050942e+00 
6.161090e+00 6.969450e+00 
6.195760e+00 6.890641e+00 
6.230420e+00 6.813065e+00 
6.265690e+00 6.735351e+00 
6.300950e+00 6.659094e+00 
6.335620e+00 6.585256e+00 
6.370880e+00 6.511301e+00 
6.405550e+00 6.439763e+00 
6.440220e+00 6.369323e+00 
6.475480e+00 6.298756e+00 
6.510150e+00 6.230467e+00 
6.544810e+00 6.163351e+00 
6.580080e+00 6.096058e+00 
6.614750e+00 6.030879e+00 
6.649410e+00 5.966778e+00 
6.684080e+00 5.903603e+00 
6.719340e+00 5.840281e+00 
6.754010e+00 5.778992e+00 
6.788680e+00 5.718754e+00 
6.823940e+00 5.658362e+00 
6.859800e+00 5.597826e+00 
6.894470e+00 5.540278e+00 
6.929140e+00 5.483583e+00 
6.963800e+00 5.427688e+00 
6.999070e+00 5.371609e+00 
7.033730e+00 5.317426e+00 
7.068400e+00 5.263965e+00 
7.103660e+00 5.210339e+00 
7.138330e+00 5.158382e+00 
7.173600e+00 5.106355e+00 
7.208260e+00 5.055917e+00 
7.243530e+00 5.005281e+00 
7.277600e+00 4.957122e+00 
7.312860e+00 4.908036e+00 
7.348120e+00 4.859606e+00 
7.382790e+00 4.812614e+00 
7.417460e+00 4.766382e+00 
7.452720e+00 4.720055e+00 
7.487390e+00 4.675095e+00 
7.522650e+00 4.629961e+00 
7.557320e+00 4.586269e+00 
7.591990e+00 4.543174e+00 
7.627250e+00 4.499905e+00 
7.662510e+00 4.457191e+00 
7.697180e+00 4.415881e+00 
7.731850e+00 4.375147e+00 
7.766510e+00 4.334932e+00 
7.801180e+00 4.295203e+00 
7.836440e+00 4.255399e+00 
7.871110e+00 4.216809e+00 
7.906380e+00 4.178034e+00 
7.941040e+00 4.140397e+00 
7.976310e+00 4.102646e+00 
8.011570e+00 4.065464e+00 
8.046240e+00 4.029346e+00 
8.080900e+00 3.993671e+00 
8.115570e+00 3.958446e+00 
8.150830e+00 3.923185e+00 
8.185500e+00 3.888928e+00 
8.220770e+00 3.854491e+00 
8.255430e+00 3.821049e+00 
8.290100e+00 3.788163e+00 
8.324770e+00 3.755680e+00 
8.359430e+00 3.723581e+00 
8.394700e+00 3.691296e+00 
8.429960e+00 3.659473e+00 
8.464630e+00 3.628619e+00 
8.499890e+00 3.597599e+00 
8.534560e+00 3.567447e+00 
8.569200e+00 3.537661e+00 
