# Parameters:
# omega_b = 0.021500, omega_m = 0.126614, n_s = 0.903543, h = 72.480315, w = -1.000000, sigma_8 = 0.896850
# z = 1.700000
#
# k[1/Mpc] # P(k):
8.694000e-04 7.636319e+03 
2.077466e-03 1.525600e+04 
3.285532e-03 2.075098e+04 
4.493598e-03 2.467083e+04 
5.701664e-03 2.734655e+04 
6.909730e-03 2.903958e+04 
8.117797e-03 3.000100e+04 
9.325863e-03 3.036103e+04 
1.053393e-02 3.024094e+04 
1.174199e-02 2.974712e+04 
1.295006e-02 2.894691e+04 
1.415813e-02 2.792614e+04 
1.536619e-02 2.675603e+04 
1.657426e-02 2.548419e+04 
1.778233e-02 2.415266e+04 
1.899039e-02 2.282153e+04 
2.019846e-02 2.152201e+04 
2.140652e-02 2.027936e+04 
2.261459e-02 1.910700e+04 
2.382266e-02 1.801976e+04 
2.503072e-02 1.702629e+04 
2.623879e-02 1.612715e+04 
2.744685e-02 1.532178e+04 
2.865492e-02 1.460594e+04 
2.986299e-02 1.397224e+04 
3.100100e-02 1.344702e+04 
3.220400e-02 1.295840e+04 
3.288100e-02 1.271227e+04 
3.424300e-02 1.226834e+04 
3.555100e-02 1.189558e+04 
3.686000e-02 1.156550e+04 
3.795000e-02 1.131539e+04 
3.929100e-02 1.103076e+04 
4.039800e-02 1.080686e+04 
4.164000e-02 1.056252e+04 
4.294400e-02 1.030207e+04 
4.415000e-02 1.005950e+04 
4.542900e-02 9.788687e+03 
4.660900e-02 9.532845e+03 
4.782300e-02 9.251061e+03 
4.892900e-02 8.987901e+03 
5.031200e-02 8.647384e+03 
5.155900e-02 8.330701e+03 
5.238100e-02 8.119676e+03 
5.378200e-02 7.759291e+03 
5.513400e-02 7.413401e+03 
5.627600e-02 7.126559e+03 
5.735300e-02 6.863468e+03 
5.870100e-02 6.547068e+03 
5.988700e-02 6.283264e+03 
6.113500e-02 6.021595e+03 
6.225900e-02 5.801732e+03 
6.340100e-02 5.594520e+03 
6.480200e-02 5.361556e+03 
6.601100e-02 5.181759e+03 
6.725500e-02 5.015962e+03 
6.829100e-02 4.893583e+03 
6.958600e-02 4.756066e+03 
7.071100e-02 4.651264e+03 
7.192300e-02 4.550986e+03 
7.307400e-02 4.466362e+03 
7.412300e-02 4.396854e+03 
7.550400e-02 4.315241e+03 
7.663100e-02 4.254290e+03 
7.791200e-02 4.190350e+03 
7.912700e-02 4.132259e+03 
8.027600e-02 4.078124e+03 
8.138400e-02 4.025821e+03 
8.272200e-02 3.961246e+03 
8.406100e-02 3.893994e+03 
8.534100e-02 3.825048e+03 
8.653800e-02 3.756150e+03 
8.759800e-02 3.692654e+03 
8.900300e-02 3.604354e+03 
9.009000e-02 3.532550e+03 
9.113300e-02 3.460734e+03 
9.239600e-02 3.372501e+03 
9.358000e-02 3.288006e+03 
9.496100e-02 3.187752e+03 
9.608400e-02 3.106945e+03 
9.727500e-02 3.022550e+03 
9.852600e-02 2.935131e+03 
9.973800e-02 2.853610e+03 
1.009000e-01 2.778275e+03 
1.020900e-01 2.705832e+03 
1.034000e-01 2.630557e+03 
1.046000e-01 2.565812e+03 
1.057200e-01 2.511360e+03 
1.069100e-01 2.456839e+03 
1.082500e-01 2.402285e+03 
1.093900e-01 2.360527e+03 
1.105400e-01 2.321416e+03 
1.116900e-01 2.287648e+03 
1.129600e-01 2.252737e+03 
1.142000e-01 2.222917e+03 
1.153300e-01 2.197365e+03 
1.166400e-01 2.169955e+03 
1.177800e-01 2.147185e+03 
1.190000e-01 2.123633e+03 
1.201200e-01 2.101647e+03 
1.213400e-01 2.078107e+03 
1.227100e-01 2.049581e+03 
1.238900e-01 2.024869e+03 
1.250700e-01 1.998195e+03 
1.263200e-01 1.969508e+03 
1.275500e-01 1.939518e+03 
1.287500e-01 1.909735e+03 
1.299900e-01 1.877768e+03 
1.311300e-01 1.848147e+03 
1.323500e-01 1.815801e+03 
1.335900e-01 1.783155e+03 
1.347100e-01 1.753603e+03 
1.359800e-01 1.720720e+03 
1.372100e-01 1.689309e+03 
1.384300e-01 1.658991e+03 
1.395700e-01 1.631499e+03 
1.407700e-01 1.603300e+03 
1.420300e-01 1.575163e+03 
1.432800e-01 1.547918e+03 
1.444500e-01 1.524114e+03 
1.456300e-01 1.500627e+03 
1.468900e-01 1.477085e+03 
1.480500e-01 1.456170e+03 
1.491700e-01 1.436883e+03 
1.503800e-01 1.417104e+03 
1.516400e-01 1.397133e+03 
1.528200e-01 1.379655e+03 
1.540200e-01 1.362229e+03 
1.551900e-01 1.346155e+03 
1.564300e-01 1.329591e+03 
1.576600e-01 1.313677e+03 
1.588700e-01 1.298555e+03 
1.600900e-01 1.283602e+03 
1.612700e-01 1.269479e+03 
1.625400e-01 1.254566e+03 
1.637600e-01 1.240366e+03 
1.649500e-01 1.226684e+03 
1.662200e-01 1.212282e+03 
1.674000e-01 1.198746e+03 
1.685000e-01 1.186344e+03 
1.697500e-01 1.172199e+03 
1.710300e-01 1.157691e+03 
1.722200e-01 1.144450e+03 
1.734400e-01 1.130548e+03 
1.746400e-01 1.117097e+03 
1.758700e-01 1.103413e+03 
1.770900e-01 1.089793e+03 
1.782700e-01 1.076853e+03 
1.794600e-01 1.063881e+03 
1.807000e-01 1.050503e+03 
1.819100e-01 1.037681e+03 
1.830100e-01 1.026207e+03 
1.842200e-01 1.013793e+03 
1.855000e-01 1.000902e+03 
1.867000e-01 9.892012e+02 
1.879200e-01 9.775074e+02 
1.890900e-01 9.665261e+02 
1.902800e-01 9.557785e+02 
1.915200e-01 9.447655e+02 
1.926900e-01 9.346248e+02 
1.939000e-01 9.245670e+02 
1.951700e-01 9.141844e+02 
1.963100e-01 9.050946e+02 
1.975100e-01 8.958912e+02 
1.987800e-01 8.863064e+02 
2.000100e-01 8.772406e+02 
2.012500e-01 8.684032e+02 
2.023400e-01 8.607489e+02 
2.036100e-01 8.519860e+02 
2.048900e-01 8.433861e+02 
2.060400e-01 8.357755e+02 
2.072200e-01 8.280791e+02 
2.084200e-01 8.203804e+02 
2.096900e-01 8.123545e+02 
2.109200e-01 8.046985e+02 
2.121100e-01 7.973359e+02 
2.132700e-01 7.902565e+02 
2.145200e-01 7.827371e+02 
2.157200e-01 7.755524e+02 
2.168800e-01 7.686713e+02 
2.180700e-01 7.617097e+02 
2.193400e-01 7.543442e+02 
2.206000e-01 7.470652e+02 
2.217500e-01 7.405147e+02 
2.229500e-01 7.337722e+02 
2.241400e-01 7.270746e+02 
2.253500e-01 7.203557e+02 
2.264900e-01 7.141105e+02 
2.277100e-01 7.074810e+02 
2.289900e-01 7.005843e+02 
2.301500e-01 6.944203e+02 
2.313600e-01 6.880760e+02 
2.325600e-01 6.818285e+02 
2.337700e-01 6.756136e+02 
2.350000e-01 6.693817e+02 
2.362000e-01 6.633786e+02 
2.374100e-01 6.574001e+02 
2.386500e-01 6.513556e+02 
2.399100e-01 6.452974e+02 
2.410400e-01 6.399551e+02 
2.422500e-01 6.343095e+02 
2.435000e-01 6.285543e+02 
2.447300e-01 6.229744e+02 
2.458700e-01 6.179012e+02 
2.470600e-01 6.126707e+02 
2.483300e-01 6.071607e+02 
2.495600e-01 6.019185e+02 
2.507600e-01 5.969021e+02 
2.519600e-01 5.919480e+02 
2.532200e-01 5.868118e+02 
2.543700e-01 5.822192e+02 
2.555500e-01 5.775878e+02 
2.568000e-01 5.727419e+02 
2.580100e-01 5.681090e+02 
2.592400e-01 5.634989e+02 
2.604100e-01 5.591844e+02 
2.616100e-01 5.548109e+02 
2.628400e-01 5.503817e+02 
2.640600e-01 5.460814e+02 
2.652200e-01 5.420559e+02 
2.664300e-01 5.379049e+02 
2.676500e-01 5.337685e+02 
2.688400e-01 5.298048e+02 
2.700700e-01 5.257703e+02 
2.712400e-01 5.219762e+02 
2.724800e-01 5.180007e+02 
2.736700e-01 5.142445e+02 
2.748800e-01 5.104838e+02 
2.761000e-01 5.067347e+02 
2.773200e-01 5.030279e+02 
2.785400e-01 4.993686e+02 
2.797000e-01 4.959394e+02 
2.808900e-01 4.924592e+02 
2.821400e-01 4.888440e+02 
2.833900e-01 4.852700e+02 
2.845500e-01 4.819963e+02 
2.857800e-01 4.785622e+02 
2.870300e-01 4.751108e+02 
2.882100e-01 4.718878e+02 
2.893900e-01 4.687029e+02 
2.906300e-01 4.653940e+02 
2.918900e-01 4.620686e+02 
2.930500e-01 4.590395e+02 
2.942500e-01 4.559386e+02 
2.954200e-01 4.529479e+02 
2.966500e-01 4.498365e+02 
2.978900e-01 4.467330e+02 
2.990400e-01 4.438843e+02 
3.002700e-01 4.408702e+02 
3.015100e-01 4.378643e+02 
3.026800e-01 4.350571e+02 
3.038500e-01 4.322775e+02 
3.050300e-01 4.295019e+02 
3.062600e-01 4.266401e+02 
3.075000e-01 4.237846e+02 
3.087000e-01 4.210493e+02 
3.099100e-01 4.183186e+02 
3.111200e-01 4.156171e+02 
3.123100e-01 4.129895e+02 
3.135300e-01 4.103222e+02 
3.147300e-01 4.077244e+02 
3.159900e-01 4.050240e+02 
3.171800e-01 4.025029e+02 
3.183700e-01 4.000085e+02 
3.196300e-01 3.973933e+02 
3.208400e-01 3.949067e+02 
3.220300e-01 3.924845e+02 
3.232000e-01 3.901305e+02 
3.244300e-01 3.876814e+02 
3.256700e-01 3.852364e+02 
3.269200e-01 3.827956e+02 
3.280800e-01 3.805519e+02 
3.292500e-01 3.783168e+02 
3.304800e-01 3.759911e+02 
3.317100e-01 3.736875e+02 
3.328900e-01 3.714981e+02 
3.340700e-01 3.693284e+02 
3.353600e-01 3.669861e+02 
3.365300e-01 3.648843e+02 
3.377100e-01 3.627834e+02 
3.389200e-01 3.606484e+02 
3.401600e-01 3.584807e+02 
3.413700e-01 3.563917e+02 
3.425300e-01 3.544113e+02 
3.437700e-01 3.523133e+02 
3.449800e-01 3.502846e+02 
3.461800e-01 3.482905e+02 
3.473600e-01 3.463498e+02 
3.485800e-01 3.443684e+02 
3.498100e-01 3.423885e+02 
3.510200e-01 3.404581e+02 
3.522000e-01 3.385919e+02 
3.533900e-01 3.367259e+02 
3.546400e-01 3.347930e+02 
3.558400e-01 3.329541e+02 
3.570600e-01 3.311008e+02 
3.582700e-01 3.292786e+02 
3.595000e-01 3.274422e+02 
3.607100e-01 3.256570e+02 
3.618900e-01 3.239352e+02 
3.631200e-01 3.221556e+02 
3.643200e-01 3.204341e+02 
3.655500e-01 3.186846e+02 
3.667300e-01 3.170201e+02 
3.679500e-01 3.153236e+02 
3.691900e-01 3.136140e+02 
3.703600e-01 3.120141e+02 
3.715700e-01 3.103731e+02 
3.727700e-01 3.087589e+02 
3.739900e-01 3.071344e+02 
3.752000e-01 3.055419e+02 
3.763900e-01 3.039884e+02 
3.775800e-01 3.024473e+02 
3.788200e-01 3.008546e+02 
3.800300e-01 2.993131e+02 
3.812100e-01 2.978267e+02 
3.824200e-01 2.963180e+02 
3.836100e-01 2.948460e+02 
3.848600e-01 2.933122e+02 
3.860400e-01 2.918759e+02 
3.872400e-01 2.904266e+02 
3.884600e-01 2.889707e+02 
3.896500e-01 2.875640e+02 
3.908700e-01 2.861330e+02 
3.920600e-01 2.847481e+02 
3.933100e-01 2.833048e+02 
3.945300e-01 2.819073e+02 
3.957200e-01 2.805609e+02 
3.969300e-01 2.792042e+02 
3.981700e-01 2.778246e+02 
3.993500e-01 2.765218e+02 
4.094840e-01 2.657556e+02 
4.272360e-01 2.486172e+02 
4.454600e-01 2.329639e+02 
4.630560e-01 2.194458e+02 
4.804610e-01 2.074053e+02 
4.980690e-01 1.963953e+02 
5.159230e-01 1.862705e+02 
5.317440e-01 1.780683e+02 
5.489640e-01 1.698665e+02 
5.671990e-01 1.619188e+02 
5.838690e-01 1.552335e+02 
6.018840e-01 1.485734e+02 
6.202330e-01 1.423302e+02 
6.379250e-01 1.367579e+02 
6.545410e-01 1.319025e+02 
6.714560e-01 1.272881e+02 
6.892080e-01 1.227702e+02 
7.066010e-01 1.186445e+02 
7.240540e-01 1.147638e+02 
7.420450e-01 1.110250e+02 
7.593780e-01 1.076461e+02 
7.764720e-01 1.045081e+02 
7.942840e-01 1.014276e+02 
8.116170e-01 9.860322e+01 
8.288310e-01 9.595148e+01 
8.462240e-01 9.341532e+01 
8.631980e-01 9.106722e+01 
8.810700e-01 8.871991e+01 
8.989410e-01 8.649083e+01 
9.166330e-01 8.439202e+01 
9.345640e-01 8.237003e+01 
9.515980e-01 8.053610e+01 
9.688720e-01 7.875603e+01 
9.865640e-01 7.701426e+01 
1.031870e+00 7.287569e+01 
1.063490e+00 7.023578e+01 
1.097920e+00 6.756617e+01 
1.134370e+00 6.493941e+01 
1.167730e+00 6.269973e+01 
1.203830e+00 6.042988e+01 
1.240470e+00 5.827556e+01 
1.275790e+00 5.632677e+01 
1.309140e+00 5.459287e+01 
1.342970e+00 5.292169e+01 
1.378420e+00 5.126705e+01 
1.413200e+00 4.972852e+01 
1.448110e+00 4.826152e+01 
1.484090e+00 4.682372e+01 
1.518820e+00 4.550313e+01 
1.552880e+00 4.426645e+01 
1.588630e+00 4.302658e+01 
1.623230e+00 4.187961e+01 
1.657720e+00 4.078498e+01 
1.692450e+00 3.972908e+01 
1.726400e+00 3.873837e+01 
1.762200e+00 3.773415e+01 
1.797880e+00 3.677363e+01 
1.833270e+00 3.585904e+01 
1.869070e+00 3.496927e+01 
1.903200e+00 3.415178e+01 
1.937740e+00 3.335486e+01 
1.973190e+00 3.256646e+01 
2.007440e+00 3.183189e+01 
2.042160e+00 3.111177e+01 
2.077900e+00 3.039580e+01 
2.112390e+00 2.972960e+01 
2.146220e+00 2.909574e+01 
2.181600e+00 2.845484e+01 
2.216930e+00 2.783488e+01 
2.250760e+00 2.726026e+01 
2.286500e+00 2.667264e+01 
2.321770e+00 2.611087e+01 
2.355950e+00 2.558272e+01 
2.391280e+00 2.505212e+01 
2.426240e+00 2.454263e+01 
2.460670e+00 2.405600e+01 
2.495640e+00 2.357684e+01 
2.531080e+00 2.310417e+01 
2.566220e+00 2.264822e+01 
2.600830e+00 2.221193e+01 
2.635080e+00 2.179251e+01 
2.670340e+00 2.137198e+01 
2.705970e+00 2.095857e+01 
2.740040e+00 2.057396e+01 
2.774520e+00 2.019454e+01 
2.809730e+00 1.981673e+01 
2.844390e+00 1.945489e+01 
2.879960e+00 1.909341e+01 
2.914860e+00 1.874729e+01 
2.949410e+00 1.841351e+01 
2.984440e+00 1.808294e+01 
3.019760e+00 1.775793e+01 
3.054730e+00 1.744452e+01 
3.089030e+00 1.714374e+01 
3.124060e+00 1.684442e+01 
3.159560e+00 1.654857e+01 
3.194710e+00 1.626223e+01 
3.229010e+00 1.598978e+01 
3.263320e+00 1.572243e+01 
3.297930e+00 1.545935e+01 
3.332830e+00 1.520003e+01 
3.368040e+00 1.494446e+01 
3.403300e+00 1.469463e+01 
3.438450e+00 1.445078e+01 
3.473060e+00 1.421653e+01 
3.508440e+00 1.398144e+01 
3.543110e+00 1.375670e+01 
3.577470e+00 1.353862e+01 
3.613040e+00 1.331801e+01 
3.648120e+00 1.310458e+01 
3.682910e+00 1.289779e+01 
3.718050e+00 1.269340e+01 
3.753320e+00 1.249263e+01 
3.787980e+00 1.229916e+01 
3.822290e+00 1.211176e+01 
3.857020e+00 1.192592e+01 
3.891920e+00 1.174311e+01 
3.926650e+00 1.156469e+01 
3.961970e+00 1.138716e+01 
3.997360e+00 1.121278e+01 
4.031670e+00 1.104736e+01 
4.066330e+00 1.088326e+01 
4.101420e+00 1.072076e+01 
4.136200e+00 1.056241e+01 
4.170810e+00 1.040825e+01 
4.206250e+00 1.025331e+01 
4.241580e+00 1.010213e+01 
4.276300e+00 9.956332e+00 
4.310970e+00 9.813592e+00 
4.346120e+00 9.671694e+00 
4.380600e+00 9.535024e+00 
4.414730e+00 9.402490e+00 
4.450350e+00 9.266501e+00 
4.485320e+00 9.135760e+00 
4.519810e+00 9.009174e+00 
4.555430e+00 8.880983e+00 
4.590870e+00 8.755863e+00 
4.625480e+00 8.635742e+00 
4.659910e+00 8.518591e+00 
4.695230e+00 8.400575e+00 
4.729960e+00 8.286781e+00 
4.764450e+00 8.175855e+00 
4.799530e+00 8.065043e+00 
4.834910e+00 7.955449e+00 
4.869700e+00 7.849429e+00 
4.904370e+00 7.745717e+00 
4.939450e+00 7.642711e+00 
4.973940e+00 7.543212e+00 
5.008430e+00 7.445544e+00 
5.043810e+00 7.347053e+00 
5.078840e+00 7.251254e+00 
5.113500e+00 7.158199e+00 
5.148890e+00 7.064804e+00 
5.184210e+00 6.973297e+00 
5.219060e+00 6.884607e+00 
5.253660e+00 6.798031e+00 
5.288570e+00 6.712225e+00 
5.323420e+00 6.627994e+00 
5.358440e+00 6.544746e+00 
5.393590e+00 6.462656e+00 
5.428310e+00 6.383002e+00 
5.462800e+00 6.305241e+00 
5.497640e+00 6.228030e+00 
5.532670e+00 6.151691e+00 
5.567280e+00 6.077534e+00 
5.602000e+00 6.004390e+00 
5.637270e+00 5.931299e+00 
5.672410e+00 5.859695e+00 
5.707020e+00 5.790342e+00 
5.742040e+00 5.721369e+00 
5.777430e+00 5.652831e+00 
5.812210e+00 5.586581e+00 
5.846820e+00 5.521698e+00 
5.881610e+00 5.457521e+00 
5.916510e+00 5.394175e+00 
5.951600e+00 5.331542e+00 
5.986560e+00 5.270154e+00 
6.021830e+00 5.209209e+00 
6.056490e+00 5.150302e+00 
6.091160e+00 5.092329e+00 
6.125830e+00 5.035254e+00 
6.161090e+00 4.978119e+00 
6.195760e+00 4.922833e+00 
6.230420e+00 4.868406e+00 
6.265690e+00 4.813872e+00 
6.300950e+00 4.760315e+00 
6.335620e+00 4.708452e+00 
6.370880e+00 4.656500e+00 
6.405550e+00 4.606220e+00 
6.440220e+00 4.556699e+00 
6.475480e+00 4.507083e+00 
6.510150e+00 4.459052e+00 
6.544810e+00 4.411816e+00 
6.580080e+00 4.364450e+00 
6.614750e+00 4.318568e+00 
6.649410e+00 4.273422e+00 
6.684080e+00 4.228920e+00 
6.719340e+00 4.184310e+00 
6.754010e+00 4.141116e+00 
6.788680e+00 4.098635e+00 
6.823940e+00 4.056041e+00 
6.859800e+00 4.013340e+00 
6.894470e+00 3.972732e+00 
6.929140e+00 3.932717e+00 
6.963800e+00 3.893262e+00 
6.999070e+00 3.853674e+00 
7.033730e+00 3.815404e+00 
7.068400e+00 3.777641e+00 
7.103660e+00 3.739757e+00 
7.138330e+00 3.703044e+00 
7.173600e+00 3.666267e+00 
7.208260e+00 3.630610e+00 
7.243530e+00 3.594810e+00 
7.277600e+00 3.560753e+00 
7.312860e+00 3.526031e+00 
7.348120e+00 3.491770e+00 
7.382790e+00 3.458524e+00 
7.417460e+00 3.425802e+00 
7.452720e+00 3.393003e+00 
7.487390e+00 3.361170e+00 
7.522650e+00 3.329211e+00 
7.557320e+00 3.298269e+00 
7.591990e+00 3.267747e+00 
7.627250e+00 3.237100e+00 
7.662510e+00 3.206843e+00 
7.697180e+00 3.177570e+00 
7.731850e+00 3.148701e+00 
7.766510e+00 3.120196e+00 
7.801180e+00 3.092033e+00 
7.836440e+00 3.063815e+00 
7.871110e+00 3.036453e+00 
7.906380e+00 3.008958e+00 
7.941040e+00 2.982269e+00 
7.976310e+00 2.955493e+00 
8.011570e+00 2.929117e+00 
8.046240e+00 2.903495e+00 
8.080900e+00 2.878183e+00 
8.115570e+00 2.853190e+00 
8.150830e+00 2.828171e+00 
8.185500e+00 2.803862e+00 
8.220770e+00 2.779423e+00 
8.255430e+00 2.755688e+00 
8.290100e+00 2.732344e+00 
8.324770e+00 2.709283e+00 
8.359430e+00 2.686493e+00 
8.394700e+00 2.663570e+00 
8.429960e+00 2.640974e+00 
8.464630e+00 2.619066e+00 
8.499890e+00 2.597039e+00 
8.534560e+00 2.575626e+00 
8.569200e+00 2.554470e+00 
