# Parameters:
# omega_b = 0.022854, omega_m = 0.121929, n_s = 1.043701, h = 78.385827, w = -1.000000, sigma_8 = 0.726772
# z = 1.700000
#
# k[1/Mpc] # P(k):
8.694000e-04 2.913318e+03 
2.077466e-03 6.555595e+03 
3.285532e-03 9.469114e+03 
4.493598e-03 1.171018e+04 
5.701664e-03 1.335686e+04 
6.909730e-03 1.449922e+04 
8.117797e-03 1.524527e+04 
9.325863e-03 1.565164e+04 
1.053393e-02 1.577616e+04 
1.174199e-02 1.567287e+04 
1.295006e-02 1.537736e+04 
1.415813e-02 1.493739e+04 
1.536619e-02 1.439383e+04 
1.657426e-02 1.377504e+04 
1.778233e-02 1.310710e+04 
1.899039e-02 1.242650e+04 
2.019846e-02 1.175314e+04 
2.140652e-02 1.110342e+04 
2.261459e-02 1.048678e+04 
2.382266e-02 9.913388e+03 
2.503072e-02 9.389230e+03 
2.623879e-02 8.915606e+03 
2.744685e-02 8.493312e+03 
2.865492e-02 8.120245e+03 
2.986299e-02 7.792638e+03 
3.100100e-02 7.524271e+03 
3.220400e-02 7.277913e+03 
3.288100e-02 7.155612e+03 
3.424300e-02 6.938311e+03 
3.555100e-02 6.759333e+03 
3.686000e-02 6.603856e+03 
3.795000e-02 6.487593e+03 
3.929100e-02 6.356316e+03 
4.039800e-02 6.252617e+03 
4.164000e-02 6.138067e+03 
4.294400e-02 6.012310e+03 
4.415000e-02 5.892207e+03 
4.542900e-02 5.753013e+03 
4.660900e-02 5.618131e+03 
4.782300e-02 5.464445e+03 
4.892900e-02 5.318029e+03 
5.031200e-02 5.124553e+03 
5.155900e-02 4.941231e+03 
5.238100e-02 4.817718e+03 
5.378200e-02 4.604829e+03 
5.513400e-02 4.398518e+03 
5.627600e-02 4.226342e+03 
5.735300e-02 4.067836e+03 
5.870100e-02 3.876702e+03 
5.988700e-02 3.717185e+03 
6.113500e-02 3.559163e+03 
6.225900e-02 3.426940e+03 
6.340100e-02 3.303244e+03 
6.480200e-02 3.165571e+03 
6.601100e-02 3.061187e+03 
6.725500e-02 2.966742e+03 
6.829100e-02 2.898754e+03 
6.958600e-02 2.823919e+03 
7.071100e-02 2.768579e+03 
7.192300e-02 2.717115e+03 
7.307400e-02 2.674976e+03 
7.412300e-02 2.641296e+03 
7.550400e-02 2.602944e+03 
7.663100e-02 2.574847e+03 
7.791200e-02 2.545686e+03 
7.912700e-02 2.518845e+03 
8.027600e-02 2.493210e+03 
8.138400e-02 2.467701e+03 
8.272200e-02 2.434932e+03 
8.406100e-02 2.399283e+03 
8.534100e-02 2.360940e+03 
8.653800e-02 2.321185e+03 
8.759800e-02 2.283726e+03 
8.900300e-02 2.230448e+03 
9.009000e-02 2.186238e+03 
9.113300e-02 2.141351e+03 
9.239600e-02 2.085699e+03 
9.358000e-02 2.031874e+03 
9.496100e-02 1.967423e+03 
9.608400e-02 1.915239e+03 
9.727500e-02 1.860591e+03 
9.852600e-02 1.803779e+03 
9.973800e-02 1.750851e+03 
1.009000e-01 1.701989e+03 
1.020900e-01 1.655276e+03 
1.034000e-01 1.607008e+03 
1.046000e-01 1.565776e+03 
1.057200e-01 1.531747e+03 
1.069100e-01 1.497969e+03 
1.082500e-01 1.465089e+03 
1.093900e-01 1.440603e+03 
1.105400e-01 1.418090e+03 
1.116900e-01 1.399720e+03 
1.129600e-01 1.381119e+03 
1.142000e-01 1.366233e+03 
1.153300e-01 1.353798e+03 
1.166400e-01 1.340982e+03 
1.177800e-01 1.330514e+03 
1.190000e-01 1.319785e+03 
1.201200e-01 1.309397e+03 
1.213400e-01 1.298224e+03 
1.227100e-01 1.283544e+03 
1.238900e-01 1.270546e+03 
1.250700e-01 1.255590e+03 
1.263200e-01 1.239127e+03 
1.275500e-01 1.221111e+03 
1.287500e-01 1.202834e+03 
1.299900e-01 1.182637e+03 
1.311300e-01 1.163643e+03 
1.323500e-01 1.142500e+03 
1.335900e-01 1.120986e+03 
1.347100e-01 1.101283e+03 
1.359800e-01 1.079300e+03 
1.372100e-01 1.058172e+03 
1.384300e-01 1.037790e+03 
1.395700e-01 1.019307e+03 
1.407700e-01 1.000378e+03 
1.420300e-01 9.816364e+02 
1.432800e-01 9.635030e+02 
1.444500e-01 9.479315e+02 
1.456300e-01 9.325748e+02 
1.468900e-01 9.174686e+02 
1.480500e-01 9.041377e+02 
1.491700e-01 8.920205e+02 
1.503800e-01 8.798229e+02 
1.516400e-01 8.675831e+02 
1.528200e-01 8.572079e+02 
1.540200e-01 8.468617e+02 
1.551900e-01 8.375956e+02 
1.564300e-01 8.281152e+02 
1.576600e-01 8.191081e+02 
1.588700e-01 8.106734e+02 
1.600900e-01 8.023332e+02 
1.612700e-01 7.945176e+02 
1.625400e-01 7.862614e+02 
1.637600e-01 7.783228e+02 
1.649500e-01 7.706276e+02 
1.662200e-01 7.624858e+02 
1.674000e-01 7.546182e+02 
1.685000e-01 7.474073e+02 
1.697500e-01 7.390106e+02 
1.710300e-01 7.302298e+02 
1.722200e-01 7.222144e+02 
1.734400e-01 7.134729e+02 
1.746400e-01 7.050013e+02 
1.758700e-01 6.962971e+02 
1.770900e-01 6.874616e+02 
1.782700e-01 6.790684e+02 
1.794600e-01 6.705586e+02 
1.807000e-01 6.617210e+02 
1.819100e-01 6.532539e+02 
1.830100e-01 6.456323e+02 
1.842200e-01 6.373815e+02 
1.855000e-01 6.288188e+02 
1.867000e-01 6.210793e+02 
1.879200e-01 6.133475e+02 
1.890900e-01 6.061043e+02 
1.902800e-01 5.990952e+02 
1.915200e-01 5.919148e+02 
1.926900e-01 5.853329e+02 
1.939000e-01 5.788986e+02 
1.951700e-01 5.722572e+02 
1.963100e-01 5.664743e+02 
1.975100e-01 5.607025e+02 
1.987800e-01 5.546915e+02 
2.000100e-01 5.490319e+02 
2.012500e-01 5.435751e+02 
2.023400e-01 5.388486e+02 
2.036100e-01 5.334460e+02 
2.048900e-01 5.281779e+02 
2.060400e-01 5.235154e+02 
2.072200e-01 5.187997e+02 
2.084200e-01 5.140795e+02 
2.096900e-01 5.091584e+02 
2.109200e-01 5.044635e+02 
2.121100e-01 4.999161e+02 
2.132700e-01 4.955417e+02 
2.145200e-01 4.908951e+02 
2.157200e-01 4.864235e+02 
2.168800e-01 4.821262e+02 
2.180700e-01 4.777785e+02 
2.193400e-01 4.731636e+02 
2.206000e-01 4.685753e+02 
2.217500e-01 4.644463e+02 
2.229500e-01 4.601963e+02 
2.241400e-01 4.559471e+02 
2.253500e-01 4.516837e+02 
2.264900e-01 4.477213e+02 
2.277100e-01 4.435119e+02 
2.289900e-01 4.391294e+02 
2.301500e-01 4.352128e+02 
2.313600e-01 4.311820e+02 
2.325600e-01 4.272215e+02 
2.337700e-01 4.232819e+02 
2.350000e-01 4.193317e+02 
2.362000e-01 4.155368e+02 
2.374100e-01 4.117694e+02 
2.386500e-01 4.079606e+02 
2.399100e-01 4.041432e+02 
2.410400e-01 4.007984e+02 
2.422500e-01 3.972662e+02 
2.435000e-01 3.936655e+02 
2.447300e-01 3.901785e+02 
2.458700e-01 3.870238e+02 
2.470600e-01 3.837712e+02 
2.483300e-01 3.803446e+02 
2.495600e-01 3.770893e+02 
2.507600e-01 3.739807e+02 
2.519600e-01 3.709105e+02 
2.532200e-01 3.677274e+02 
2.543700e-01 3.648808e+02 
2.555500e-01 3.620100e+02 
2.568000e-01 3.590061e+02 
2.580100e-01 3.561340e+02 
2.592400e-01 3.532684e+02 
2.604100e-01 3.505831e+02 
2.616100e-01 3.478610e+02 
2.628400e-01 3.451041e+02 
2.640600e-01 3.424149e+02 
2.652200e-01 3.398924e+02 
2.664300e-01 3.372913e+02 
2.676500e-01 3.346993e+02 
2.688400e-01 3.322030e+02 
2.700700e-01 3.296544e+02 
2.712400e-01 3.272576e+02 
2.724800e-01 3.247464e+02 
2.736700e-01 3.223641e+02 
2.748800e-01 3.199691e+02 
2.761000e-01 3.175816e+02 
2.773200e-01 3.152212e+02 
2.785400e-01 3.128858e+02 
2.797000e-01 3.106862e+02 
2.808900e-01 3.084540e+02 
2.821400e-01 3.061355e+02 
2.833900e-01 3.038430e+02 
2.845500e-01 3.017317e+02 
2.857800e-01 2.995173e+02 
2.870300e-01 2.972919e+02 
2.882100e-01 2.952140e+02 
2.893900e-01 2.931553e+02 
2.906300e-01 2.910136e+02 
2.918900e-01 2.888615e+02 
2.930500e-01 2.869014e+02 
2.942500e-01 2.848938e+02 
2.954200e-01 2.829540e+02 
2.966500e-01 2.809360e+02 
2.978900e-01 2.789235e+02 
2.990400e-01 2.770764e+02 
3.002700e-01 2.751208e+02 
3.015100e-01 2.731701e+02 
3.026800e-01 2.713485e+02 
3.038500e-01 2.695452e+02 
3.050300e-01 2.677446e+02 
3.062600e-01 2.658878e+02 
3.075000e-01 2.640354e+02 
3.087000e-01 2.622612e+02 
3.099100e-01 2.604903e+02 
3.111200e-01 2.587390e+02 
3.123100e-01 2.570370e+02 
3.135300e-01 2.553095e+02 
3.147300e-01 2.536272e+02 
3.159900e-01 2.518787e+02 
3.171800e-01 2.502477e+02 
3.183700e-01 2.486351e+02 
3.196300e-01 2.469446e+02 
3.208400e-01 2.453374e+02 
3.220300e-01 2.437720e+02 
3.232000e-01 2.422530e+02 
3.244300e-01 2.406736e+02 
3.256700e-01 2.390970e+02 
3.269200e-01 2.375234e+02 
3.280800e-01 2.360770e+02 
3.292500e-01 2.346381e+02 
3.304800e-01 2.331418e+02 
3.317100e-01 2.316598e+02 
3.328900e-01 2.302514e+02 
3.340700e-01 2.288559e+02 
3.353600e-01 2.273513e+02 
3.365300e-01 2.260021e+02 
3.377100e-01 2.246535e+02 
3.389200e-01 2.232833e+02 
3.401600e-01 2.218921e+02 
3.413700e-01 2.205529e+02 
3.425300e-01 2.192844e+02 
3.437700e-01 2.179406e+02 
3.449800e-01 2.166414e+02 
3.461800e-01 2.153644e+02 
3.473600e-01 2.141222e+02 
3.485800e-01 2.128548e+02 
3.498100e-01 2.115885e+02 
3.510200e-01 2.103540e+02 
3.522000e-01 2.091607e+02 
3.533900e-01 2.079676e+02 
3.546400e-01 2.067327e+02 
3.558400e-01 2.055582e+02 
3.570600e-01 2.043744e+02 
3.582700e-01 2.032107e+02 
3.595000e-01 2.020380e+02 
3.607100e-01 2.008980e+02 
3.618900e-01 1.997985e+02 
3.631200e-01 1.986622e+02 
3.643200e-01 1.975631e+02 
3.655500e-01 1.964462e+02 
3.667300e-01 1.953837e+02 
3.679500e-01 1.943004e+02 
3.691900e-01 1.932087e+02 
3.703600e-01 1.921872e+02 
3.715700e-01 1.911395e+02 
3.727700e-01 1.901091e+02 
3.739900e-01 1.890719e+02 
3.752000e-01 1.880546e+02 
3.763900e-01 1.870624e+02 
3.775800e-01 1.860781e+02 
3.788200e-01 1.850610e+02 
3.800300e-01 1.840767e+02 
3.812100e-01 1.831267e+02 
3.824200e-01 1.821619e+02 
3.836100e-01 1.812206e+02 
3.848600e-01 1.802399e+02 
3.860400e-01 1.793216e+02 
3.872400e-01 1.783952e+02 
3.884600e-01 1.774634e+02 
3.896500e-01 1.765629e+02 
3.908700e-01 1.756469e+02 
3.920600e-01 1.747604e+02 
3.933100e-01 1.738367e+02 
3.945300e-01 1.729424e+02 
3.957200e-01 1.720790e+02 
3.969300e-01 1.712086e+02 
3.981700e-01 1.703236e+02 
3.993500e-01 1.694879e+02 
4.094840e-01 1.625804e+02 
4.272360e-01 1.515440e+02 
4.454600e-01 1.414426e+02 
4.630560e-01 1.327088e+02 
4.804610e-01 1.249315e+02 
4.980690e-01 1.178272e+02 
5.159230e-01 1.113106e+02 
5.317440e-01 1.060439e+02 
5.489640e-01 1.007962e+02 
5.671990e-01 9.572699e+01 
5.838690e-01 9.147512e+01 
6.018840e-01 8.724791e+01 
6.202330e-01 8.329674e+01 
6.379250e-01 7.977866e+01 
6.545410e-01 7.671979e+01 
6.714560e-01 7.381601e+01 
6.892080e-01 7.097981e+01 
7.066010e-01 6.839212e+01 
7.240540e-01 6.596405e+01 
7.420450e-01 6.362722e+01 
7.593780e-01 6.151988e+01 
7.764720e-01 5.956528e+01 
7.942840e-01 5.765064e+01 
8.116170e-01 5.589833e+01 
8.288310e-01 5.425767e+01 
8.462240e-01 5.269140e+01 
8.631980e-01 5.124533e+01 
8.810700e-01 4.980400e+01 
8.989410e-01 4.843965e+01 
9.166330e-01 4.715957e+01 
9.345640e-01 4.592856e+01 
9.515980e-01 4.481631e+01 
9.688720e-01 4.374177e+01 
9.865640e-01 4.269375e+01 
1.031870e+00 4.022118e+01 
1.063490e+00 3.865734e+01 
1.097920e+00 3.708778e+01 
1.134370e+00 3.555648e+01 
1.167730e+00 3.426095e+01 
1.203830e+00 3.296030e+01 
1.240470e+00 3.173516e+01 
1.275790e+00 3.063557e+01 
1.309140e+00 2.966351e+01 
1.342970e+00 2.873638e+01 
1.378420e+00 2.782298e+01 
1.413200e+00 2.697968e+01 
1.448110e+00 2.618028e+01 
1.484090e+00 2.540229e+01 
1.518820e+00 2.469156e+01 
1.552880e+00 2.402978e+01 
1.588630e+00 2.336946e+01 
1.623230e+00 2.276187e+01 
1.657720e+00 2.218470e+01 
1.692450e+00 2.163017e+01 
1.726400e+00 2.111158e+01 
1.762200e+00 2.058820e+01 
1.797880e+00 2.008977e+01 
1.833270e+00 1.961645e+01 
1.869070e+00 1.915717e+01 
1.903200e+00 1.873704e+01 
1.937740e+00 1.832814e+01 
1.973190e+00 1.792419e+01 
2.007440e+00 1.754849e+01 
2.042160e+00 1.718145e+01 
2.077900e+00 1.681719e+01 
2.112390e+00 1.647816e+01 
2.146220e+00 1.615656e+01 
2.181600e+00 1.583164e+01 
2.216930e+00 1.551795e+01 
2.250760e+00 1.522728e+01 
2.286500e+00 1.493005e+01 
2.321770e+00 1.464619e+01 
2.355950e+00 1.437954e+01 
2.391280e+00 1.411193e+01 
2.426240e+00 1.385507e+01 
2.460670e+00 1.360966e+01 
2.495640e+00 1.336778e+01 
2.531080e+00 1.312923e+01 
2.566220e+00 1.289944e+01 
2.600830e+00 1.267951e+01 
2.635080e+00 1.246789e+01 
2.670340e+00 1.225527e+01 
2.705970e+00 1.204635e+01 
2.740040e+00 1.185199e+01 
2.774520e+00 1.166003e+01 
2.809730e+00 1.146882e+01 
2.844390e+00 1.128553e+01 
2.879960e+00 1.110201e+01 
2.914860e+00 1.092616e+01 
2.949410e+00 1.075648e+01 
2.984440e+00 1.058834e+01 
3.019760e+00 1.042285e+01 
3.054730e+00 1.026310e+01 
3.089030e+00 1.010937e+01 
3.124060e+00 9.956160e+00 
3.159560e+00 9.804416e+00 
3.194710e+00 9.657411e+00 
3.229010e+00 9.517413e+00 
3.263320e+00 9.379723e+00 
3.297930e+00 9.244077e+00 
3.332830e+00 9.110137e+00 
3.368040e+00 8.977806e+00 
3.403300e+00 8.848183e+00 
3.438450e+00 8.721420e+00 
3.473060e+00 8.599510e+00 
3.508440e+00 8.476864e+00 
3.543110e+00 8.359449e+00 
3.577470e+00 8.244979e+00 
3.613040e+00 8.129085e+00 
3.648120e+00 8.016877e+00 
3.682910e+00 7.907868e+00 
3.718050e+00 7.799673e+00 
3.753320e+00 7.693272e+00 
3.787980e+00 7.590619e+00 
3.822290e+00 7.490950e+00 
3.857020e+00 7.391797e+00 
3.891920e+00 7.294085e+00 
3.926650e+00 7.198463e+00 
3.961970e+00 7.103121e+00 
3.997360e+00 7.009114e+00 
4.031670e+00 6.919819e+00 
4.066330e+00 6.830989e+00 
4.101420e+00 6.742939e+00 
4.136200e+00 6.656741e+00 
4.170810e+00 6.572750e+00 
4.206250e+00 6.488007e+00 
4.241580e+00 6.405196e+00 
4.276300e+00 6.325078e+00 
4.310970e+00 6.246465e+00 
4.346120e+00 6.168146e+00 
4.380600e+00 6.092479e+00 
4.414730e+00 6.019030e+00 
4.450350e+00 5.943345e+00 
4.485320e+00 5.870515e+00 
4.519810e+00 5.799678e+00 
4.555430e+00 5.727761e+00 
4.590870e+00 5.657457e+00 
4.625480e+00 5.589804e+00 
4.659910e+00 5.523766e+00 
4.695230e+00 5.456875e+00 
4.729960e+00 5.392275e+00 
4.764450e+00 5.329131e+00 
4.799530e+00 5.265802e+00 
4.834910e+00 5.203115e+00 
4.869700e+00 5.142265e+00 
4.904370e+00 5.082665e+00 
4.939450e+00 5.023345e+00 
4.973940e+00 4.965802e+00 
5.008430e+00 4.909273e+00 
5.043810e+00 4.852083e+00 
5.078840e+00 4.796332e+00 
5.113500e+00 4.742133e+00 
5.148890e+00 4.687399e+00 
5.184210e+00 4.633715e+00 
5.219060e+00 4.581598e+00 
5.253660e+00 4.530553e+00 
5.288570e+00 4.479922e+00 
5.323420e+00 4.430097e+00 
5.358440e+00 4.380721e+00 
5.393590e+00 4.331994e+00 
5.428310e+00 4.284491e+00 
5.462800e+00 4.237987e+00 
5.497640e+00 4.191777e+00 
5.532670e+00 4.145912e+00 
5.567280e+00 4.101279e+00 
5.602000e+00 4.057223e+00 
5.637270e+00 4.013022e+00 
5.672410e+00 3.969655e+00 
5.707020e+00 3.927621e+00 
5.742040e+00 3.885617e+00 
5.777430e+00 3.843815e+00 
5.812210e+00 3.803379e+00 
5.846820e+00 3.763639e+00 
5.881610e+00 3.724276e+00 
5.916510e+00 3.685396e+00 
5.951600e+00 3.646797e+00 
5.986560e+00 3.608883e+00 
6.021830e+00 3.571217e+00 
6.056490e+00 3.534698e+00 
6.091160e+00 3.498659e+00 
6.125830e+00 3.463155e+00 
6.161090e+00 3.427555e+00 
6.195760e+00 3.393005e+00 
6.230420e+00 3.358970e+00 
6.265690e+00 3.324841e+00 
6.300950e+00 3.291128e+00 
6.335620e+00 3.258461e+00 
6.370880e+00 3.225719e+00 
6.405550e+00 3.193941e+00 
6.440220e+00 3.162595e+00 
6.475480e+00 3.131171e+00 
6.510150e+00 3.100692e+00 
6.544810e+00 3.070606e+00 
6.580080e+00 3.040422e+00 
6.614750e+00 3.011167e+00 
6.649410e+00 2.982286e+00 
6.684080e+00 2.953786e+00 
6.719340e+00 2.925201e+00 
6.754010e+00 2.897471e+00 
6.788680e+00 2.870090e+00 
6.823940e+00 2.842623e+00 
6.859800e+00 2.815074e+00 
6.894470e+00 2.788782e+00 
6.929140e+00 2.762833e+00 
6.963800e+00 2.737236e+00 
6.999070e+00 2.711535e+00 
7.033730e+00 2.686605e+00 
7.068400e+00 2.661994e+00 
7.103660e+00 2.637293e+00 
7.138330e+00 2.613321e+00 
7.173600e+00 2.589246e+00 
7.208260e+00 2.565894e+00 
7.243530e+00 2.542438e+00 
7.277600e+00 2.520067e+00 
7.312860e+00 2.497205e+00 
7.348120e+00 2.474638e+00 
7.382790e+00 2.452729e+00 
7.417460e+00 2.431098e+00 
7.452720e+00 2.409376e+00 
7.487390e+00 2.388285e+00 
7.522650e+00 2.367103e+00 
7.557320e+00 2.346554e+00 
7.591990e+00 2.326265e+00 
7.627250e+00 2.305885e+00 
7.662510e+00 2.285756e+00 
7.697180e+00 2.266222e+00 
7.731850e+00 2.246929e+00 
7.766510e+00 2.227873e+00 
7.801180e+00 2.209040e+00 
7.836440e+00 2.190127e+00 
7.871110e+00 2.171760e+00 
7.906380e+00 2.153297e+00 
7.941040e+00 2.135369e+00 
7.976310e+00 2.117352e+00 
8.011570e+00 2.099567e+00 
8.046240e+00 2.082285e+00 
8.080900e+00 2.065208e+00 
8.115570e+00 2.048332e+00 
8.150830e+00 2.031404e+00 
8.185500e+00 2.014951e+00 
8.220770e+00 1.998406e+00 
8.255430e+00 1.982332e+00 
8.290100e+00 1.966462e+00 
8.324770e+00 1.950772e+00 
8.359430e+00 1.935263e+00 
8.394700e+00 1.919658e+00 
8.429960e+00 1.904254e+00 
8.464630e+00 1.889297e+00 
8.499890e+00 1.874255e+00 
8.534560e+00 1.859628e+00 
8.569200e+00 1.845173e+00 
