# Parameters:
# omega_b = 0.023437, omega_m = 0.122480, n_s = 1.013780, h = 68.228346, w = -1.000000, sigma_8 = 0.745669
# z = 1.700000
#
# k[1/Mpc] # P(k):
8.694000e-04 3.826314e+03 
2.077466e-03 8.411186e+03 
3.285532e-03 1.199335e+04 
4.493598e-03 1.470723e+04 
5.701664e-03 1.666676e+04 
6.909730e-03 1.799720e+04 
8.117797e-03 1.884059e+04 
9.325863e-03 1.927044e+04 
1.053393e-02 1.935957e+04 
1.174199e-02 1.917476e+04 
1.295006e-02 1.875998e+04 
1.415813e-02 1.817360e+04 
1.536619e-02 1.746616e+04 
1.657426e-02 1.667305e+04 
1.778233e-02 1.582550e+04 
1.899039e-02 1.496733e+04 
2.019846e-02 1.412203e+04 
2.140652e-02 1.330912e+04 
2.261459e-02 1.253955e+04 
2.382266e-02 1.182501e+04 
2.503072e-02 1.117214e+04 
2.623879e-02 1.058209e+04 
2.744685e-02 1.005540e+04 
2.865492e-02 9.589558e+03 
2.986299e-02 9.179903e+03 
3.100100e-02 8.843655e+03 
3.220400e-02 8.534497e+03 
3.288100e-02 8.380829e+03 
3.424300e-02 8.107847e+03 
3.555100e-02 7.883498e+03 
3.686000e-02 7.689612e+03 
3.795000e-02 7.545690e+03 
3.929100e-02 7.385260e+03 
4.039800e-02 7.260305e+03 
4.164000e-02 7.124028e+03 
4.294400e-02 6.976900e+03 
4.415000e-02 6.837553e+03 
4.542900e-02 6.677304e+03 
4.660900e-02 6.522443e+03 
4.782300e-02 6.346046e+03 
4.892900e-02 6.177858e+03 
5.031200e-02 5.955061e+03 
5.155900e-02 5.743150e+03 
5.238100e-02 5.600040e+03 
5.378200e-02 5.353071e+03 
5.513400e-02 5.113995e+03 
5.627600e-02 4.915453e+03 
5.735300e-02 4.734437e+03 
5.870100e-02 4.519729e+03 
5.988700e-02 4.344375e+03 
6.113500e-02 4.174442e+03 
6.225900e-02 4.034841e+03 
6.340100e-02 3.905432e+03 
6.480200e-02 3.761153e+03 
6.601100e-02 3.649770e+03 
6.725500e-02 3.546027e+03 
6.829100e-02 3.468406e+03 
6.958600e-02 3.379983e+03 
7.071100e-02 3.311714e+03 
7.192300e-02 3.245856e+03 
7.307400e-02 3.190017e+03 
7.412300e-02 3.144104e+03 
7.550400e-02 3.090289e+03 
7.663100e-02 3.050192e+03 
7.791200e-02 3.008265e+03 
7.912700e-02 2.970168e+03 
8.027600e-02 2.934569e+03 
8.138400e-02 2.900023e+03 
8.272200e-02 2.857069e+03 
8.406100e-02 2.811928e+03 
8.534100e-02 2.765118e+03 
8.653800e-02 2.717850e+03 
8.759800e-02 2.673975e+03 
8.900300e-02 2.612471e+03 
9.009000e-02 2.562045e+03 
9.113300e-02 2.511238e+03 
9.239600e-02 2.448501e+03 
9.358000e-02 2.388048e+03 
9.496100e-02 2.315804e+03 
9.608400e-02 2.257302e+03 
9.727500e-02 2.195999e+03 
9.852600e-02 2.132082e+03 
9.973800e-02 2.072347e+03 
1.009000e-01 2.017040e+03 
1.020900e-01 1.963704e+03 
1.034000e-01 1.908286e+03 
1.046000e-01 1.860626e+03 
1.057200e-01 1.820666e+03 
1.069100e-01 1.780733e+03 
1.082500e-01 1.741047e+03 
1.093900e-01 1.710911e+03 
1.105400e-01 1.682833e+03 
1.116900e-01 1.659017e+03 
1.129600e-01 1.634558e+03 
1.142000e-01 1.614107e+03 
1.153300e-01 1.596745e+03 
1.166400e-01 1.578385e+03 
1.177800e-01 1.563277e+03 
1.190000e-01 1.547725e+03 
1.201200e-01 1.533153e+03 
1.213400e-01 1.517546e+03 
1.227100e-01 1.498283e+03 
1.238900e-01 1.481495e+03 
1.250700e-01 1.463044e+03 
1.263200e-01 1.443052e+03 
1.275500e-01 1.421834e+03 
1.287500e-01 1.400597e+03 
1.299900e-01 1.377555e+03 
1.311300e-01 1.356068e+03 
1.323500e-01 1.332410e+03 
1.335900e-01 1.308429e+03 
1.347100e-01 1.286587e+03 
1.359800e-01 1.262228e+03 
1.372100e-01 1.238852e+03 
1.384300e-01 1.216267e+03 
1.395700e-01 1.195730e+03 
1.407700e-01 1.174668e+03 
1.420300e-01 1.153640e+03 
1.432800e-01 1.133283e+03 
1.444500e-01 1.115548e+03 
1.456300e-01 1.098053e+03 
1.468900e-01 1.080602e+03 
1.480500e-01 1.065127e+03 
1.491700e-01 1.050920e+03 
1.503800e-01 1.036435e+03 
1.516400e-01 1.021841e+03 
1.528200e-01 1.009209e+03 
1.540200e-01 9.966139e+02 
1.551900e-01 9.851211e+02 
1.564300e-01 9.733092e+02 
1.576600e-01 9.620119e+02 
1.588700e-01 9.513395e+02 
1.600900e-01 9.407869e+02 
1.612700e-01 9.308657e+02 
1.625400e-01 9.203872e+02 
1.637600e-01 9.103855e+02 
1.649500e-01 9.007334e+02 
1.662200e-01 8.905559e+02 
1.674000e-01 8.809043e+02 
1.685000e-01 8.720599e+02 
1.697500e-01 8.618974e+02 
1.710300e-01 8.514001e+02 
1.722200e-01 8.418191e+02 
1.734400e-01 8.316116e+02 
1.746400e-01 8.217285e+02 
1.758700e-01 8.116332e+02 
1.770900e-01 8.015026e+02 
1.782700e-01 7.918782e+02 
1.794600e-01 7.821802e+02 
1.807000e-01 7.721471e+02 
1.819100e-01 7.625327e+02 
1.830100e-01 7.538989e+02 
1.842200e-01 7.445542e+02 
1.855000e-01 7.348525e+02 
1.867000e-01 7.260499e+02 
1.879200e-01 7.172542e+02 
1.890900e-01 7.090013e+02 
1.902800e-01 7.009531e+02 
1.915200e-01 6.927073e+02 
1.926900e-01 6.851272e+02 
1.939000e-01 6.776482e+02 
1.951700e-01 6.699282e+02 
1.963100e-01 6.631840e+02 
1.975100e-01 6.563937e+02 
1.987800e-01 6.493221e+02 
2.000100e-01 6.426466e+02 
2.012500e-01 6.361696e+02 
2.023400e-01 6.305596e+02 
2.036100e-01 6.241427e+02 
2.048900e-01 6.178664e+02 
2.060400e-01 6.123119e+02 
2.072200e-01 6.066952e+02 
2.084200e-01 6.010813e+02 
2.096900e-01 5.952287e+02 
2.109200e-01 5.896457e+02 
2.121100e-01 5.842656e+02 
2.132700e-01 5.790918e+02 
2.145200e-01 5.735964e+02 
2.157200e-01 5.683301e+02 
2.168800e-01 5.632793e+02 
2.180700e-01 5.581694e+02 
2.193400e-01 5.527540e+02 
2.206000e-01 5.473858e+02 
2.217500e-01 5.425549e+02 
2.229500e-01 5.375825e+02 
2.241400e-01 5.326189e+02 
2.253500e-01 5.276392e+02 
2.264900e-01 5.230108e+02 
2.277100e-01 5.180886e+02 
2.289900e-01 5.129583e+02 
2.301500e-01 5.083733e+02 
2.313600e-01 5.036545e+02 
2.325600e-01 4.989935e+02 
2.337700e-01 4.943574e+02 
2.350000e-01 4.897089e+02 
2.362000e-01 4.852281e+02 
2.374100e-01 4.807619e+02 
2.386500e-01 4.762470e+02 
2.399100e-01 4.717222e+02 
2.410400e-01 4.677298e+02 
2.422500e-01 4.635108e+02 
2.435000e-01 4.592103e+02 
2.447300e-01 4.550411e+02 
2.458700e-01 4.512499e+02 
2.470600e-01 4.473414e+02 
2.483300e-01 4.432246e+02 
2.495600e-01 4.393084e+02 
2.507600e-01 4.355614e+02 
2.519600e-01 4.318612e+02 
2.532200e-01 4.280255e+02 
2.543700e-01 4.245964e+02 
2.555500e-01 4.211389e+02 
2.568000e-01 4.175217e+02 
2.580100e-01 4.140637e+02 
2.592400e-01 4.106231e+02 
2.604100e-01 4.074033e+02 
2.616100e-01 4.041399e+02 
2.628400e-01 4.008351e+02 
2.640600e-01 3.976267e+02 
2.652200e-01 3.946234e+02 
2.664300e-01 3.915268e+02 
2.676500e-01 3.884414e+02 
2.688400e-01 3.854844e+02 
2.700700e-01 3.824744e+02 
2.712400e-01 3.796441e+02 
2.724800e-01 3.766787e+02 
2.736700e-01 3.738763e+02 
2.748800e-01 3.710701e+02 
2.761000e-01 3.682728e+02 
2.773200e-01 3.655073e+02 
2.785400e-01 3.627767e+02 
2.797000e-01 3.602166e+02 
2.808900e-01 3.576187e+02 
2.821400e-01 3.549202e+02 
2.833900e-01 3.522526e+02 
2.845500e-01 3.498073e+02 
2.857800e-01 3.472424e+02 
2.870300e-01 3.446649e+02 
2.882100e-01 3.422582e+02 
2.893900e-01 3.398786e+02 
2.906300e-01 3.374058e+02 
2.918900e-01 3.349208e+02 
2.930500e-01 3.326575e+02 
2.942500e-01 3.303403e+02 
2.954200e-01 3.281041e+02 
2.966500e-01 3.257778e+02 
2.978900e-01 3.234577e+02 
2.990400e-01 3.213283e+02 
3.002700e-01 3.190743e+02 
3.015100e-01 3.168263e+02 
3.026800e-01 3.147270e+02 
3.038500e-01 3.126487e+02 
3.050300e-01 3.105734e+02 
3.062600e-01 3.084326e+02 
3.075000e-01 3.062967e+02 
3.087000e-01 3.042509e+02 
3.099100e-01 3.022089e+02 
3.111200e-01 3.001887e+02 
3.123100e-01 2.982239e+02 
3.135300e-01 2.962296e+02 
3.147300e-01 2.942876e+02 
3.159900e-01 2.922690e+02 
3.171800e-01 2.903846e+02 
3.183700e-01 2.885205e+02 
3.196300e-01 2.865662e+02 
3.208400e-01 2.847082e+02 
3.220300e-01 2.828986e+02 
3.232000e-01 2.811407e+02 
3.244300e-01 2.793122e+02 
3.256700e-01 2.774869e+02 
3.269200e-01 2.756650e+02 
3.280800e-01 2.739904e+02 
3.292500e-01 2.723230e+02 
3.304800e-01 2.705884e+02 
3.317100e-01 2.688705e+02 
3.328900e-01 2.672378e+02 
3.340700e-01 2.656201e+02 
3.353600e-01 2.638748e+02 
3.365300e-01 2.623093e+02 
3.377100e-01 2.607446e+02 
3.389200e-01 2.591547e+02 
3.401600e-01 2.575406e+02 
3.413700e-01 2.559861e+02 
3.425300e-01 2.545134e+02 
3.437700e-01 2.529533e+02 
3.449800e-01 2.514450e+02 
3.461800e-01 2.499625e+02 
3.473600e-01 2.485202e+02 
3.485800e-01 2.470488e+02 
3.498100e-01 2.455788e+02 
3.510200e-01 2.441455e+02 
3.522000e-01 2.427601e+02 
3.533900e-01 2.413749e+02 
3.546400e-01 2.399419e+02 
3.558400e-01 2.385789e+02 
3.570600e-01 2.372052e+02 
3.582700e-01 2.358547e+02 
3.595000e-01 2.344938e+02 
3.607100e-01 2.331717e+02 
3.618900e-01 2.318970e+02 
3.631200e-01 2.305797e+02 
3.643200e-01 2.293056e+02 
3.655500e-01 2.280107e+02 
3.667300e-01 2.267790e+02 
3.679500e-01 2.255249e+02 
3.691900e-01 2.242611e+02 
3.703600e-01 2.230786e+02 
3.715700e-01 2.218658e+02 
3.727700e-01 2.206729e+02 
3.739900e-01 2.194729e+02 
3.752000e-01 2.182972e+02 
3.763900e-01 2.171505e+02 
3.775800e-01 2.160130e+02 
3.788200e-01 2.148374e+02 
3.800300e-01 2.136998e+02 
3.812100e-01 2.126032e+02 
3.824200e-01 2.114905e+02 
3.836100e-01 2.104049e+02 
3.848600e-01 2.092739e+02 
3.860400e-01 2.082148e+02 
3.872400e-01 2.071462e+02 
3.884600e-01 2.060732e+02 
3.896500e-01 2.050367e+02 
3.908700e-01 2.039824e+02 
3.920600e-01 2.029621e+02 
3.933100e-01 2.018989e+02 
3.945300e-01 2.008695e+02 
3.957200e-01 1.998779e+02 
3.969300e-01 1.988786e+02 
3.981700e-01 1.978627e+02 
3.993500e-01 1.969034e+02 
4.094840e-01 1.889799e+02 
4.272360e-01 1.763703e+02 
4.454600e-01 1.648564e+02 
4.630560e-01 1.549120e+02 
4.804610e-01 1.460539e+02 
4.980690e-01 1.379523e+02 
5.159230e-01 1.305054e+02 
5.317440e-01 1.244745e+02 
5.489640e-01 1.184499e+02 
5.671990e-01 1.126160e+02 
5.838690e-01 1.077131e+02 
6.018840e-01 1.028309e+02 
6.202330e-01 9.825914e+01 
6.379250e-01 9.418360e+01 
6.545410e-01 9.063564e+01 
6.714560e-01 8.726575e+01 
6.892080e-01 8.397117e+01 
7.066010e-01 8.096420e+01 
7.240540e-01 7.814059e+01 
7.420450e-01 7.542225e+01 
7.593780e-01 7.296947e+01 
7.764720e-01 7.069379e+01 
7.942840e-01 6.846342e+01 
8.116170e-01 6.642127e+01 
8.288310e-01 6.450787e+01 
8.462240e-01 6.268040e+01 
8.631980e-01 6.099193e+01 
8.810700e-01 5.930766e+01 
8.989410e-01 5.771195e+01 
9.166330e-01 5.621331e+01 
9.345640e-01 5.477145e+01 
9.515980e-01 5.346725e+01 
9.688720e-01 5.220556e+01 
9.865640e-01 5.097382e+01 
1.031870e+00 4.806185e+01 
1.063490e+00 4.621550e+01 
1.097920e+00 4.435812e+01 
1.134370e+00 4.254154e+01 
1.167730e+00 4.100102e+01 
1.203830e+00 3.945003e+01 
1.240470e+00 3.798583e+01 
1.275790e+00 3.666858e+01 
1.309140e+00 3.550189e+01 
1.342970e+00 3.438564e+01 
1.378420e+00 3.328435e+01 
1.413200e+00 3.226546e+01 
1.448110e+00 3.129801e+01 
1.484090e+00 3.035450e+01 
1.518820e+00 2.949129e+01 
1.552880e+00 2.868623e+01 
1.588630e+00 2.788190e+01 
1.623230e+00 2.714070e+01 
1.657720e+00 2.643569e+01 
1.692450e+00 2.575762e+01 
1.726400e+00 2.512301e+01 
1.762200e+00 2.448180e+01 
1.797880e+00 2.387043e+01 
1.833270e+00 2.328950e+01 
1.869070e+00 2.272550e+01 
1.903200e+00 2.220897e+01 
1.937740e+00 2.170609e+01 
1.973190e+00 2.120922e+01 
2.007440e+00 2.074695e+01 
2.042160e+00 2.029495e+01 
2.077900e+00 1.984623e+01 
2.112390e+00 1.942872e+01 
2.146220e+00 1.903241e+01 
2.181600e+00 1.863200e+01 
2.216930e+00 1.824531e+01 
2.250760e+00 1.788704e+01 
2.286500e+00 1.752078e+01 
2.321770e+00 1.717097e+01 
2.355950e+00 1.684235e+01 
2.391280e+00 1.651256e+01 
2.426240e+00 1.619605e+01 
2.460670e+00 1.589375e+01 
2.495640e+00 1.559597e+01 
2.531080e+00 1.530237e+01 
2.566220e+00 1.501949e+01 
2.600830e+00 1.474883e+01 
2.635080e+00 1.448853e+01 
2.670340e+00 1.422729e+01 
2.705970e+00 1.397061e+01 
2.740040e+00 1.373187e+01 
2.774520e+00 1.349623e+01 
2.809730e+00 1.326162e+01 
2.844390e+00 1.303682e+01 
2.879960e+00 1.281198e+01 
2.914860e+00 1.259667e+01 
2.949410e+00 1.238898e+01 
2.984440e+00 1.218328e+01 
3.019760e+00 1.198093e+01 
3.054730e+00 1.178571e+01 
3.089030e+00 1.159811e+01 
3.124060e+00 1.141125e+01 
3.159560e+00 1.122636e+01 
3.194710e+00 1.104736e+01 
3.229010e+00 1.087695e+01 
3.263320e+00 1.070956e+01 
3.297930e+00 1.054473e+01 
3.332830e+00 1.038212e+01 
3.368040e+00 1.022164e+01 
3.403300e+00 1.006458e+01 
3.438450e+00 9.911133e+00 
3.473060e+00 9.763629e+00 
3.508440e+00 9.615423e+00 
3.543110e+00 9.473619e+00 
3.577470e+00 9.335647e+00 
3.613040e+00 9.196012e+00 
3.648120e+00 9.060892e+00 
3.682910e+00 8.929763e+00 
3.718050e+00 8.799841e+00 
3.753320e+00 8.672141e+00 
3.787980e+00 8.549019e+00 
3.822290e+00 8.429595e+00 
3.857020e+00 8.310951e+00 
3.891920e+00 8.194121e+00 
3.926650e+00 8.079925e+00 
3.961970e+00 7.966157e+00 
3.997360e+00 7.854166e+00 
4.031670e+00 7.747844e+00 
4.066330e+00 7.642212e+00 
4.101420e+00 7.537546e+00 
4.136200e+00 7.435285e+00 
4.170810e+00 7.335672e+00 
4.206250e+00 7.235337e+00 
4.241580e+00 7.137346e+00 
4.276300e+00 7.042671e+00 
4.310970e+00 6.949860e+00 
4.346120e+00 6.857479e+00 
4.380600e+00 6.768345e+00 
4.414730e+00 6.681855e+00 
4.450350e+00 6.592895e+00 
4.485320e+00 6.507320e+00 
4.519810e+00 6.424240e+00 
4.555430e+00 6.339979e+00 
4.590870e+00 6.257663e+00 
4.625480e+00 6.178534e+00 
4.659910e+00 6.101317e+00 
4.695230e+00 6.023279e+00 
4.729960e+00 5.947958e+00 
4.764450e+00 5.874416e+00 
4.799530e+00 5.800777e+00 
4.834910e+00 5.727908e+00 
4.869700e+00 5.657279e+00 
4.904370e+00 5.588134e+00 
4.939450e+00 5.519373e+00 
4.973940e+00 5.452787e+00 
5.008430e+00 5.387394e+00 
5.043810e+00 5.321324e+00 
5.078840e+00 5.256975e+00 
5.113500e+00 5.194437e+00 
5.148890e+00 5.131438e+00 
5.184210e+00 5.069672e+00 
5.219060e+00 5.009748e+00 
5.253660e+00 4.951139e+00 
5.288570e+00 4.893023e+00 
5.323420e+00 4.835891e+00 
5.358440e+00 4.779337e+00 
5.393590e+00 4.723542e+00 
5.428310e+00 4.669250e+00 
5.462800e+00 4.616157e+00 
5.497640e+00 4.563415e+00 
5.532670e+00 4.511147e+00 
5.567280e+00 4.460318e+00 
5.602000e+00 4.410160e+00 
5.637270e+00 4.359922e+00 
5.672410e+00 4.310662e+00 
5.707020e+00 4.262929e+00 
5.742040e+00 4.215322e+00 
5.777430e+00 4.167971e+00 
5.812210e+00 4.122180e+00 
5.846820e+00 4.077241e+00 
5.881610e+00 4.032752e+00 
5.916510e+00 3.988821e+00 
5.951600e+00 3.945281e+00 
5.986560e+00 3.902550e+00 
6.021830e+00 3.860109e+00 
6.056490e+00 3.819010e+00 
6.091160e+00 3.778495e+00 
6.125830e+00 3.738592e+00 
6.161090e+00 3.698608e+00 
6.195760e+00 3.659852e+00 
6.230420e+00 3.621684e+00 
6.265690e+00 3.583421e+00 
6.300950e+00 3.545710e+00 
6.335620e+00 3.509177e+00 
6.370880e+00 3.472569e+00 
6.405550e+00 3.437080e+00 
6.440220e+00 3.402096e+00 
6.475480e+00 3.367032e+00 
6.510150e+00 3.333050e+00 
6.544810e+00 3.299556e+00 
6.580080e+00 3.265960e+00 
6.614750e+00 3.233404e+00 
6.649410e+00 3.201308e+00 
6.684080e+00 3.169651e+00 
6.719340e+00 3.137906e+00 
6.754010e+00 3.107132e+00 
6.788680e+00 3.076794e+00 
6.823940e+00 3.046366e+00 
6.859800e+00 3.015852e+00 
6.894470e+00 2.986773e+00 
6.929140e+00 2.958091e+00 
6.963800e+00 2.929803e+00 
6.999070e+00 2.901407e+00 
7.033730e+00 2.873903e+00 
7.068400e+00 2.846757e+00 
7.103660e+00 2.819515e+00 
7.138330e+00 2.793093e+00 
7.173600e+00 2.766586e+00 
7.208260e+00 2.740880e+00 
7.243530e+00 2.715063e+00 
7.277600e+00 2.690465e+00 
7.312860e+00 2.665353e+00 
7.348120e+00 2.640567e+00 
7.382790e+00 2.616509e+00 
7.417460e+00 2.592786e+00 
7.452720e+00 2.568981e+00 
7.487390e+00 2.545872e+00 
7.522650e+00 2.522665e+00 
7.557320e+00 2.500173e+00 
7.591990e+00 2.477975e+00 
7.627250e+00 2.455679e+00 
7.662510e+00 2.433663e+00 
7.697180e+00 2.412323e+00 
7.731850e+00 2.391260e+00 
7.766510e+00 2.370458e+00 
7.801180e+00 2.349901e+00 
7.836440e+00 2.329277e+00 
7.871110e+00 2.309263e+00 
7.906380e+00 2.289146e+00 
7.941040e+00 2.269614e+00 
7.976310e+00 2.250000e+00 
8.011570e+00 2.230656e+00 
8.046240e+00 2.211860e+00 
8.080900e+00 2.193289e+00 
8.115570e+00 2.174943e+00 
8.150830e+00 2.156559e+00 
8.185500e+00 2.138692e+00 
8.220770e+00 2.120727e+00 
8.255430e+00 2.103276e+00 
8.290100e+00 2.086072e+00 
8.324770e+00 2.069070e+00 
8.359430e+00 2.052264e+00 
8.394700e+00 2.035357e+00 
8.429960e+00 2.018679e+00 
8.464630e+00 2.002495e+00 
8.499890e+00 1.986221e+00 
8.534560e+00 1.970398e+00 
8.569200e+00 1.954762e+00 
