# Parameters:
# omega_b = 0.022508, omega_m = 0.144803, n_s = 0.974409, h = 73.425197, w = -1.000000, sigma_8 = 0.788189
# z = 1.700000
#
# k[1/Mpc] # P(k):
8.694000e-04 2.703769e+03 
2.077466e-03 5.846864e+03 
3.285532e-03 8.340340e+03 
4.493598e-03 1.029029e+04 
5.701664e-03 1.176535e+04 
6.909730e-03 1.283695e+04 
8.117797e-03 1.358907e+04 
9.325863e-03 1.406513e+04 
1.053393e-02 1.430913e+04 
1.174199e-02 1.436206e+04 
1.295006e-02 1.425035e+04 
1.415813e-02 1.401000e+04 
1.536619e-02 1.367155e+04 
1.657426e-02 1.325558e+04 
1.778233e-02 1.278172e+04 
1.899039e-02 1.227925e+04 
2.019846e-02 1.176413e+04 
2.140652e-02 1.125060e+04 
2.261459e-02 1.074657e+04 
2.382266e-02 1.026222e+04 
2.503072e-02 9.805212e+03 
2.623879e-02 9.378865e+03 
2.744685e-02 8.984407e+03 
2.865492e-02 8.624065e+03 
2.986299e-02 8.296789e+03 
3.100100e-02 8.018434e+03 
3.220400e-02 7.753756e+03 
3.288100e-02 7.618014e+03 
3.424300e-02 7.370052e+03 
3.555100e-02 7.159449e+03 
3.686000e-02 6.972168e+03 
3.795000e-02 6.830766e+03 
3.929100e-02 6.672180e+03 
4.039800e-02 6.550085e+03 
4.164000e-02 6.419637e+03 
4.294400e-02 6.285284e+03 
4.415000e-02 6.162678e+03 
4.542900e-02 6.028850e+03 
4.660900e-02 5.903623e+03 
4.782300e-02 5.766562e+03 
4.892900e-02 5.638209e+03 
5.031200e-02 5.470814e+03 
5.155900e-02 5.312889e+03 
5.238100e-02 5.206130e+03 
5.378200e-02 5.020618e+03 
5.513400e-02 4.837341e+03 
5.627600e-02 4.680523e+03 
5.735300e-02 4.532114e+03 
5.870100e-02 4.346682e+03 
5.988700e-02 4.185713e+03 
6.113500e-02 4.019965e+03 
6.225900e-02 3.875884e+03 
6.340100e-02 3.736694e+03 
6.480200e-02 3.577638e+03 
6.601100e-02 3.453217e+03 
6.725500e-02 3.337919e+03 
6.829100e-02 3.252560e+03 
6.958600e-02 3.156700e+03 
7.071100e-02 3.083615e+03 
7.192300e-02 3.013748e+03 
7.307400e-02 2.954957e+03 
7.412300e-02 2.906926e+03 
7.550400e-02 2.851220e+03 
7.663100e-02 2.810278e+03 
7.791200e-02 2.768693e+03 
7.912700e-02 2.732433e+03 
8.027600e-02 2.699868e+03 
8.138400e-02 2.669414e+03 
8.272200e-02 2.633090e+03 
8.406100e-02 2.596341e+03 
8.534100e-02 2.559489e+03 
8.653800e-02 2.522891e+03 
8.759800e-02 2.489099e+03 
8.900300e-02 2.441788e+03 
9.009000e-02 2.402822e+03 
9.113300e-02 2.363160e+03 
9.239600e-02 2.313716e+03 
9.358000e-02 2.265388e+03 
9.496100e-02 2.206430e+03 
9.608400e-02 2.157883e+03 
9.727500e-02 2.106344e+03 
9.852600e-02 2.050955e+03 
9.973800e-02 1.998344e+03 
1.009000e-01 1.948935e+03 
1.020900e-01 1.899572e+03 
1.034000e-01 1.847429e+03 
1.046000e-01 1.801694e+03 
1.057200e-01 1.761865e+03 
1.069100e-01 1.721525e+03 
1.082500e-01 1.679864e+03 
1.093900e-01 1.647310e+03 
1.105400e-01 1.616413e+03 
1.116900e-01 1.589080e+03 
1.129600e-01 1.560688e+03 
1.142000e-01 1.536276e+03 
1.153300e-01 1.515568e+03 
1.166400e-01 1.493684e+03 
1.177800e-01 1.476294e+03 
1.190000e-01 1.458684e+03 
1.201200e-01 1.443629e+03 
1.213400e-01 1.427748e+03 
1.227100e-01 1.410503e+03 
1.238900e-01 1.395895e+03 
1.250700e-01 1.381131e+03 
1.263200e-01 1.365481e+03 
1.275500e-01 1.349604e+03 
1.287500e-01 1.333852e+03 
1.299900e-01 1.316966e+03 
1.311300e-01 1.301072e+03 
1.323500e-01 1.283362e+03 
1.335900e-01 1.265016e+03 
1.347100e-01 1.247811e+03 
1.359800e-01 1.228170e+03 
1.372100e-01 1.208453e+03 
1.384300e-01 1.188978e+03 
1.395700e-01 1.170302e+03 
1.407700e-01 1.151006e+03 
1.420300e-01 1.130433e+03 
1.432800e-01 1.110515e+03 
1.444500e-01 1.092051e+03 
1.456300e-01 1.073847e+03 
1.468900e-01 1.055138e+03 
1.480500e-01 1.038387e+03 
1.491700e-01 1.022893e+03 
1.503800e-01 1.006940e+03 
1.516400e-01 9.909064e+02 
1.528200e-01 9.771388e+02 
1.540200e-01 9.634223e+02 
1.551900e-01 9.512711e+02 
1.564300e-01 9.388787e+02 
1.576600e-01 9.273099e+02 
1.588700e-01 9.167246e+02 
1.600900e-01 9.062921e+02 
1.612700e-01 8.970957e+02 
1.625400e-01 8.873816e+02 
1.637600e-01 8.784094e+02 
1.649500e-01 8.699228e+02 
1.662200e-01 8.610127e+02 
1.674000e-01 8.527849e+02 
1.685000e-01 8.452425e+02 
1.697500e-01 8.365817e+02 
1.710300e-01 8.276398e+02 
1.722200e-01 8.194741e+02 
1.734400e-01 8.106170e+02 
1.746400e-01 8.020305e+02 
1.758700e-01 7.931687e+02 
1.770900e-01 7.840988e+02 
1.782700e-01 7.754774e+02 
1.794600e-01 7.666189e+02 
1.807000e-01 7.573400e+02 
1.819100e-01 7.484448e+02 
1.830100e-01 7.402468e+02 
1.842200e-01 7.313365e+02 
1.855000e-01 7.220750e+02 
1.867000e-01 7.134695e+02 
1.879200e-01 7.048706e+02 
1.890900e-01 6.967791e+02 
1.902800e-01 6.887692e+02 
1.915200e-01 6.805632e+02 
1.926900e-01 6.730021e+02 
1.939000e-01 6.654826e+02 
1.951700e-01 6.577220e+02 
1.963100e-01 6.509387e+02 
1.975100e-01 6.440975e+02 
1.987800e-01 6.369740e+02 
2.000100e-01 6.302602e+02 
2.012500e-01 6.237698e+02 
2.023400e-01 6.181489e+02 
2.036100e-01 6.117340e+02 
2.048900e-01 6.055149e+02 
2.060400e-01 6.000113e+02 
2.072200e-01 5.944521e+02 
2.084200e-01 5.889689e+02 
2.096900e-01 5.832525e+02 
2.109200e-01 5.777994e+02 
2.121100e-01 5.726165e+02 
2.132700e-01 5.676356e+02 
2.145200e-01 5.623448e+02 
2.157200e-01 5.573177e+02 
2.168800e-01 5.525157e+02 
2.180700e-01 5.476569e+02 
2.193400e-01 5.425250e+02 
2.206000e-01 5.374703e+02 
2.217500e-01 5.329207e+02 
2.229500e-01 5.282371e+02 
2.241400e-01 5.235974e+02 
2.253500e-01 5.189425e+02 
2.264900e-01 5.146151e+02 
2.277100e-01 5.100257e+02 
2.289900e-01 5.052560e+02 
2.301500e-01 5.009923e+02 
2.313600e-01 4.966032e+02 
2.325600e-01 4.922888e+02 
2.337700e-01 4.879962e+02 
2.350000e-01 4.836909e+02 
2.362000e-01 4.795479e+02 
2.374100e-01 4.754270e+02 
2.386500e-01 4.712597e+02 
2.399100e-01 4.670819e+02 
2.410400e-01 4.634032e+02 
2.422500e-01 4.595154e+02 
2.435000e-01 4.555512e+02 
2.447300e-01 4.517071e+02 
2.458700e-01 4.482116e+02 
2.470600e-01 4.446070e+02 
2.483300e-01 4.408089e+02 
2.495600e-01 4.371907e+02 
2.507600e-01 4.337222e+02 
2.519600e-01 4.302961e+02 
2.532200e-01 4.267434e+02 
2.543700e-01 4.235549e+02 
2.555500e-01 4.203312e+02 
2.568000e-01 4.169577e+02 
2.580100e-01 4.137318e+02 
2.592400e-01 4.105027e+02 
2.604100e-01 4.074718e+02 
2.616100e-01 4.043992e+02 
2.628400e-01 4.012870e+02 
2.640600e-01 3.982442e+02 
2.652200e-01 3.953873e+02 
2.664300e-01 3.924411e+02 
2.676500e-01 3.895050e+02 
2.688400e-01 3.866746e+02 
2.700700e-01 3.837831e+02 
2.712400e-01 3.810636e+02 
2.724800e-01 3.782140e+02 
2.736700e-01 3.755105e+02 
2.748800e-01 3.727924e+02 
2.761000e-01 3.700827e+02 
2.773200e-01 3.674034e+02 
2.785400e-01 3.647529e+02 
2.797000e-01 3.622578e+02 
2.808900e-01 3.597254e+02 
2.821400e-01 3.570948e+02 
2.833900e-01 3.544937e+02 
2.845500e-01 3.521008e+02 
2.857800e-01 3.495908e+02 
2.870300e-01 3.470681e+02 
2.882100e-01 3.447124e+02 
2.893900e-01 3.423795e+02 
2.906300e-01 3.399532e+02 
2.918900e-01 3.375147e+02 
2.930500e-01 3.352936e+02 
2.942500e-01 3.330185e+02 
2.954200e-01 3.308202e+02 
2.966500e-01 3.285331e+02 
2.978900e-01 3.262520e+02 
2.990400e-01 3.241581e+02 
3.002700e-01 3.219400e+02 
3.015100e-01 3.197266e+02 
3.026800e-01 3.176596e+02 
3.038500e-01 3.156129e+02 
3.050300e-01 3.135692e+02 
3.062600e-01 3.114587e+02 
3.075000e-01 3.093529e+02 
3.087000e-01 3.073358e+02 
3.099100e-01 3.053222e+02 
3.111200e-01 3.033294e+02 
3.123100e-01 3.013899e+02 
3.135300e-01 2.994211e+02 
3.147300e-01 2.975037e+02 
3.159900e-01 2.955107e+02 
3.171800e-01 2.936488e+02 
3.183700e-01 2.918060e+02 
3.196300e-01 2.898740e+02 
3.208400e-01 2.880371e+02 
3.220300e-01 2.862478e+02 
3.232000e-01 2.845086e+02 
3.244300e-01 2.826990e+02 
3.256700e-01 2.808924e+02 
3.269200e-01 2.790891e+02 
3.280800e-01 2.774315e+02 
3.292500e-01 2.757799e+02 
3.304800e-01 2.740613e+02 
3.317100e-01 2.723592e+02 
3.328900e-01 2.707414e+02 
3.340700e-01 2.691383e+02 
3.353600e-01 2.674080e+02 
3.365300e-01 2.658556e+02 
3.377100e-01 2.643038e+02 
3.389200e-01 2.627270e+02 
3.401600e-01 2.611261e+02 
3.413700e-01 2.595840e+02 
3.425300e-01 2.581228e+02 
3.437700e-01 2.565747e+02 
3.449800e-01 2.550779e+02 
3.461800e-01 2.536067e+02 
3.473600e-01 2.521753e+02 
3.485800e-01 2.507149e+02 
3.498100e-01 2.492556e+02 
3.510200e-01 2.478329e+02 
3.522000e-01 2.464575e+02 
3.533900e-01 2.450824e+02 
3.546400e-01 2.436599e+02 
3.558400e-01 2.423069e+02 
3.570600e-01 2.409433e+02 
3.582700e-01 2.396025e+02 
3.595000e-01 2.382514e+02 
3.607100e-01 2.369390e+02 
3.618900e-01 2.356740e+02 
3.631200e-01 2.343665e+02 
3.643200e-01 2.331018e+02 
3.655500e-01 2.318165e+02 
3.667300e-01 2.305937e+02 
3.679500e-01 2.293494e+02 
3.691900e-01 2.280954e+02 
3.703600e-01 2.269220e+02 
3.715700e-01 2.257183e+02 
3.727700e-01 2.245345e+02 
3.739900e-01 2.233438e+02 
3.752000e-01 2.221780e+02 
3.763900e-01 2.210407e+02 
3.775800e-01 2.199125e+02 
3.788200e-01 2.187466e+02 
3.800300e-01 2.176182e+02 
3.812100e-01 2.165309e+02 
3.824200e-01 2.154278e+02 
3.836100e-01 2.143516e+02 
3.848600e-01 2.132302e+02 
3.860400e-01 2.121801e+02 
3.872400e-01 2.111205e+02 
3.884600e-01 2.100572e+02 
3.896500e-01 2.090302e+02 
3.908700e-01 2.079855e+02 
3.920600e-01 2.069745e+02 
3.933100e-01 2.059208e+02 
3.945300e-01 2.049006e+02 
3.957200e-01 2.039184e+02 
3.969300e-01 2.029289e+02 
3.981700e-01 2.019227e+02 
3.993500e-01 2.009726e+02 
4.094840e-01 1.931247e+02 
4.272360e-01 1.806383e+02 
4.454600e-01 1.692256e+02 
4.630560e-01 1.593510e+02 
4.804610e-01 1.505328e+02 
4.980690e-01 1.424437e+02 
5.159230e-01 1.349846e+02 
5.317440e-01 1.289261e+02 
5.489640e-01 1.228560e+02 
5.671990e-01 1.169604e+02 
5.838690e-01 1.119940e+02 
6.018840e-01 1.070372e+02 
6.202330e-01 1.023858e+02 
6.379250e-01 9.823335e+01 
6.545410e-01 9.461298e+01 
6.714560e-01 9.117108e+01 
6.892080e-01 8.780314e+01 
7.066010e-01 8.472695e+01 
7.240540e-01 8.183671e+01 
7.420450e-01 7.905305e+01 
7.593780e-01 7.654072e+01 
7.764720e-01 7.420891e+01 
7.942840e-01 7.192320e+01 
8.116170e-01 6.983012e+01 
8.288310e-01 6.786882e+01 
8.462240e-01 6.599546e+01 
8.631980e-01 6.426434e+01 
8.810700e-01 6.253746e+01 
8.989410e-01 6.090122e+01 
9.166330e-01 5.936448e+01 
9.345640e-01 5.788553e+01 
9.515980e-01 5.654768e+01 
9.688720e-01 5.525336e+01 
9.865640e-01 5.398954e+01 
1.031870e+00 5.100038e+01 
1.063490e+00 4.910369e+01 
1.097920e+00 4.719486e+01 
1.134370e+00 4.532635e+01 
1.167730e+00 4.374061e+01 
1.203830e+00 4.214246e+01 
1.240470e+00 4.063238e+01 
1.275790e+00 3.927213e+01 
1.309140e+00 3.806631e+01 
1.342970e+00 3.691119e+01 
1.378420e+00 3.577039e+01 
1.413200e+00 3.471359e+01 
1.448110e+00 3.370880e+01 
1.484090e+00 3.272801e+01 
1.518820e+00 3.182941e+01 
1.552880e+00 3.099020e+01 
1.588630e+00 3.015075e+01 
1.623230e+00 2.937632e+01 
1.657720e+00 2.863892e+01 
1.692450e+00 2.792881e+01 
1.726400e+00 2.726324e+01 
1.762200e+00 2.658998e+01 
1.797880e+00 2.594738e+01 
1.833270e+00 2.533608e+01 
1.869070e+00 2.474180e+01 
1.903200e+00 2.419703e+01 
1.937740e+00 2.366606e+01 
1.973190e+00 2.314081e+01 
2.007440e+00 2.265160e+01 
2.042160e+00 2.217282e+01 
2.077900e+00 2.169701e+01 
2.112390e+00 2.125377e+01 
2.146220e+00 2.083263e+01 
2.181600e+00 2.040672e+01 
2.216930e+00 1.999500e+01 
2.250760e+00 1.961319e+01 
2.286500e+00 1.922249e+01 
2.321770e+00 1.884899e+01 
2.355950e+00 1.849783e+01 
2.391280e+00 1.814501e+01 
2.426240e+00 1.780615e+01 
2.460670e+00 1.748225e+01 
2.495640e+00 1.716294e+01 
2.531080e+00 1.684773e+01 
2.566220e+00 1.654386e+01 
2.600830e+00 1.625292e+01 
2.635080e+00 1.597288e+01 
2.670340e+00 1.569151e+01 
2.705970e+00 1.541490e+01 
2.740040e+00 1.515747e+01 
2.774520e+00 1.490316e+01 
2.809730e+00 1.464976e+01 
2.844390e+00 1.440684e+01 
2.879960e+00 1.416366e+01 
2.914860e+00 1.393060e+01 
2.949410e+00 1.370569e+01 
2.984440e+00 1.348276e+01 
3.019760e+00 1.326334e+01 
3.054730e+00 1.305155e+01 
3.089030e+00 1.284781e+01 
3.124060e+00 1.264479e+01 
3.159560e+00 1.244379e+01 
3.194710e+00 1.224906e+01 
3.229010e+00 1.206363e+01 
3.263320e+00 1.188131e+01 
3.297930e+00 1.170174e+01 
3.332830e+00 1.152446e+01 
3.368040e+00 1.134940e+01 
3.403300e+00 1.117800e+01 
3.438450e+00 1.101043e+01 
3.473060e+00 1.084931e+01 
3.508440e+00 1.068730e+01 
3.543110e+00 1.053226e+01 
3.577470e+00 1.038127e+01 
3.613040e+00 1.022843e+01 
3.648120e+00 1.008046e+01 
3.682910e+00 9.936807e+00 
3.718050e+00 9.794383e+00 
3.753320e+00 9.654354e+00 
3.787980e+00 9.519293e+00 
3.822290e+00 9.388241e+00 
3.857020e+00 9.257983e+00 
3.891920e+00 9.129675e+00 
3.926650e+00 9.004196e+00 
3.961970e+00 8.879152e+00 
3.997360e+00 8.755992e+00 
4.031670e+00 8.639046e+00 
4.066330e+00 8.522798e+00 
4.101420e+00 8.407603e+00 
4.136200e+00 8.294984e+00 
4.170810e+00 8.185275e+00 
4.206250e+00 8.074707e+00 
4.241580e+00 7.966704e+00 
4.276300e+00 7.862314e+00 
4.310970e+00 7.759951e+00 
4.346120e+00 7.658034e+00 
4.380600e+00 7.559657e+00 
4.414730e+00 7.464191e+00 
4.450350e+00 7.365956e+00 
4.485320e+00 7.271452e+00 
4.519810e+00 7.179657e+00 
4.555430e+00 7.086533e+00 
4.590870e+00 6.995540e+00 
4.625480e+00 6.908042e+00 
4.659910e+00 6.822653e+00 
4.695230e+00 6.736316e+00 
4.729960e+00 6.652974e+00 
4.764450e+00 6.571577e+00 
4.799530e+00 6.490037e+00 
4.834910e+00 6.409344e+00 
4.869700e+00 6.331110e+00 
4.904370e+00 6.254512e+00 
4.939450e+00 6.178325e+00 
4.973940e+00 6.104520e+00 
5.008430e+00 6.032031e+00 
5.043810e+00 5.958772e+00 
5.078840e+00 5.887405e+00 
5.113500e+00 5.818043e+00 
5.148890e+00 5.748131e+00 
5.184210e+00 5.679581e+00 
5.219060e+00 5.613068e+00 
5.253660e+00 5.547999e+00 
5.288570e+00 5.483472e+00 
5.323420e+00 5.420025e+00 
5.358440e+00 5.357205e+00 
5.393590e+00 5.295225e+00 
5.428310e+00 5.234893e+00 
5.462800e+00 5.175881e+00 
5.497640e+00 5.117255e+00 
5.532670e+00 5.059138e+00 
5.567280e+00 5.002613e+00 
5.602000e+00 4.946831e+00 
5.637270e+00 4.890942e+00 
5.672410e+00 4.836134e+00 
5.707020e+00 4.783023e+00 
5.742040e+00 4.730033e+00 
5.777430e+00 4.677322e+00 
5.812210e+00 4.626346e+00 
5.846820e+00 4.576303e+00 
5.881610e+00 4.526756e+00 
5.916510e+00 4.477828e+00 
5.951600e+00 4.429321e+00 
5.986560e+00 4.381709e+00 
6.021830e+00 4.334417e+00 
6.056490e+00 4.288608e+00 
6.091160e+00 4.243438e+00 
6.125830e+00 4.198948e+00 
6.161090e+00 4.154364e+00 
6.195760e+00 4.111142e+00 
6.230420e+00 4.068573e+00 
6.265690e+00 4.025896e+00 
6.300950e+00 3.983809e+00 
6.335620e+00 3.943035e+00 
6.370880e+00 3.902176e+00 
6.405550e+00 3.862558e+00 
6.440220e+00 3.823498e+00 
6.475480e+00 3.784348e+00 
6.510150e+00 3.746399e+00 
6.544810e+00 3.708986e+00 
6.580080e+00 3.671455e+00 
6.614750e+00 3.635086e+00 
6.649410e+00 3.599220e+00 
6.684080e+00 3.563840e+00 
6.719340e+00 3.528361e+00 
6.754010e+00 3.493962e+00 
6.788680e+00 3.460039e+00 
6.823940e+00 3.426014e+00 
6.859800e+00 3.391893e+00 
6.894470e+00 3.359361e+00 
6.929140e+00 3.327268e+00 
6.963800e+00 3.295615e+00 
6.999070e+00 3.263840e+00 
7.033730e+00 3.233054e+00 
7.068400e+00 3.202666e+00 
7.103660e+00 3.172172e+00 
7.138330e+00 3.142590e+00 
7.173600e+00 3.112907e+00 
7.208260e+00 3.084119e+00 
7.243530e+00 3.055207e+00 
7.277600e+00 3.027651e+00 
7.312860e+00 2.999511e+00 
7.348120e+00 2.971736e+00 
7.382790e+00 2.944775e+00 
7.417460e+00 2.918180e+00 
7.452720e+00 2.891490e+00 
7.487390e+00 2.865577e+00 
7.522650e+00 2.839556e+00 
7.557320e+00 2.814329e+00 
7.591990e+00 2.789428e+00 
7.627250e+00 2.764418e+00 
7.662510e+00 2.739720e+00 
7.697180e+00 2.715773e+00 
7.731850e+00 2.692132e+00 
7.766510e+00 2.668783e+00 
7.801180e+00 2.645709e+00 
7.836440e+00 2.622554e+00 
7.871110e+00 2.600076e+00 
7.906380e+00 2.577484e+00 
7.941040e+00 2.555549e+00 
7.976310e+00 2.533516e+00 
8.011570e+00 2.511779e+00 
8.046240e+00 2.490659e+00 
8.080900e+00 2.469791e+00 
8.115570e+00 2.449174e+00 
8.150830e+00 2.428507e+00 
8.185500e+00 2.408421e+00 
8.220770e+00 2.388224e+00 
8.255430e+00 2.368605e+00 
8.290100e+00 2.349253e+00 
8.324770e+00 2.330125e+00 
8.359430e+00 2.311219e+00 
8.394700e+00 2.292198e+00 
8.429960e+00 2.273429e+00 
8.464630e+00 2.255213e+00 
8.499890e+00 2.236895e+00 
8.534560e+00 2.219084e+00 
8.569200e+00 2.201485e+00 
