# Parameters:
# omega_b = 0.022870, omega_m = 0.137913, n_s = 0.990157, h = 62.322835, w = -1.000000, sigma_8 = 0.829134
# z = 1.700000
#
# k[1/Mpc] # P(k):
8.694000e-04 3.601558e+03 
2.077466e-03 7.853530e+03 
3.285532e-03 1.121679e+04 
4.493598e-03 1.383459e+04 
5.701664e-03 1.579573e+04 
6.909730e-03 1.720053e+04 
8.117797e-03 1.816710e+04 
9.325863e-03 1.875583e+04 
1.053393e-02 1.902742e+04 
1.174199e-02 1.903849e+04 
1.295006e-02 1.882541e+04 
1.415813e-02 1.843834e+04 
1.536619e-02 1.792133e+04 
1.657426e-02 1.730493e+04 
1.778233e-02 1.661650e+04 
1.899039e-02 1.589636e+04 
2.019846e-02 1.516663e+04 
2.140652e-02 1.444690e+04 
2.261459e-02 1.374809e+04 
2.382266e-02 1.308333e+04 
2.503072e-02 1.246186e+04 
2.623879e-02 1.188728e+04 
2.744685e-02 1.136105e+04 
2.865492e-02 1.088468e+04 
2.986299e-02 1.045597e+04 
3.100100e-02 1.009503e+04 
3.220400e-02 9.755096e+03 
3.288100e-02 9.582329e+03 
3.424300e-02 9.269356e+03 
3.555100e-02 9.006305e+03 
3.686000e-02 8.774678e+03 
3.795000e-02 8.601008e+03 
3.929100e-02 8.407248e+03 
4.039800e-02 8.258161e+03 
4.164000e-02 8.098489e+03 
4.294400e-02 7.932518e+03 
4.415000e-02 7.779693e+03 
4.542900e-02 7.610454e+03 
4.660900e-02 7.450516e+03 
4.782300e-02 7.272967e+03 
4.892900e-02 7.105518e+03 
5.031200e-02 6.885591e+03 
5.155900e-02 6.676988e+03 
5.238100e-02 6.535855e+03 
5.378200e-02 6.291190e+03 
5.513400e-02 6.051990e+03 
5.627600e-02 5.850958e+03 
5.735300e-02 5.665362e+03 
5.870100e-02 5.441747e+03 
5.988700e-02 5.255848e+03 
6.113500e-02 5.072170e+03 
6.225900e-02 4.917865e+03 
6.340100e-02 4.771449e+03 
6.480200e-02 4.604313e+03 
6.601100e-02 4.471044e+03 
6.725500e-02 4.343403e+03 
6.829100e-02 4.244856e+03 
6.958600e-02 4.130084e+03 
7.071100e-02 4.038833e+03 
7.192300e-02 3.948648e+03 
7.307400e-02 3.870454e+03 
7.412300e-02 3.805047e+03 
7.550400e-02 3.727259e+03 
7.663100e-02 3.669077e+03 
7.791200e-02 3.608872e+03 
7.912700e-02 3.555838e+03 
8.027600e-02 3.508086e+03 
8.138400e-02 3.463529e+03 
8.272200e-02 3.410784e+03 
8.406100e-02 3.358128e+03 
8.534100e-02 3.306384e+03 
8.653800e-02 3.256021e+03 
8.759800e-02 3.210167e+03 
8.900300e-02 3.146974e+03 
9.009000e-02 3.095744e+03 
9.113300e-02 3.044297e+03 
9.239600e-02 2.980722e+03 
9.358000e-02 2.919229e+03 
9.496100e-02 2.845048e+03 
9.608400e-02 2.784385e+03 
9.727500e-02 2.720281e+03 
9.852600e-02 2.652038e+03 
9.973800e-02 2.587399e+03 
1.009000e-01 2.526832e+03 
1.020900e-01 2.466578e+03 
1.034000e-01 2.402924e+03 
1.046000e-01 2.347086e+03 
1.057200e-01 2.298320e+03 
1.069100e-01 2.248810e+03 
1.082500e-01 2.197328e+03 
1.093900e-01 2.156751e+03 
1.105400e-01 2.118027e+03 
1.116900e-01 2.083134e+03 
1.129600e-01 2.046619e+03 
1.142000e-01 2.014465e+03 
1.153300e-01 1.986831e+03 
1.166400e-01 1.957047e+03 
1.177800e-01 1.932827e+03 
1.190000e-01 1.908022e+03 
1.201200e-01 1.886311e+03 
1.213400e-01 1.863312e+03 
1.227100e-01 1.837991e+03 
1.238900e-01 1.816550e+03 
1.250700e-01 1.794957e+03 
1.263200e-01 1.772216e+03 
1.275500e-01 1.749466e+03 
1.287500e-01 1.727187e+03 
1.299900e-01 1.703752e+03 
1.311300e-01 1.682058e+03 
1.323500e-01 1.658405e+03 
1.335900e-01 1.634296e+03 
1.347100e-01 1.612182e+03 
1.359800e-01 1.587226e+03 
1.372100e-01 1.562739e+03 
1.384300e-01 1.538738e+03 
1.395700e-01 1.516163e+03 
1.407700e-01 1.492868e+03 
1.420300e-01 1.468436e+03 
1.432800e-01 1.444762e+03 
1.444500e-01 1.422973e+03 
1.456300e-01 1.401472e+03 
1.468900e-01 1.379266e+03 
1.480500e-01 1.359338e+03 
1.491700e-01 1.340746e+03 
1.503800e-01 1.321400e+03 
1.516400e-01 1.301842e+03 
1.528200e-01 1.284596e+03 
1.540200e-01 1.267407e+03 
1.551900e-01 1.251664e+03 
1.564300e-01 1.235473e+03 
1.576600e-01 1.220075e+03 
1.588700e-01 1.205634e+03 
1.600900e-01 1.191378e+03 
1.612700e-01 1.178347e+03 
1.625400e-01 1.164586e+03 
1.637600e-01 1.151751e+03 
1.649500e-01 1.139538e+03 
1.662200e-01 1.126732e+03 
1.674000e-01 1.114987e+03 
1.685000e-01 1.104223e+03 
1.697500e-01 1.092043e+03 
1.710300e-01 1.079642e+03 
1.722200e-01 1.068321e+03 
1.734400e-01 1.056493e+03 
1.746400e-01 1.045045e+03 
1.758700e-01 1.033372e+03 
1.770900e-01 1.021706e+03 
1.782700e-01 1.010617e+03 
1.794600e-01 9.994132e+02 
1.807000e-01 9.878004e+02 
1.819100e-01 9.766652e+02 
1.830100e-01 9.665499e+02 
1.842200e-01 9.555770e+02 
1.855000e-01 9.441698e+02 
1.867000e-01 9.336271e+02 
1.879200e-01 9.230880e+02 
1.890900e-01 9.131611e+02 
1.902800e-01 9.033012e+02 
1.915200e-01 8.931961e+02 
1.926900e-01 8.838597e+02 
1.939000e-01 8.744995e+02 
1.951700e-01 8.648360e+02 
1.963100e-01 8.563560e+02 
1.975100e-01 8.477179e+02 
1.987800e-01 8.387213e+02 
2.000100e-01 8.302080e+02 
2.012500e-01 8.219002e+02 
2.023400e-01 8.147044e+02 
2.036100e-01 8.064744e+02 
2.048900e-01 7.984287e+02 
2.060400e-01 7.913082e+02 
2.072200e-01 7.841122e+02 
2.084200e-01 7.769754e+02 
2.096900e-01 7.695347e+02 
2.109200e-01 7.624363e+02 
2.121100e-01 7.556769e+02 
2.132700e-01 7.491802e+02 
2.145200e-01 7.422787e+02 
2.157200e-01 7.357213e+02 
2.168800e-01 7.294571e+02 
2.180700e-01 7.231186e+02 
2.193400e-01 7.164213e+02 
2.206000e-01 7.098203e+02 
2.217500e-01 7.038786e+02 
2.229500e-01 6.977617e+02 
2.241400e-01 6.916817e+02 
2.253500e-01 6.855810e+02 
2.264900e-01 6.799094e+02 
2.277100e-01 6.738724e+02 
2.289900e-01 6.675741e+02 
2.301500e-01 6.619439e+02 
2.313600e-01 6.561475e+02 
2.325600e-01 6.503893e+02 
2.337700e-01 6.446603e+02 
2.350000e-01 6.389146e+02 
2.362000e-01 6.333539e+02 
2.374100e-01 6.277855e+02 
2.386500e-01 6.221551e+02 
2.399100e-01 6.165111e+02 
2.410400e-01 6.114890e+02 
2.422500e-01 6.061756e+02 
2.435000e-01 6.007586e+02 
2.447300e-01 5.954984e+02 
2.458700e-01 5.906837e+02 
2.470600e-01 5.857195e+02 
2.483300e-01 5.804898e+02 
2.495600e-01 5.755031e+02 
2.507600e-01 5.707159e+02 
2.519600e-01 5.659880e+02 
2.532200e-01 5.610864e+02 
2.543700e-01 5.566976e+02 
2.555500e-01 5.522677e+02 
2.568000e-01 5.476326e+02 
2.580100e-01 5.432013e+02 
2.592400e-01 5.387941e+02 
2.604100e-01 5.346703e+02 
2.616100e-01 5.304902e+02 
2.628400e-01 5.262569e+02 
2.640600e-01 5.221562e+02 
2.652200e-01 5.183213e+02 
2.664300e-01 5.143667e+02 
2.676500e-01 5.104261e+02 
2.688400e-01 5.066606e+02 
2.700700e-01 5.028345e+02 
2.712400e-01 4.992363e+02 
2.724800e-01 4.954660e+02 
2.736700e-01 4.919123e+02 
2.748800e-01 4.883634e+02 
2.761000e-01 4.848252e+02 
2.773200e-01 4.813268e+02 
2.785400e-01 4.778776e+02 
2.797000e-01 4.746547e+02 
2.808900e-01 4.713836e+02 
2.821400e-01 4.679855e+02 
2.833900e-01 4.646263e+02 
2.845500e-01 4.615596e+02 
2.857800e-01 4.583424e+02 
2.870300e-01 4.551088e+02 
2.882100e-01 4.520891e+02 
2.893900e-01 4.491088e+02 
2.906300e-01 4.460143e+02 
2.918900e-01 4.429042e+02 
2.930500e-01 4.400710e+02 
2.942500e-01 4.371709e+02 
2.954200e-01 4.343748e+02 
2.966500e-01 4.314655e+02 
2.978900e-01 4.285636e+02 
2.990400e-01 4.258995e+02 
3.002700e-01 4.230795e+02 
3.015100e-01 4.202665e+02 
3.026800e-01 4.176392e+02 
3.038500e-01 4.150375e+02 
3.050300e-01 4.124393e+02 
3.062600e-01 4.097565e+02 
3.075000e-01 4.070795e+02 
3.087000e-01 4.045149e+02 
3.099100e-01 4.019545e+02 
3.111200e-01 3.994196e+02 
3.123100e-01 3.969510e+02 
3.135300e-01 3.944449e+02 
3.147300e-01 3.920041e+02 
3.159900e-01 3.894666e+02 
3.171800e-01 3.870942e+02 
3.183700e-01 3.847449e+02 
3.196300e-01 3.822816e+02 
3.208400e-01 3.799392e+02 
3.220300e-01 3.776574e+02 
3.232000e-01 3.754370e+02 
3.244300e-01 3.731255e+02 
3.256700e-01 3.708177e+02 
3.269200e-01 3.685139e+02 
3.280800e-01 3.663959e+02 
3.292500e-01 3.642833e+02 
3.304800e-01 3.620842e+02 
3.317100e-01 3.599059e+02 
3.328900e-01 3.578353e+02 
3.340700e-01 3.557834e+02 
3.353600e-01 3.535665e+02 
3.365300e-01 3.515766e+02 
3.377100e-01 3.495874e+02 
3.389200e-01 3.475659e+02 
3.401600e-01 3.455132e+02 
3.413700e-01 3.435347e+02 
3.425300e-01 3.416588e+02 
3.437700e-01 3.396713e+02 
3.449800e-01 3.377495e+02 
3.461800e-01 3.358603e+02 
3.473600e-01 3.340219e+02 
3.485800e-01 3.321452e+02 
3.498100e-01 3.302699e+02 
3.510200e-01 3.284413e+02 
3.522000e-01 3.266735e+02 
3.533900e-01 3.249059e+02 
3.546400e-01 3.230766e+02 
3.558400e-01 3.213365e+02 
3.570600e-01 3.195826e+02 
3.582700e-01 3.178580e+02 
3.595000e-01 3.161199e+02 
3.607100e-01 3.144318e+02 
3.618900e-01 3.128047e+02 
3.631200e-01 3.111229e+02 
3.643200e-01 3.094959e+02 
3.655500e-01 3.078423e+02 
3.667300e-01 3.062691e+02 
3.679500e-01 3.046688e+02 
3.691900e-01 3.030559e+02 
3.703600e-01 3.015466e+02 
3.715700e-01 2.999983e+02 
3.727700e-01 2.984754e+02 
3.739900e-01 2.969440e+02 
3.752000e-01 2.954453e+02 
3.763900e-01 2.939832e+02 
3.775800e-01 2.925327e+02 
3.788200e-01 2.910336e+02 
3.800300e-01 2.895826e+02 
3.812100e-01 2.881854e+02 
3.824200e-01 2.867686e+02 
3.836100e-01 2.853862e+02 
3.848600e-01 2.839456e+02 
3.860400e-01 2.825965e+02 
3.872400e-01 2.812352e+02 
3.884600e-01 2.798702e+02 
3.896500e-01 2.785522e+02 
3.908700e-01 2.772115e+02 
3.920600e-01 2.759138e+02 
3.933100e-01 2.745614e+02 
3.945300e-01 2.732518e+02 
3.957200e-01 2.719928e+02 
3.969300e-01 2.707249e+02 
3.981700e-01 2.694356e+02 
3.993500e-01 2.682180e+02 
4.094840e-01 2.581627e+02 
4.272360e-01 2.422032e+02 
4.454600e-01 2.276311e+02 
4.630560e-01 2.150243e+02 
4.804610e-01 2.037540e+02 
4.980690e-01 1.933966e+02 
5.159230e-01 1.838186e+02 
5.317440e-01 1.760185e+02 
5.489640e-01 1.681766e+02 
5.671990e-01 1.605361e+02 
5.838690e-01 1.540820e+02 
6.018840e-01 1.476266e+02 
6.202330e-01 1.415529e+02 
6.379250e-01 1.361199e+02 
6.545410e-01 1.313740e+02 
6.714560e-01 1.268574e+02 
6.892080e-01 1.224301e+02 
7.066010e-01 1.183833e+02 
7.240540e-01 1.145748e+02 
7.420450e-01 1.109041e+02 
7.593780e-01 1.075871e+02 
7.764720e-01 1.045057e+02 
7.942840e-01 1.014816e+02 
8.116170e-01 9.870951e+01 
8.288310e-01 9.610787e+01 
8.462240e-01 9.362038e+01 
8.631980e-01 9.131801e+01 
8.810700e-01 8.901744e+01 
8.989410e-01 8.683363e+01 
9.166330e-01 8.477847e+01 
9.345640e-01 8.279840e+01 
9.515980e-01 8.100327e+01 
9.688720e-01 7.926179e+01 
9.865640e-01 7.755805e+01 
1.031870e+00 7.351101e+01 
1.063490e+00 7.092949e+01 
1.097920e+00 6.831952e+01 
1.134370e+00 6.575090e+01 
1.167730e+00 6.356027e+01 
1.203830e+00 6.133910e+01 
1.240470e+00 5.923007e+01 
1.275790e+00 5.732035e+01 
1.309140e+00 5.562033e+01 
1.342970e+00 5.398067e+01 
1.378420e+00 5.235585e+01 
1.413200e+00 5.084344e+01 
1.448110e+00 4.939958e+01 
1.484090e+00 4.798376e+01 
1.518820e+00 4.668161e+01 
1.552880e+00 4.546066e+01 
1.588630e+00 4.423523e+01 
1.623230e+00 4.310059e+01 
1.657720e+00 4.201672e+01 
1.692450e+00 4.096992e+01 
1.726400e+00 3.998623e+01 
1.762200e+00 3.898813e+01 
1.797880e+00 3.803261e+01 
1.833270e+00 3.712172e+01 
1.869070e+00 3.623432e+01 
1.903200e+00 3.541845e+01 
1.937740e+00 3.462210e+01 
1.973190e+00 3.383325e+01 
2.007440e+00 3.309741e+01 
2.042160e+00 3.237552e+01 
2.077900e+00 3.165702e+01 
2.112390e+00 3.098747e+01 
2.146220e+00 3.034992e+01 
2.181600e+00 2.970458e+01 
2.216930e+00 2.907979e+01 
2.250760e+00 2.850006e+01 
2.286500e+00 2.790655e+01 
2.321770e+00 2.733865e+01 
2.355950e+00 2.680426e+01 
2.391280e+00 2.626675e+01 
2.426240e+00 2.575022e+01 
2.460670e+00 2.525643e+01 
2.495640e+00 2.476974e+01 
2.531080e+00 2.428902e+01 
2.566220e+00 2.382510e+01 
2.600830e+00 2.338083e+01 
2.635080e+00 2.295332e+01 
2.670340e+00 2.252406e+01 
2.705970e+00 2.210186e+01 
2.740040e+00 2.170885e+01 
2.774520e+00 2.132069e+01 
2.809730e+00 2.093389e+01 
2.844390e+00 2.056318e+01 
2.879960e+00 2.019243e+01 
2.914860e+00 1.983714e+01 
2.949410e+00 1.949433e+01 
2.984440e+00 1.915455e+01 
3.019760e+00 1.882023e+01 
3.054730e+00 1.849767e+01 
3.089030e+00 1.818771e+01 
3.124060e+00 1.787907e+01 
3.159560e+00 1.757377e+01 
3.194710e+00 1.727806e+01 
3.229010e+00 1.699659e+01 
3.263320e+00 1.672011e+01 
3.297930e+00 1.644793e+01 
3.332830e+00 1.617943e+01 
3.368040e+00 1.591460e+01 
3.403300e+00 1.565555e+01 
3.438450e+00 1.540251e+01 
3.473060e+00 1.515932e+01 
3.508440e+00 1.491506e+01 
3.543110e+00 1.468148e+01 
3.577470e+00 1.445452e+01 
3.613040e+00 1.422486e+01 
3.648120e+00 1.400260e+01 
3.682910e+00 1.378710e+01 
3.718050e+00 1.357389e+01 
3.753320e+00 1.336437e+01 
3.787980e+00 1.316240e+01 
3.822290e+00 1.296665e+01 
3.857020e+00 1.277240e+01 
3.891920e+00 1.258122e+01 
3.926650e+00 1.239451e+01 
3.961970e+00 1.220864e+01 
3.997360e+00 1.202591e+01 
4.031670e+00 1.185253e+01 
4.066330e+00 1.168041e+01 
4.101420e+00 1.150995e+01 
4.136200e+00 1.134368e+01 
4.170810e+00 1.118178e+01 
4.206250e+00 1.101894e+01 
4.241580e+00 1.085999e+01 
4.276300e+00 1.070662e+01 
4.310970e+00 1.055639e+01 
4.346120e+00 1.040698e+01 
4.380600e+00 1.026299e+01 
4.414730e+00 1.012333e+01 
4.450350e+00 9.979941e+00 
4.485320e+00 9.842062e+00 
4.519810e+00 9.708449e+00 
4.555430e+00 9.573079e+00 
4.590870e+00 9.440914e+00 
4.625480e+00 9.313975e+00 
4.659910e+00 9.190155e+00 
4.695230e+00 9.065316e+00 
4.729960e+00 8.944912e+00 
4.764450e+00 8.827483e+00 
4.799530e+00 8.710087e+00 
4.834910e+00 8.593965e+00 
4.869700e+00 8.481582e+00 
4.904370e+00 8.371625e+00 
4.939450e+00 8.262379e+00 
4.973940e+00 8.156779e+00 
5.008430e+00 8.053110e+00 
5.043810e+00 7.948513e+00 
5.078840e+00 7.846740e+00 
5.113500e+00 7.747867e+00 
5.148890e+00 7.648533e+00 
5.184210e+00 7.551189e+00 
5.219060e+00 7.456822e+00 
5.253660e+00 7.364663e+00 
5.288570e+00 7.273313e+00 
5.323420e+00 7.183607e+00 
5.358440e+00 7.094913e+00 
5.393590e+00 7.007443e+00 
5.428310e+00 6.922506e+00 
5.462800e+00 6.839553e+00 
5.497640e+00 6.757177e+00 
5.532670e+00 6.675680e+00 
5.567280e+00 6.596491e+00 
5.602000e+00 6.518374e+00 
5.637270e+00 6.440271e+00 
5.672410e+00 6.363740e+00 
5.707020e+00 6.289608e+00 
5.742040e+00 6.215830e+00 
5.777430e+00 6.142502e+00 
5.812210e+00 6.071613e+00 
5.846820e+00 6.002151e+00 
5.881610e+00 5.933429e+00 
5.916510e+00 5.865589e+00 
5.951600e+00 5.798478e+00 
5.986560e+00 5.732680e+00 
6.021830e+00 5.667350e+00 
6.056490e+00 5.604170e+00 
6.091160e+00 5.541962e+00 
6.125830e+00 5.480711e+00 
6.161090e+00 5.419386e+00 
6.195760e+00 5.360027e+00 
6.230420e+00 5.301585e+00 
6.265690e+00 5.243020e+00 
6.300950e+00 5.185440e+00 
6.335620e+00 5.129674e+00 
6.370880e+00 5.073809e+00 
6.405550e+00 5.019722e+00 
6.440220e+00 4.966440e+00 
6.475480e+00 4.913050e+00 
6.510150e+00 4.861353e+00 
6.544810e+00 4.810483e+00 
6.580080e+00 4.759469e+00 
6.614750e+00 4.710048e+00 
6.649410e+00 4.661396e+00 
6.684080e+00 4.613429e+00 
6.719340e+00 4.565342e+00 
6.754010e+00 4.518767e+00 
6.788680e+00 4.472931e+00 
6.823940e+00 4.426970e+00 
6.859800e+00 4.380891e+00 
6.894470e+00 4.337038e+00 
6.929140e+00 4.293812e+00 
6.963800e+00 4.251189e+00 
6.999070e+00 4.208417e+00 
7.033730e+00 4.167049e+00 
7.068400e+00 4.126227e+00 
7.103660e+00 4.085271e+00 
7.138330e+00 4.045572e+00 
7.173600e+00 4.005789e+00 
7.208260e+00 3.967216e+00 
7.243530e+00 3.928484e+00 
7.277600e+00 3.891619e+00 
7.312860e+00 3.854015e+00 
7.348120e+00 3.816909e+00 
7.382790e+00 3.780899e+00 
7.417460e+00 3.745436e+00 
7.452720e+00 3.709878e+00 
7.487390e+00 3.675366e+00 
7.522650e+00 3.640715e+00 
7.557320e+00 3.607154e+00 
7.591990e+00 3.574044e+00 
7.627250e+00 3.540796e+00 
7.662510e+00 3.507970e+00 
7.697180e+00 3.476191e+00 
7.731850e+00 3.444842e+00 
7.766510e+00 3.413887e+00 
7.801180e+00 3.383303e+00 
7.836440e+00 3.352644e+00 
7.871110e+00 3.322906e+00 
7.906380e+00 3.293022e+00 
7.941040e+00 3.264012e+00 
7.976310e+00 3.234898e+00 
8.011570e+00 3.206206e+00 
8.046240e+00 3.178332e+00 
8.080900e+00 3.150796e+00 
8.115570e+00 3.123602e+00 
8.150830e+00 3.096368e+00 
8.185500e+00 3.069905e+00 
8.220770e+00 3.043301e+00 
8.255430e+00 3.017462e+00 
8.290100e+00 2.992023e+00 
8.324770e+00 2.966889e+00 
8.359430e+00 2.942050e+00 
8.394700e+00 2.917064e+00 
8.429960e+00 2.892427e+00 
8.464630e+00 2.868532e+00 
8.499890e+00 2.844507e+00 
8.534560e+00 2.821151e+00 
8.569200e+00 2.798076e+00 
