# Parameters:
# omega_b = 0.022177, omega_m = 0.139567, n_s = 0.887795, h = 77.204724, w = -1.000000, sigma_8 = 0.786614
# z = 1.700000
#
# k[1/Mpc] # P(k):
8.694000e-04 4.488968e+03 
2.077466e-03 8.947099e+03 
3.285532e-03 1.221723e+04 
4.493598e-03 1.461405e+04 
5.701664e-03 1.630768e+04 
6.909730e-03 1.743859e+04 
8.117797e-03 1.814503e+04 
9.325863e-03 1.849826e+04 
1.053393e-02 1.856486e+04 
1.174199e-02 1.840324e+04 
1.295006e-02 1.805106e+04 
1.415813e-02 1.755678e+04 
1.536619e-02 1.696005e+04 
1.657426e-02 1.628722e+04 
1.778233e-02 1.556293e+04 
1.899039e-02 1.482307e+04 
2.019846e-02 1.408634e+04 
2.140652e-02 1.336867e+04 
2.261459e-02 1.267861e+04 
2.382266e-02 1.202674e+04 
2.503072e-02 1.142036e+04 
2.623879e-02 1.086164e+04 
2.744685e-02 1.035085e+04 
2.865492e-02 9.888581e+03 
2.986299e-02 9.472034e+03 
3.100100e-02 9.120178e+03 
3.220400e-02 8.787313e+03 
3.288100e-02 8.617195e+03 
3.424300e-02 8.307048e+03 
3.555100e-02 8.043989e+03 
3.686000e-02 7.809975e+03 
3.795000e-02 7.633025e+03 
3.929100e-02 7.433952e+03 
4.039800e-02 7.280188e+03 
4.164000e-02 7.115621e+03 
4.294400e-02 6.945852e+03 
4.415000e-02 6.791032e+03 
4.542900e-02 6.622607e+03 
4.660900e-02 6.465643e+03 
4.782300e-02 6.295193e+03 
4.892900e-02 6.136621e+03 
5.031200e-02 5.931575e+03 
5.155900e-02 5.740121e+03 
5.238100e-02 5.611683e+03 
5.378200e-02 5.390222e+03 
5.513400e-02 5.173598e+03 
5.627600e-02 4.989715e+03 
5.735300e-02 4.816699e+03 
5.870100e-02 4.601662e+03 
5.988700e-02 4.415849e+03 
6.113500e-02 4.225406e+03 
6.225900e-02 4.060778e+03 
6.340100e-02 3.902780e+03 
6.480200e-02 3.723668e+03 
6.601100e-02 3.585167e+03 
6.725500e-02 3.458263e+03 
6.829100e-02 3.365463e+03 
6.958600e-02 3.262224e+03 
7.071100e-02 3.184359e+03 
7.192300e-02 3.110510e+03 
7.307400e-02 3.048743e+03 
7.412300e-02 2.998449e+03 
7.550400e-02 2.940156e+03 
7.663100e-02 2.897205e+03 
7.791200e-02 2.853183e+03 
7.912700e-02 2.814244e+03 
8.027600e-02 2.778762e+03 
8.138400e-02 2.745121e+03 
8.272200e-02 2.704369e+03 
8.406100e-02 2.662562e+03 
8.534100e-02 2.620146e+03 
8.653800e-02 2.577835e+03 
8.759800e-02 2.538760e+03 
8.900300e-02 2.484164e+03 
9.009000e-02 2.439414e+03 
9.113300e-02 2.394192e+03 
9.239600e-02 2.338160e+03 
9.358000e-02 2.283868e+03 
9.496100e-02 2.218404e+03 
9.608400e-02 2.164986e+03 
9.727500e-02 2.108671e+03 
9.852600e-02 2.049044e+03 
9.973800e-02 1.992842e+03 
1.009000e-01 1.940420e+03 
1.020900e-01 1.888816e+03 
1.034000e-01 1.834674e+03 
1.046000e-01 1.787555e+03 
1.057200e-01 1.747061e+03 
1.069100e-01 1.706242e+03 
1.082500e-01 1.664590e+03 
1.093900e-01 1.632314e+03 
1.105400e-01 1.601843e+03 
1.116900e-01 1.575176e+03 
1.129600e-01 1.547552e+03 
1.142000e-01 1.523947e+03 
1.153300e-01 1.503910e+03 
1.166400e-01 1.482714e+03 
1.177800e-01 1.465709e+03 
1.190000e-01 1.448408e+03 
1.201200e-01 1.433258e+03 
1.213400e-01 1.417210e+03 
1.227100e-01 1.399143e+03 
1.238900e-01 1.383709e+03 
1.250700e-01 1.367707e+03 
1.263200e-01 1.350625e+03 
1.275500e-01 1.333042e+03 
1.287500e-01 1.315545e+03 
1.299900e-01 1.296711e+03 
1.311300e-01 1.279038e+03 
1.323500e-01 1.259421e+03 
1.335900e-01 1.239244e+03 
1.347100e-01 1.220500e+03 
1.359800e-01 1.199261e+03 
1.372100e-01 1.178236e+03 
1.384300e-01 1.157616e+03 
1.395700e-01 1.138156e+03 
1.407700e-01 1.118104e+03 
1.420300e-01 1.097131e+03 
1.432800e-01 1.076839e+03 
1.444500e-01 1.058360e+03 
1.456300e-01 1.040147e+03 
1.468900e-01 1.021606e+03 
1.480500e-01 1.005059e+03 
1.491700e-01 9.898052e+02 
1.503800e-01 9.741621e+02 
1.516400e-01 9.584449e+02 
1.528200e-01 9.449642e+02 
1.540200e-01 9.315349e+02 
1.551900e-01 9.195912e+02 
1.564300e-01 9.073989e+02 
1.576600e-01 8.959688e+02 
1.588700e-01 8.854497e+02 
1.600900e-01 8.750769e+02 
1.612700e-01 8.658082e+02 
1.625400e-01 8.560191e+02 
1.637600e-01 8.469094e+02 
1.649500e-01 8.382526e+02 
1.662200e-01 8.291536e+02 
1.674000e-01 8.206903e+02 
1.685000e-01 8.129332e+02 
1.697500e-01 8.040220e+02 
1.710300e-01 7.948184e+02 
1.722200e-01 7.864158e+02 
1.734400e-01 7.773368e+02 
1.746400e-01 7.685391e+02 
1.758700e-01 7.594841e+02 
1.770900e-01 7.502630e+02 
1.782700e-01 7.415010e+02 
1.794600e-01 7.325440e+02 
1.807000e-01 7.231933e+02 
1.819100e-01 7.142325e+02 
1.830100e-01 7.060333e+02 
1.842200e-01 6.971339e+02 
1.855000e-01 6.878893e+02 
1.867000e-01 6.793583e+02 
1.879200e-01 6.708361e+02 
1.890900e-01 6.628258e+02 
1.902800e-01 6.549333e+02 
1.915200e-01 6.468496e+02 
1.926900e-01 6.394088e+02 
1.939000e-01 6.320298e+02 
1.951700e-01 6.244158e+02 
1.963100e-01 6.177641e+02 
1.975100e-01 6.110628e+02 
1.987800e-01 6.040862e+02 
2.000100e-01 5.975100e+02 
2.012500e-01 5.911487e+02 
2.023400e-01 5.856404e+02 
2.036100e-01 5.793517e+02 
2.048900e-01 5.732422e+02 
2.060400e-01 5.678366e+02 
2.072200e-01 5.623757e+02 
2.084200e-01 5.569715e+02 
2.096900e-01 5.513385e+02 
2.109200e-01 5.459658e+02 
2.121100e-01 5.408437e+02 
2.132700e-01 5.359212e+02 
2.145200e-01 5.306934e+02 
2.157200e-01 5.257185e+02 
2.168800e-01 5.209633e+02 
2.180700e-01 5.161528e+02 
2.193400e-01 5.110714e+02 
2.206000e-01 5.060645e+02 
2.217500e-01 5.015589e+02 
2.229500e-01 4.969216e+02 
2.241400e-01 4.923299e+02 
2.253500e-01 4.877242e+02 
2.264900e-01 4.834435e+02 
2.277100e-01 4.789079e+02 
2.289900e-01 4.741987e+02 
2.301500e-01 4.699901e+02 
2.313600e-01 4.656587e+02 
2.325600e-01 4.614109e+02 
2.337700e-01 4.571854e+02 
2.350000e-01 4.529484e+02 
2.362000e-01 4.488761e+02 
2.374100e-01 4.448310e+02 
2.386500e-01 4.407413e+02 
2.399100e-01 4.366422e+02 
2.410400e-01 4.330412e+02 
2.422500e-01 4.292374e+02 
2.435000e-01 4.253596e+02 
2.447300e-01 4.216015e+02 
2.458700e-01 4.181906e+02 
2.470600e-01 4.146739e+02 
2.483300e-01 4.109692e+02 
2.495600e-01 4.074434e+02 
2.507600e-01 4.040681e+02 
2.519600e-01 4.007345e+02 
2.532200e-01 3.972785e+02 
2.543700e-01 3.941806e+02 
2.555500e-01 3.910515e+02 
2.568000e-01 3.877774e+02 
2.580100e-01 3.846472e+02 
2.592400e-01 3.815177e+02 
2.604100e-01 3.785823e+02 
2.616100e-01 3.756069e+02 
2.628400e-01 3.725936e+02 
2.640600e-01 3.696506e+02 
2.652200e-01 3.668888e+02 
2.664300e-01 3.640410e+02 
2.676500e-01 3.612033e+02 
2.688400e-01 3.584696e+02 
2.700700e-01 3.556780e+02 
2.712400e-01 3.530530e+02 
2.724800e-01 3.503028e+02 
2.736700e-01 3.476944e+02 
2.748800e-01 3.450729e+02 
2.761000e-01 3.424597e+02 
2.773200e-01 3.398763e+02 
2.785400e-01 3.373213e+02 
2.797000e-01 3.349167e+02 
2.808900e-01 3.324767e+02 
2.821400e-01 3.299423e+02 
2.833900e-01 3.274367e+02 
2.845500e-01 3.251314e+02 
2.857800e-01 3.227135e+02 
2.870300e-01 3.202839e+02 
2.882100e-01 3.180154e+02 
2.893900e-01 3.157689e+02 
2.906300e-01 3.134326e+02 
2.918900e-01 3.110850e+02 
2.930500e-01 3.089469e+02 
2.942500e-01 3.067573e+02 
2.954200e-01 3.046419e+02 
2.966500e-01 3.024415e+02 
2.978900e-01 3.002471e+02 
2.990400e-01 2.982332e+02 
3.002700e-01 2.961004e+02 
3.015100e-01 2.939728e+02 
3.026800e-01 2.919862e+02 
3.038500e-01 2.900194e+02 
3.050300e-01 2.880558e+02 
3.062600e-01 2.860290e+02 
3.075000e-01 2.840072e+02 
3.087000e-01 2.820707e+02 
3.099100e-01 2.801379e+02 
3.111200e-01 2.782257e+02 
3.123100e-01 2.763657e+02 
3.135300e-01 2.744779e+02 
3.147300e-01 2.726398e+02 
3.159900e-01 2.707292e+02 
3.171800e-01 2.689457e+02 
3.183700e-01 2.671814e+02 
3.196300e-01 2.653319e+02 
3.208400e-01 2.635736e+02 
3.220300e-01 2.618613e+02 
3.232000e-01 2.601979e+02 
3.244300e-01 2.584677e+02 
3.256700e-01 2.567406e+02 
3.269200e-01 2.550170e+02 
3.280800e-01 2.534328e+02 
3.292500e-01 2.518555e+02 
3.304800e-01 2.502148e+02 
3.317100e-01 2.485901e+02 
3.328900e-01 2.470460e+02 
3.340700e-01 2.455162e+02 
3.353600e-01 2.438661e+02 
3.365300e-01 2.423862e+02 
3.377100e-01 2.409070e+02 
3.389200e-01 2.394043e+02 
3.401600e-01 2.378787e+02 
3.413700e-01 2.364098e+02 
3.425300e-01 2.350185e+02 
3.437700e-01 2.335448e+02 
3.449800e-01 2.321199e+02 
3.461800e-01 2.307196e+02 
3.473600e-01 2.293576e+02 
3.485800e-01 2.279686e+02 
3.498100e-01 2.265808e+02 
3.510200e-01 2.252280e+02 
3.522000e-01 2.239203e+02 
3.533900e-01 2.226130e+02 
3.546400e-01 2.212612e+02 
3.558400e-01 2.199756e+02 
3.570600e-01 2.186801e+02 
3.582700e-01 2.174065e+02 
3.595000e-01 2.161232e+02 
3.607100e-01 2.148768e+02 
3.618900e-01 2.136757e+02 
3.631200e-01 2.124343e+02 
3.643200e-01 2.112337e+02 
3.655500e-01 2.100137e+02 
3.667300e-01 2.088532e+02 
3.679500e-01 2.076726e+02 
3.691900e-01 2.064829e+02 
3.703600e-01 2.053698e+02 
3.715700e-01 2.042282e+02 
3.727700e-01 2.031055e+02 
3.739900e-01 2.019763e+02 
3.752000e-01 2.008706e+02 
3.763900e-01 1.997921e+02 
3.775800e-01 1.987224e+02 
3.788200e-01 1.976170e+02 
3.800300e-01 1.965472e+02 
3.812100e-01 1.955167e+02 
3.824200e-01 1.944712e+02 
3.836100e-01 1.934514e+02 
3.848600e-01 1.923888e+02 
3.860400e-01 1.913939e+02 
3.872400e-01 1.903902e+02 
3.884600e-01 1.893829e+02 
3.896500e-01 1.884100e+02 
3.908700e-01 1.874205e+02 
3.920600e-01 1.864630e+02 
3.933100e-01 1.854653e+02 
3.945300e-01 1.844993e+02 
3.957200e-01 1.835693e+02 
3.969300e-01 1.826324e+02 
3.981700e-01 1.816799e+02 
3.993500e-01 1.807805e+02 
4.094840e-01 1.733563e+02 
4.272360e-01 1.615604e+02 
4.454600e-01 1.508061e+02 
4.630560e-01 1.415292e+02 
4.804610e-01 1.332736e+02 
4.980690e-01 1.257287e+02 
5.159230e-01 1.187986e+02 
5.317440e-01 1.131896e+02 
5.489640e-01 1.075902e+02 
5.671990e-01 1.021712e+02 
5.838690e-01 9.762015e+01 
6.018840e-01 9.309056e+01 
6.202330e-01 8.885172e+01 
6.379250e-01 8.507546e+01 
6.545410e-01 8.178983e+01 
6.714560e-01 7.867064e+01 
6.892080e-01 7.562303e+01 
7.066010e-01 7.284268e+01 
7.240540e-01 7.023363e+01 
7.420450e-01 6.772286e+01 
7.593780e-01 6.545860e+01 
7.764720e-01 6.335889e+01 
7.942840e-01 6.130202e+01 
8.116170e-01 5.941964e+01 
8.288310e-01 5.765696e+01 
8.462240e-01 5.597420e+01 
8.631980e-01 5.442037e+01 
8.810700e-01 5.287130e+01 
8.989410e-01 5.140459e+01 
9.166330e-01 5.002798e+01 
9.345640e-01 4.870419e+01 
9.515980e-01 4.750758e+01 
9.688720e-01 4.635088e+01 
9.865640e-01 4.522231e+01 
1.031870e+00 4.255783e+01 
1.063490e+00 4.087119e+01 
1.097920e+00 3.917670e+01 
1.134370e+00 3.752225e+01 
1.167730e+00 3.612131e+01 
1.203830e+00 3.471346e+01 
1.240470e+00 3.338648e+01 
1.275790e+00 3.219474e+01 
1.309140e+00 3.114068e+01 
1.342970e+00 3.013434e+01 
1.378420e+00 2.914273e+01 
1.413200e+00 2.822685e+01 
1.448110e+00 2.735855e+01 
1.484090e+00 2.651305e+01 
1.518820e+00 2.574069e+01 
1.552880e+00 2.502148e+01 
1.588630e+00 2.430392e+01 
1.623230e+00 2.364362e+01 
1.657720e+00 2.301637e+01 
1.692450e+00 2.241388e+01 
1.726400e+00 2.185075e+01 
1.762200e+00 2.128253e+01 
1.797880e+00 2.074144e+01 
1.833270e+00 2.022785e+01 
1.869070e+00 1.972983e+01 
1.903200e+00 1.927430e+01 
1.937740e+00 1.883121e+01 
1.973190e+00 1.839384e+01 
2.007440e+00 1.798733e+01 
2.042160e+00 1.759031e+01 
2.077900e+00 1.719654e+01 
2.112390e+00 1.683041e+01 
2.146220e+00 1.648327e+01 
2.181600e+00 1.613281e+01 
2.216930e+00 1.579468e+01 
2.250760e+00 1.548162e+01 
2.286500e+00 1.516179e+01 
2.321770e+00 1.485656e+01 
2.355950e+00 1.457004e+01 
2.391280e+00 1.428275e+01 
2.426240e+00 1.400723e+01 
2.460670e+00 1.374420e+01 
2.495640e+00 1.348522e+01 
2.531080e+00 1.323009e+01 
2.566220e+00 1.298446e+01 
2.600830e+00 1.274955e+01 
2.635080e+00 1.252373e+01 
2.670340e+00 1.229721e+01 
2.705970e+00 1.207478e+01 
2.740040e+00 1.186797e+01 
2.774520e+00 1.166397e+01 
2.809730e+00 1.146096e+01 
2.844390e+00 1.126650e+01 
2.879960e+00 1.107207e+01 
2.914860e+00 1.088597e+01 
2.949410e+00 1.070653e+01 
2.984440e+00 1.052889e+01 
3.019760e+00 1.035421e+01 
3.054730e+00 1.018571e+01 
3.089030e+00 1.002386e+01 
3.124060e+00 9.862680e+00 
3.159560e+00 9.703225e+00 
3.194710e+00 9.548911e+00 
3.229010e+00 9.402036e+00 
3.263320e+00 9.257811e+00 
3.297930e+00 9.115819e+00 
3.332830e+00 8.975773e+00 
3.368040e+00 8.837577e+00 
3.403300e+00 8.702338e+00 
3.438450e+00 8.570258e+00 
3.473060e+00 8.443298e+00 
3.508440e+00 8.315775e+00 
3.543110e+00 8.193760e+00 
3.577470e+00 8.075045e+00 
3.613040e+00 7.954912e+00 
3.648120e+00 7.838705e+00 
3.682910e+00 7.725923e+00 
3.718050e+00 7.614172e+00 
3.753320e+00 7.504347e+00 
3.787980e+00 7.398484e+00 
3.822290e+00 7.295798e+00 
3.857020e+00 7.193783e+00 
3.891920e+00 7.093329e+00 
3.926650e+00 6.995149e+00 
3.961970e+00 6.897333e+00 
3.997360e+00 6.801039e+00 
4.031670e+00 6.709619e+00 
4.066330e+00 6.618803e+00 
4.101420e+00 6.528814e+00 
4.136200e+00 6.440886e+00 
4.170810e+00 6.355232e+00 
4.206250e+00 6.268954e+00 
4.241580e+00 6.184689e+00 
4.276300e+00 6.103270e+00 
4.310970e+00 6.023448e+00 
4.346120e+00 5.943995e+00 
4.380600e+00 5.867331e+00 
4.414730e+00 5.792937e+00 
4.450350e+00 5.716411e+00 
4.485320e+00 5.642793e+00 
4.519810e+00 5.571306e+00 
4.555430e+00 5.498794e+00 
4.590870e+00 5.427955e+00 
4.625480e+00 5.359861e+00 
4.659910e+00 5.293410e+00 
4.695230e+00 5.226229e+00 
4.729960e+00 5.161382e+00 
4.764450e+00 5.098059e+00 
4.799530e+00 5.034641e+00 
4.834910e+00 4.971882e+00 
4.869700e+00 4.911047e+00 
4.904370e+00 4.851486e+00 
4.939450e+00 4.792249e+00 
4.973940e+00 4.734874e+00 
5.008430e+00 4.678523e+00 
5.043810e+00 4.621583e+00 
5.078840e+00 4.566119e+00 
5.113500e+00 4.512214e+00 
5.148890e+00 4.457890e+00 
5.184210e+00 4.404626e+00 
5.219060e+00 4.352946e+00 
5.253660e+00 4.302393e+00 
5.288570e+00 4.252262e+00 
5.323420e+00 4.202975e+00 
5.358440e+00 4.154181e+00 
5.393590e+00 4.106041e+00 
5.428310e+00 4.059180e+00 
5.462800e+00 4.013346e+00 
5.497640e+00 3.967813e+00 
5.532670e+00 3.922677e+00 
5.567280e+00 3.878780e+00 
5.602000e+00 3.835461e+00 
5.637270e+00 3.792064e+00 
5.672410e+00 3.749508e+00 
5.707020e+00 3.708271e+00 
5.742040e+00 3.667129e+00 
5.777430e+00 3.626204e+00 
5.812210e+00 3.586626e+00 
5.846820e+00 3.547777e+00 
5.881610e+00 3.509313e+00 
5.916510e+00 3.471331e+00 
5.951600e+00 3.433677e+00 
5.986560e+00 3.396717e+00 
6.021830e+00 3.360008e+00 
6.056490e+00 3.324453e+00 
6.091160e+00 3.289396e+00 
6.125830e+00 3.254867e+00 
6.161090e+00 3.220266e+00 
6.195760e+00 3.186723e+00 
6.230420e+00 3.153686e+00 
6.265690e+00 3.120567e+00 
6.300950e+00 3.087912e+00 
6.335620e+00 3.056277e+00 
6.370880e+00 3.024575e+00 
6.405550e+00 2.993839e+00 
6.440220e+00 2.963538e+00 
6.475480e+00 2.933166e+00 
6.510150e+00 2.903728e+00 
6.544810e+00 2.874707e+00 
6.580080e+00 2.845596e+00 
6.614750e+00 2.817386e+00 
6.649410e+00 2.789572e+00 
6.684080e+00 2.762135e+00 
6.719340e+00 2.734622e+00 
6.754010e+00 2.707947e+00 
6.788680e+00 2.681643e+00 
6.823940e+00 2.655260e+00 
6.859800e+00 2.628803e+00 
6.894470e+00 2.603585e+00 
6.929140e+00 2.578710e+00 
6.963800e+00 2.554176e+00 
6.999070e+00 2.529547e+00 
7.033730e+00 2.505691e+00 
7.068400e+00 2.482143e+00 
7.103660e+00 2.458512e+00 
7.138330e+00 2.435590e+00 
7.173600e+00 2.412593e+00 
7.208260e+00 2.390289e+00 
7.243530e+00 2.367889e+00 
7.277600e+00 2.346545e+00 
7.312860e+00 2.324753e+00 
7.348120e+00 2.303244e+00 
7.382790e+00 2.282365e+00 
7.417460e+00 2.261774e+00 
7.452720e+00 2.241111e+00 
7.487390e+00 2.221050e+00 
7.522650e+00 2.200905e+00 
7.557320e+00 2.181381e+00 
7.591990e+00 2.162111e+00 
7.627250e+00 2.142758e+00 
7.662510e+00 2.123645e+00 
7.697180e+00 2.105118e+00 
7.731850e+00 2.086830e+00 
7.766510e+00 2.068768e+00 
7.801180e+00 2.050918e+00 
7.836440e+00 2.033011e+00 
7.871110e+00 2.015633e+00 
7.906380e+00 1.998165e+00 
7.941040e+00 1.981205e+00 
7.976310e+00 1.964173e+00 
8.011570e+00 1.947374e+00 
8.046240e+00 1.931051e+00 
8.080900e+00 1.914923e+00 
8.115570e+00 1.898991e+00 
8.150830e+00 1.883026e+00 
8.185500e+00 1.867510e+00 
8.220770e+00 1.851909e+00 
8.255430e+00 1.836753e+00 
8.290100e+00 1.821811e+00 
8.324770e+00 1.807044e+00 
8.359430e+00 1.792447e+00 
8.394700e+00 1.777761e+00 
8.429960e+00 1.763275e+00 
8.464630e+00 1.749220e+00 
8.499890e+00 1.735085e+00 
8.534560e+00 1.721342e+00 
8.569200e+00 1.707761e+00 
