# Parameters:
# omega_b = 0.021799, omega_m = 0.154449, n_s = 0.912992, h = 63.976378, w = -1.000000, sigma_8 = 0.775591
# z = 1.700000
#
# k[1/Mpc] # P(k):
8.694000e-04 3.003485e+03 
2.077466e-03 6.191015e+03 
3.285532e-03 8.637098e+03 
4.493598e-03 1.051632e+04 
5.701664e-03 1.192549e+04 
6.909730e-03 1.294267e+04 
8.117797e-03 1.365208e+04 
9.325863e-03 1.409797e+04 
1.053393e-02 1.432480e+04 
1.174199e-02 1.437379e+04 
1.295006e-02 1.427011e+04 
1.415813e-02 1.404722e+04 
1.536619e-02 1.373389e+04 
1.657426e-02 1.334867e+04 
1.778233e-02 1.290852e+04 
1.899039e-02 1.243974e+04 
2.019846e-02 1.195653e+04 
2.140652e-02 1.147180e+04 
2.261459e-02 1.099222e+04 
2.382266e-02 1.052725e+04 
2.503072e-02 1.008453e+04 
2.623879e-02 9.667554e+03 
2.744685e-02 9.277283e+03 
2.865492e-02 8.916790e+03 
2.986299e-02 8.585579e+03 
3.100100e-02 8.300117e+03 
3.220400e-02 8.025053e+03 
3.288100e-02 7.882113e+03 
3.424300e-02 7.617691e+03 
3.555100e-02 7.389491e+03 
3.686000e-02 7.183328e+03 
3.795000e-02 7.025760e+03 
3.929100e-02 6.847073e+03 
4.039800e-02 6.708944e+03 
4.164000e-02 6.561557e+03 
4.294400e-02 6.411375e+03 
4.415000e-02 6.276038e+03 
4.542900e-02 6.131663e+03 
4.660900e-02 5.998935e+03 
4.782300e-02 5.857448e+03 
4.892900e-02 5.727111e+03 
5.031200e-02 5.560209e+03 
5.155900e-02 5.405281e+03 
5.238100e-02 5.301558e+03 
5.378200e-02 5.122865e+03 
5.513400e-02 4.948135e+03 
5.627600e-02 4.800009e+03 
5.735300e-02 4.661040e+03 
5.870100e-02 4.489179e+03 
5.988700e-02 4.341348e+03 
6.113500e-02 4.189789e+03 
6.225900e-02 4.057650e+03 
6.340100e-02 3.928482e+03 
6.480200e-02 3.777943e+03 
6.601100e-02 3.656145e+03 
6.725500e-02 3.539182e+03 
6.829100e-02 3.448996e+03 
6.958600e-02 3.344486e+03 
7.071100e-02 3.261673e+03 
7.192300e-02 3.180008e+03 
7.307400e-02 3.109289e+03 
7.412300e-02 3.050170e+03 
7.550400e-02 2.979972e+03 
7.663100e-02 2.927667e+03 
7.791200e-02 2.874081e+03 
7.912700e-02 2.827718e+03 
8.027600e-02 2.786803e+03 
8.138400e-02 2.749426e+03 
8.272200e-02 2.706384e+03 
8.406100e-02 2.664702e+03 
8.534100e-02 2.625116e+03 
8.653800e-02 2.587524e+03 
8.759800e-02 2.553755e+03 
8.900300e-02 2.507780e+03 
9.009000e-02 2.470804e+03 
9.113300e-02 2.433723e+03 
9.239600e-02 2.387847e+03 
9.358000e-02 2.343293e+03 
9.496100e-02 2.289028e+03 
9.608400e-02 2.244243e+03 
9.727500e-02 2.196566e+03 
9.852600e-02 2.144793e+03 
9.973800e-02 2.095206e+03 
1.009000e-01 2.048290e+03 
1.020900e-01 2.000400e+03 
1.034000e-01 1.949196e+03 
1.046000e-01 1.903643e+03 
1.057200e-01 1.862764e+03 
1.069100e-01 1.820877e+03 
1.082500e-01 1.776189e+03 
1.093900e-01 1.740322e+03 
1.105400e-01 1.705717e+03 
1.116900e-01 1.673780e+03 
1.129600e-01 1.640167e+03 
1.142000e-01 1.610143e+03 
1.153300e-01 1.584353e+03 
1.166400e-01 1.556558e+03 
1.177800e-01 1.534292e+03 
1.190000e-01 1.511653e+03 
1.201200e-01 1.492668e+03 
1.213400e-01 1.472710e+03 
1.227100e-01 1.452225e+03 
1.238900e-01 1.435189e+03 
1.250700e-01 1.419017e+03 
1.263200e-01 1.402299e+03 
1.275500e-01 1.386261e+03 
1.287500e-01 1.370753e+03 
1.299900e-01 1.354744e+03 
1.311300e-01 1.339898e+03 
1.323500e-01 1.323671e+03 
1.335900e-01 1.306896e+03 
1.347100e-01 1.291209e+03 
1.359800e-01 1.273199e+03 
1.372100e-01 1.254933e+03 
1.384300e-01 1.236736e+03 
1.395700e-01 1.218940e+03 
1.407700e-01 1.200485e+03 
1.420300e-01 1.180215e+03 
1.432800e-01 1.160580e+03 
1.444500e-01 1.141752e+03 
1.456300e-01 1.123183e+03 
1.468900e-01 1.103653e+03 
1.480500e-01 1.086033e+03 
1.491700e-01 1.069526e+03 
1.503800e-01 1.052260e+03 
1.516400e-01 1.034838e+03 
1.528200e-01 1.019557e+03 
1.540200e-01 1.004340e+03 
1.551900e-01 9.906371e+02 
1.564300e-01 9.766100e+02 
1.576600e-01 9.634545e+02 
1.588700e-01 9.513383e+02 
1.600900e-01 9.394032e+02 
1.612700e-01 9.288965e+02 
1.625400e-01 9.178019e+02 
1.637600e-01 9.076694e+02 
1.649500e-01 8.981540e+02 
1.662200e-01 8.882098e+02 
1.674000e-01 8.792746e+02 
1.685000e-01 8.710846e+02 
1.697500e-01 8.618501e+02 
1.710300e-01 8.524804e+02 
1.722200e-01 8.439245e+02 
1.734400e-01 8.349262e+02 
1.746400e-01 8.262131e+02 
1.758700e-01 8.172799e+02 
1.770900e-01 8.082543e+02 
1.782700e-01 7.996736e+02 
1.794600e-01 7.908988e+02 
1.807000e-01 7.817334e+02 
1.819100e-01 7.729448e+02 
1.830100e-01 7.648216e+02 
1.842200e-01 7.559866e+02 
1.855000e-01 7.467967e+02 
1.867000e-01 7.381607e+02 
1.879200e-01 7.295295e+02 
1.890900e-01 7.213843e+02 
1.902800e-01 7.132069e+02 
1.915200e-01 7.048286e+02 
1.926900e-01 6.970752e+02 
1.939000e-01 6.892564e+02 
1.951700e-01 6.811871e+02 
1.963100e-01 6.741033e+02 
1.975100e-01 6.668763e+02 
1.987800e-01 6.593518e+02 
2.000100e-01 6.522391e+02 
2.012500e-01 6.453126e+02 
2.023400e-01 6.393148e+02 
2.036100e-01 6.324666e+02 
2.048900e-01 6.258116e+02 
2.060400e-01 6.199232e+02 
2.072200e-01 6.139782e+02 
2.084200e-01 6.081375e+02 
2.096900e-01 6.020493e+02 
2.109200e-01 5.962422e+02 
2.121100e-01 5.907723e+02 
2.132700e-01 5.855187e+02 
2.145200e-01 5.799385e+02 
2.157200e-01 5.746747e+02 
2.168800e-01 5.696642e+02 
2.180700e-01 5.645947e+02 
2.193400e-01 5.592569e+02 
2.206000e-01 5.540295e+02 
2.217500e-01 5.493247e+02 
2.229500e-01 5.444813e+02 
2.241400e-01 5.397065e+02 
2.253500e-01 5.349166e+02 
2.264900e-01 5.304637e+02 
2.277100e-01 5.257411e+02 
2.289900e-01 5.208329e+02 
2.301500e-01 5.164453e+02 
2.313600e-01 5.119285e+02 
2.325600e-01 5.074702e+02 
2.337700e-01 5.030344e+02 
2.350000e-01 4.985855e+02 
2.362000e-01 4.942912e+02 
2.374100e-01 4.900041e+02 
2.386500e-01 4.856689e+02 
2.399100e-01 4.813231e+02 
2.410400e-01 4.774704e+02 
2.422500e-01 4.733957e+02 
2.435000e-01 4.692413e+02 
2.447300e-01 4.652081e+02 
2.458700e-01 4.615216e+02 
2.470600e-01 4.577203e+02 
2.483300e-01 4.537153e+02 
2.495600e-01 4.498940e+02 
2.507600e-01 4.462225e+02 
2.519600e-01 4.425962e+02 
2.532200e-01 4.388363e+02 
2.543700e-01 4.354599e+02 
2.555500e-01 4.320451e+02 
2.568000e-01 4.284719e+02 
2.580100e-01 4.250555e+02 
2.592400e-01 4.216396e+02 
2.604100e-01 4.184353e+02 
2.616100e-01 4.151872e+02 
2.628400e-01 4.118976e+02 
2.640600e-01 4.086896e+02 
2.652200e-01 4.056809e+02 
2.664300e-01 4.025784e+02 
2.676500e-01 3.994868e+02 
2.688400e-01 3.965148e+02 
2.700700e-01 3.934837e+02 
2.712400e-01 3.906333e+02 
2.724800e-01 3.876467e+02 
2.736700e-01 3.848196e+02 
2.748800e-01 3.819837e+02 
2.761000e-01 3.791566e+02 
2.773200e-01 3.763615e+02 
2.785400e-01 3.735999e+02 
2.797000e-01 3.710071e+02 
2.808900e-01 3.683757e+02 
2.821400e-01 3.656424e+02 
2.833900e-01 3.629400e+02 
2.845500e-01 3.604609e+02 
2.857800e-01 3.578603e+02 
2.870300e-01 3.552468e+02 
2.882100e-01 3.528064e+02 
2.893900e-01 3.503922e+02 
2.906300e-01 3.478828e+02 
2.918900e-01 3.453610e+02 
2.930500e-01 3.430640e+02 
2.942500e-01 3.407116e+02 
2.954200e-01 3.384396e+02 
2.966500e-01 3.360759e+02 
2.978900e-01 3.337184e+02 
2.990400e-01 3.315545e+02 
3.002700e-01 3.292615e+02 
3.015100e-01 3.269732e+02 
3.026800e-01 3.248363e+02 
3.038500e-01 3.227205e+02 
3.050300e-01 3.206078e+02 
3.062600e-01 3.184233e+02 
3.075000e-01 3.162440e+02 
3.087000e-01 3.141564e+02 
3.099100e-01 3.120725e+02 
3.111200e-01 3.100089e+02 
3.123100e-01 3.079984e+02 
3.135300e-01 3.059577e+02 
3.147300e-01 3.039704e+02 
3.159900e-01 3.019047e+02 
3.171800e-01 2.999729e+02 
3.183700e-01 2.980596e+02 
3.196300e-01 2.960538e+02 
3.208400e-01 2.941468e+02 
3.220300e-01 2.922893e+02 
3.232000e-01 2.904816e+02 
3.244300e-01 2.885999e+02 
3.256700e-01 2.867214e+02 
3.269200e-01 2.848465e+02 
3.280800e-01 2.831230e+02 
3.292500e-01 2.814041e+02 
3.304800e-01 2.796151e+02 
3.317100e-01 2.778432e+02 
3.328900e-01 2.761592e+02 
3.340700e-01 2.744906e+02 
3.353600e-01 2.726887e+02 
3.365300e-01 2.710718e+02 
3.377100e-01 2.694556e+02 
3.389200e-01 2.678135e+02 
3.401600e-01 2.661463e+02 
3.413700e-01 2.645403e+02 
3.425300e-01 2.630185e+02 
3.437700e-01 2.614064e+02 
3.449800e-01 2.598477e+02 
3.461800e-01 2.583158e+02 
3.473600e-01 2.568257e+02 
3.485800e-01 2.553061e+02 
3.498100e-01 2.537877e+02 
3.510200e-01 2.523075e+02 
3.522000e-01 2.508765e+02 
3.533900e-01 2.494460e+02 
3.546400e-01 2.479680e+02 
3.558400e-01 2.465624e+02 
3.570600e-01 2.451459e+02 
3.582700e-01 2.437532e+02 
3.595000e-01 2.423498e+02 
3.607100e-01 2.409882e+02 
3.618900e-01 2.396768e+02 
3.631200e-01 2.383216e+02 
3.643200e-01 2.370107e+02 
3.655500e-01 2.356785e+02 
3.667300e-01 2.344113e+02 
3.679500e-01 2.331250e+02 
3.691900e-01 2.318289e+02 
3.703600e-01 2.306160e+02 
3.715700e-01 2.293720e+02 
3.727700e-01 2.281485e+02 
3.739900e-01 2.269192e+02 
3.752000e-01 2.257179e+02 
3.763900e-01 2.245460e+02 
3.775800e-01 2.233836e+02 
3.788200e-01 2.221822e+02 
3.800300e-01 2.210196e+02 
3.812100e-01 2.199017e+02 
3.824200e-01 2.187690e+02 
3.836100e-01 2.176639e+02 
3.848600e-01 2.165125e+02 
3.860400e-01 2.154343e+02 
3.872400e-01 2.143464e+02 
3.884600e-01 2.132573e+02 
3.896500e-01 2.122065e+02 
3.908700e-01 2.111375e+02 
3.920600e-01 2.101031e+02 
3.933100e-01 2.090250e+02 
3.945300e-01 2.079812e+02 
3.957200e-01 2.069794e+02 
3.969300e-01 2.059710e+02 
3.981700e-01 2.049456e+02 
3.993500e-01 2.039774e+02 
4.094840e-01 1.959924e+02 
4.272360e-01 1.833649e+02 
4.454600e-01 1.718683e+02 
4.630560e-01 1.619391e+02 
4.804610e-01 1.530703e+02 
4.980690e-01 1.449210e+02 
5.159230e-01 1.373870e+02 
5.317440e-01 1.312517e+02 
5.489640e-01 1.250863e+02 
5.671990e-01 1.190804e+02 
5.838690e-01 1.140102e+02 
6.018840e-01 1.089403e+02 
6.202330e-01 1.041739e+02 
6.379250e-01 9.991506e+01 
6.545410e-01 9.619766e+01 
6.714560e-01 9.266247e+01 
6.892080e-01 8.920176e+01 
7.066010e-01 8.604049e+01 
7.240540e-01 8.307029e+01 
7.420450e-01 8.020981e+01 
7.593780e-01 7.762849e+01 
7.764720e-01 7.523321e+01 
7.942840e-01 7.288568e+01 
8.116170e-01 7.073644e+01 
8.288310e-01 6.872283e+01 
8.462240e-01 6.679988e+01 
8.631980e-01 6.502316e+01 
8.810700e-01 6.325095e+01 
8.989410e-01 6.157190e+01 
9.166330e-01 5.999496e+01 
9.345640e-01 5.847752e+01 
9.515980e-01 5.710480e+01 
9.688720e-01 5.577658e+01 
9.865640e-01 5.447956e+01 
1.031870e+00 5.141155e+01 
1.063490e+00 4.946446e+01 
1.097920e+00 4.750420e+01 
1.134370e+00 4.558508e+01 
1.167730e+00 4.395590e+01 
1.203830e+00 4.231348e+01 
1.240470e+00 4.076136e+01 
1.275790e+00 3.936300e+01 
1.309140e+00 3.812327e+01 
1.342970e+00 3.693543e+01 
1.378420e+00 3.576238e+01 
1.413200e+00 3.467569e+01 
1.448110e+00 3.364263e+01 
1.484090e+00 3.263425e+01 
1.518820e+00 3.171061e+01 
1.552880e+00 3.084819e+01 
1.588630e+00 2.998577e+01 
1.623230e+00 2.919036e+01 
1.657720e+00 2.843316e+01 
1.692450e+00 2.770426e+01 
1.726400e+00 2.702144e+01 
1.762200e+00 2.633101e+01 
1.797880e+00 2.567227e+01 
1.833270e+00 2.504589e+01 
1.869070e+00 2.443734e+01 
1.903200e+00 2.387972e+01 
1.937740e+00 2.333650e+01 
1.973190e+00 2.279950e+01 
2.007440e+00 2.229964e+01 
2.042160e+00 2.181069e+01 
2.077900e+00 2.132506e+01 
2.112390e+00 2.087298e+01 
2.146220e+00 2.044370e+01 
2.181600e+00 2.000984e+01 
2.216930e+00 1.959071e+01 
2.250760e+00 1.920228e+01 
2.286500e+00 1.880508e+01 
2.321770e+00 1.842562e+01 
2.355950e+00 1.806907e+01 
2.391280e+00 1.771112e+01 
2.426240e+00 1.736757e+01 
2.460670e+00 1.703939e+01 
2.495640e+00 1.671609e+01 
2.531080e+00 1.639724e+01 
2.566220e+00 1.609003e+01 
2.600830e+00 1.579607e+01 
2.635080e+00 1.551333e+01 
2.670340e+00 1.522953e+01 
2.705970e+00 1.495072e+01 
2.740040e+00 1.469138e+01 
2.774520e+00 1.443539e+01 
2.809730e+00 1.418052e+01 
2.844390e+00 1.393633e+01 
2.879960e+00 1.369209e+01 
2.914860e+00 1.345822e+01 
2.949410e+00 1.323265e+01 
2.984440e+00 1.300925e+01 
3.019760e+00 1.278951e+01 
3.054730e+00 1.257753e+01 
3.089030e+00 1.237384e+01 
3.124060e+00 1.217099e+01 
3.159560e+00 1.197030e+01 
3.194710e+00 1.177603e+01 
3.229010e+00 1.159112e+01 
3.263320e+00 1.140952e+01 
3.297930e+00 1.123073e+01 
3.332830e+00 1.105437e+01 
3.368040e+00 1.088035e+01 
3.403300e+00 1.071008e+01 
3.438450e+00 1.054376e+01 
3.473060e+00 1.038390e+01 
3.508440e+00 1.022334e+01 
3.543110e+00 1.006974e+01 
3.577470e+00 9.920337e+00 
3.613040e+00 9.769158e+00 
3.648120e+00 9.622911e+00 
3.682910e+00 9.481012e+00 
3.718050e+00 9.340462e+00 
3.753320e+00 9.202346e+00 
3.787980e+00 9.069219e+00 
3.822290e+00 8.940126e+00 
3.857020e+00 8.811922e+00 
3.891920e+00 8.685704e+00 
3.926650e+00 8.562368e+00 
3.961970e+00 8.439523e+00 
3.997360e+00 8.318642e+00 
4.031670e+00 8.203903e+00 
4.066330e+00 8.089956e+00 
4.101420e+00 7.977066e+00 
4.136200e+00 7.866830e+00 
4.170810e+00 7.759463e+00 
4.206250e+00 7.651367e+00 
4.241580e+00 7.545814e+00 
4.276300e+00 7.443876e+00 
4.310970e+00 7.343970e+00 
4.346120e+00 7.244555e+00 
4.380600e+00 7.148671e+00 
4.414730e+00 7.055642e+00 
4.450350e+00 6.960022e+00 
4.485320e+00 6.868050e+00 
4.519810e+00 6.778799e+00 
4.555430e+00 6.688302e+00 
4.590870e+00 6.599916e+00 
4.625480e+00 6.514987e+00 
4.659910e+00 6.432121e+00 
4.695230e+00 6.348425e+00 
4.729960e+00 6.267659e+00 
4.764450e+00 6.188822e+00 
4.799530e+00 6.109911e+00 
4.834910e+00 6.031833e+00 
4.869700e+00 5.956203e+00 
4.904370e+00 5.882177e+00 
4.939450e+00 5.808580e+00 
4.973940e+00 5.737346e+00 
5.008430e+00 5.667395e+00 
5.043810e+00 5.596752e+00 
5.078840e+00 5.527969e+00 
5.113500e+00 5.461128e+00 
5.148890e+00 5.393836e+00 
5.184210e+00 5.327869e+00 
5.219060e+00 5.263885e+00 
5.253660e+00 5.201339e+00 
5.288570e+00 5.139325e+00 
5.323420e+00 5.078384e+00 
5.358440e+00 5.018084e+00 
5.393590e+00 4.958600e+00 
5.428310e+00 4.900744e+00 
5.462800e+00 4.844183e+00 
5.497640e+00 4.788001e+00 
5.532670e+00 4.732347e+00 
5.567280e+00 4.678237e+00 
5.602000e+00 4.624845e+00 
5.637270e+00 4.571401e+00 
5.672410e+00 4.519009e+00 
5.707020e+00 4.468246e+00 
5.742040e+00 4.417645e+00 
5.777430e+00 4.367326e+00 
5.812210e+00 4.318670e+00 
5.846820e+00 4.270939e+00 
5.881610e+00 4.223695e+00 
5.916510e+00 4.177047e+00 
5.951600e+00 4.130840e+00 
5.986560e+00 4.085505e+00 
6.021830e+00 4.040482e+00 
6.056490e+00 3.996895e+00 
6.091160e+00 3.953937e+00 
6.125830e+00 3.911631e+00 
6.161090e+00 3.869253e+00 
6.195760e+00 3.828200e+00 
6.230420e+00 3.787772e+00 
6.265690e+00 3.747248e+00 
6.300950e+00 3.707323e+00 
6.335620e+00 3.668649e+00 
6.370880e+00 3.629898e+00 
6.405550e+00 3.592349e+00 
6.440220e+00 3.555343e+00 
6.475480e+00 3.518255e+00 
6.510150e+00 3.482320e+00 
6.544810e+00 3.446918e+00 
6.580080e+00 3.411411e+00 
6.614750e+00 3.377006e+00 
6.649410e+00 3.343103e+00 
6.684080e+00 3.309668e+00 
6.719340e+00 3.276142e+00 
6.754010e+00 3.243649e+00 
6.788680e+00 3.211629e+00 
6.823940e+00 3.179515e+00 
6.859800e+00 3.147314e+00 
6.894470e+00 3.116636e+00 
6.929140e+00 3.086381e+00 
6.963800e+00 3.056544e+00 
6.999070e+00 3.026596e+00 
7.033730e+00 2.997605e+00 
7.068400e+00 2.968993e+00 
7.103660e+00 2.940282e+00 
7.138330e+00 2.912441e+00 
7.173600e+00 2.884521e+00 
7.208260e+00 2.857445e+00 
7.243530e+00 2.830254e+00 
7.277600e+00 2.804354e+00 
7.312860e+00 2.777918e+00 
7.348120e+00 2.751827e+00 
7.382790e+00 2.726503e+00 
7.417460e+00 2.701540e+00 
7.452720e+00 2.676497e+00 
7.487390e+00 2.652186e+00 
7.522650e+00 2.627774e+00 
7.557320e+00 2.604122e+00 
7.591990e+00 2.580784e+00 
7.627250e+00 2.557344e+00 
7.662510e+00 2.534199e+00 
7.697180e+00 2.511772e+00 
7.731850e+00 2.489639e+00 
7.766510e+00 2.467781e+00 
7.801180e+00 2.446182e+00 
7.836440e+00 2.424520e+00 
7.871110e+00 2.403501e+00 
7.906380e+00 2.382377e+00 
7.941040e+00 2.361867e+00 
7.976310e+00 2.341276e+00 
8.011570e+00 2.320971e+00 
8.046240e+00 2.301243e+00 
8.080900e+00 2.281752e+00 
8.115570e+00 2.262500e+00 
8.150830e+00 2.243214e+00 
8.185500e+00 2.224472e+00 
8.220770e+00 2.205627e+00 
8.255430e+00 2.187323e+00 
8.290100e+00 2.169282e+00 
8.324770e+00 2.151453e+00 
8.359430e+00 2.133831e+00 
8.394700e+00 2.116104e+00 
8.429960e+00 2.098620e+00 
8.464630e+00 2.081660e+00 
8.499890e+00 2.064605e+00 
8.534560e+00 2.048023e+00 
8.569200e+00 2.031638e+00 
