# Parameters:
# omega_b = 0.022524, omega_m = 0.144528, n_s = 0.890945, h = 72.244094, w = -1.000000, sigma_8 = 0.769291
# z = 1.900000
#
# k[1/Mpc] # P(k):
8.694000e-04 3.406709e+03 
2.077466e-03 6.842044e+03 
3.285532e-03 9.390663e+03 
4.493598e-03 1.128690e+04 
5.701664e-03 1.265051e+04 
6.909730e-03 1.358360e+04 
8.117797e-03 1.418908e+04 
9.325863e-03 1.451985e+04 
1.053393e-02 1.462558e+04 
1.174199e-02 1.455065e+04 
1.295006e-02 1.432347e+04 
1.415813e-02 1.398092e+04 
1.536619e-02 1.355340e+04 
1.657426e-02 1.306126e+04 
1.778233e-02 1.252342e+04 
1.899039e-02 1.196774e+04 
2.019846e-02 1.140888e+04 
2.140652e-02 1.085971e+04 
2.261459e-02 1.032708e+04 
2.382266e-02 9.819783e+03 
2.503072e-02 9.344185e+03 
2.623879e-02 8.902613e+03 
2.744685e-02 8.495674e+03 
2.865492e-02 8.124717e+03 
2.986299e-02 7.788170e+03 
3.100100e-02 7.502031e+03 
3.220400e-02 7.229791e+03 
3.288100e-02 7.089996e+03 
3.424300e-02 6.834348e+03 
3.555100e-02 6.616852e+03 
3.686000e-02 6.423177e+03 
3.795000e-02 6.276951e+03 
3.929100e-02 6.113131e+03 
4.039800e-02 5.987348e+03 
4.164000e-02 5.853690e+03 
4.294400e-02 5.717414e+03 
4.415000e-02 5.594051e+03 
4.542900e-02 5.461046e+03 
4.660900e-02 5.337645e+03 
4.782300e-02 5.204300e+03 
4.892900e-02 5.080408e+03 
5.031200e-02 4.920064e+03 
5.155900e-02 4.770017e+03 
5.238100e-02 4.669077e+03 
5.378200e-02 4.494434e+03 
5.513400e-02 4.322955e+03 
5.627600e-02 4.176945e+03 
5.735300e-02 4.039442e+03 
5.870100e-02 3.868547e+03 
5.988700e-02 3.721037e+03 
6.113500e-02 3.569899e+03 
6.225900e-02 3.438956e+03 
6.340100e-02 3.312705e+03 
6.480200e-02 3.168476e+03 
6.601100e-02 3.055332e+03 
6.725500e-02 2.950066e+03 
6.829100e-02 2.871653e+03 
6.958600e-02 2.783083e+03 
7.071100e-02 2.715058e+03 
7.192300e-02 2.649568e+03 
7.307400e-02 2.594076e+03 
7.412300e-02 2.548458e+03 
7.550400e-02 2.495130e+03 
7.663100e-02 2.455729e+03 
7.791200e-02 2.415464e+03 
7.912700e-02 2.380288e+03 
8.027600e-02 2.348708e+03 
8.138400e-02 2.319253e+03 
8.272200e-02 2.284320e+03 
8.406100e-02 2.249272e+03 
8.534100e-02 2.214546e+03 
8.653800e-02 2.180443e+03 
8.759800e-02 2.149195e+03 
8.900300e-02 2.105819e+03 
9.009000e-02 2.070399e+03 
9.113300e-02 2.034599e+03 
9.239600e-02 1.990170e+03 
9.358000e-02 1.946963e+03 
9.496100e-02 1.894525e+03 
9.608400e-02 1.851482e+03 
9.727500e-02 1.805890e+03 
9.852600e-02 1.757038e+03 
9.973800e-02 1.710696e+03 
1.009000e-01 1.667224e+03 
1.020900e-01 1.623800e+03 
1.034000e-01 1.577934e+03 
1.046000e-01 1.537704e+03 
1.057200e-01 1.502590e+03 
1.069100e-01 1.467004e+03 
1.082500e-01 1.430137e+03 
1.093900e-01 1.401248e+03 
1.105400e-01 1.373783e+03 
1.116900e-01 1.349326e+03 
1.129600e-01 1.323872e+03 
1.142000e-01 1.301846e+03 
1.153300e-01 1.283113e+03 
1.166400e-01 1.263232e+03 
1.177800e-01 1.247379e+03 
1.190000e-01 1.231296e+03 
1.201200e-01 1.217545e+03 
1.213400e-01 1.203039e+03 
1.227100e-01 1.187376e+03 
1.238900e-01 1.174136e+03 
1.250700e-01 1.160855e+03 
1.263200e-01 1.146821e+03 
1.275500e-01 1.132682e+03 
1.287500e-01 1.118705e+03 
1.299900e-01 1.103801e+03 
1.311300e-01 1.089813e+03 
1.323500e-01 1.074282e+03 
1.335900e-01 1.058220e+03 
1.347100e-01 1.043189e+03 
1.359800e-01 1.026038e+03 
1.372100e-01 1.008833e+03 
1.384300e-01 9.918477e+02 
1.395700e-01 9.755686e+02 
1.407700e-01 9.587555e+02 
1.420300e-01 9.408147e+02 
1.432800e-01 9.234557e+02 
1.444500e-01 9.073475e+02 
1.456300e-01 8.914750e+02 
1.468900e-01 8.751599e+02 
1.480500e-01 8.605564e+02 
1.491700e-01 8.470485e+02 
1.503800e-01 8.331369e+02 
1.516400e-01 8.191613e+02 
1.528200e-01 8.071615e+02 
1.540200e-01 7.952115e+02 
1.551900e-01 7.846235e+02 
1.564300e-01 7.738274e+02 
1.576600e-01 7.637508e+02 
1.588700e-01 7.545314e+02 
1.600900e-01 7.454472e+02 
1.612700e-01 7.374368e+02 
1.625400e-01 7.289769e+02 
1.637600e-01 7.211667e+02 
1.649500e-01 7.137815e+02 
1.662200e-01 7.060290e+02 
1.674000e-01 6.988722e+02 
1.685000e-01 6.923124e+02 
1.697500e-01 6.847872e+02 
1.710300e-01 6.770250e+02 
1.722200e-01 6.699381e+02 
1.734400e-01 6.622596e+02 
1.746400e-01 6.548178e+02 
1.758700e-01 6.471451e+02 
1.770900e-01 6.393054e+02 
1.782700e-01 6.318559e+02 
1.794600e-01 6.242107e+02 
1.807000e-01 6.162100e+02 
1.819100e-01 6.085431e+02 
1.830100e-01 6.014989e+02 
1.842200e-01 5.938486e+02 
1.855000e-01 5.859006e+02 
1.867000e-01 5.785327e+02 
1.879200e-01 5.711733e+02 
1.890900e-01 5.642537e+02 
1.902800e-01 5.574220e+02 
1.915200e-01 5.504255e+02 
1.926900e-01 5.439843e+02 
1.939000e-01 5.375908e+02 
1.951700e-01 5.309945e+02 
1.963100e-01 5.252336e+02 
1.975100e-01 5.194331e+02 
1.987800e-01 5.133949e+02 
2.000100e-01 5.077079e+02 
2.012500e-01 5.022163e+02 
2.023400e-01 4.974615e+02 
2.036100e-01 4.920368e+02 
2.048900e-01 4.867802e+02 
2.060400e-01 4.821294e+02 
2.072200e-01 4.774325e+02 
2.084200e-01 4.727974e+02 
2.096900e-01 4.679663e+02 
2.109200e-01 4.633586e+02 
2.121100e-01 4.589765e+02 
2.132700e-01 4.547658e+02 
2.145200e-01 4.502941e+02 
2.157200e-01 4.460394e+02 
2.168800e-01 4.419729e+02 
2.180700e-01 4.378593e+02 
2.193400e-01 4.335126e+02 
2.206000e-01 4.292268e+02 
2.217500e-01 4.253703e+02 
2.229500e-01 4.214012e+02 
2.241400e-01 4.174609e+02 
2.253500e-01 4.135085e+02 
2.264900e-01 4.098352e+02 
2.277100e-01 4.059372e+02 
2.289900e-01 4.018835e+02 
2.301500e-01 3.982610e+02 
2.313600e-01 3.945329e+02 
2.325600e-01 3.908623e+02 
2.337700e-01 3.872114e+02 
2.350000e-01 3.835509e+02 
2.362000e-01 3.800281e+02 
2.374100e-01 3.765236e+02 
2.386500e-01 3.729808e+02 
2.399100e-01 3.694303e+02 
2.410400e-01 3.663041e+02 
2.422500e-01 3.630012e+02 
2.435000e-01 3.596346e+02 
2.447300e-01 3.563711e+02 
2.458700e-01 3.534050e+02 
2.470600e-01 3.503472e+02 
2.483300e-01 3.471264e+02 
2.495600e-01 3.440614e+02 
2.507600e-01 3.411274e+02 
2.519600e-01 3.382300e+02 
2.532200e-01 3.352265e+02 
2.543700e-01 3.325365e+02 
2.555500e-01 3.298209e+02 
2.568000e-01 3.269799e+02 
2.580100e-01 3.242640e+02 
2.592400e-01 3.215510e+02 
2.604100e-01 3.190075e+02 
2.616100e-01 3.164296e+02 
2.628400e-01 3.138192e+02 
2.640600e-01 3.112742e+02 
2.652200e-01 3.088878e+02 
2.664300e-01 3.064273e+02 
2.676500e-01 3.039760e+02 
2.688400e-01 3.016184e+02 
2.700700e-01 2.992135e+02 
2.712400e-01 2.969523e+02 
2.724800e-01 2.945834e+02 
2.736700e-01 2.923384e+02 
2.748800e-01 2.900838e+02 
2.761000e-01 2.878367e+02 
2.773200e-01 2.856153e+02 
2.785400e-01 2.834195e+02 
2.797000e-01 2.813552e+02 
2.808900e-01 2.792607e+02 
2.821400e-01 2.770854e+02 
2.833900e-01 2.749350e+02 
2.845500e-01 2.729577e+02 
2.857800e-01 2.708840e+02 
2.870300e-01 2.688003e+02 
2.882100e-01 2.668550e+02 
2.893900e-01 2.649286e+02 
2.906300e-01 2.629254e+02 
2.918900e-01 2.609127e+02 
2.930500e-01 2.590797e+02 
2.942500e-01 2.572024e+02 
2.954200e-01 2.553879e+02 
2.966500e-01 2.535006e+02 
2.978900e-01 2.516186e+02 
2.990400e-01 2.498915e+02 
3.002700e-01 2.480618e+02 
3.015100e-01 2.462363e+02 
3.026800e-01 2.445319e+02 
3.038500e-01 2.428447e+02 
3.050300e-01 2.411602e+02 
3.062600e-01 2.394196e+02 
3.075000e-01 2.376833e+02 
3.087000e-01 2.360205e+02 
3.099100e-01 2.343610e+02 
3.111200e-01 2.327185e+02 
3.123100e-01 2.311194e+02 
3.135300e-01 2.294967e+02 
3.147300e-01 2.279168e+02 
3.159900e-01 2.262748e+02 
3.171800e-01 2.247415e+02 
3.183700e-01 2.232243e+02 
3.196300e-01 2.216340e+02 
3.208400e-01 2.201224e+02 
3.220300e-01 2.186503e+02 
3.232000e-01 2.172196e+02 
3.244300e-01 2.157311e+02 
3.256700e-01 2.142455e+02 
3.269200e-01 2.127630e+02 
3.280800e-01 2.114006e+02 
3.292500e-01 2.100436e+02 
3.304800e-01 2.086321e+02 
3.317100e-01 2.072344e+02 
3.328900e-01 2.059063e+02 
3.340700e-01 2.045905e+02 
3.353600e-01 2.031709e+02 
3.365300e-01 2.018976e+02 
3.377100e-01 2.006252e+02 
3.389200e-01 1.993326e+02 
3.401600e-01 1.980204e+02 
3.413700e-01 1.967575e+02 
3.425300e-01 1.955614e+02 
3.437700e-01 1.942946e+02 
3.449800e-01 1.930700e+02 
3.461800e-01 1.918666e+02 
3.473600e-01 1.906963e+02 
3.485800e-01 1.895027e+02 
3.498100e-01 1.883105e+02 
3.510200e-01 1.871483e+02 
3.522000e-01 1.860251e+02 
3.533900e-01 1.849023e+02 
3.546400e-01 1.837425e+02 
3.558400e-01 1.826397e+02 
3.570600e-01 1.815284e+02 
3.582700e-01 1.804360e+02 
3.595000e-01 1.793355e+02 
3.607100e-01 1.782674e+02 
3.618900e-01 1.772386e+02 
3.631200e-01 1.761755e+02 
3.643200e-01 1.751474e+02 
3.655500e-01 1.741027e+02 
3.667300e-01 1.731092e+02 
3.679500e-01 1.720994e+02 
3.691900e-01 1.710819e+02 
3.703600e-01 1.701301e+02 
3.715700e-01 1.691540e+02 
3.727700e-01 1.681940e+02 
3.739900e-01 1.672290e+02 
3.752000e-01 1.662847e+02 
3.763900e-01 1.653638e+02 
3.775800e-01 1.644504e+02 
3.788200e-01 1.635066e+02 
3.800300e-01 1.625934e+02 
3.812100e-01 1.617144e+02 
3.824200e-01 1.608234e+02 
3.836100e-01 1.599542e+02 
3.848600e-01 1.590487e+02 
3.860400e-01 1.582010e+02 
3.872400e-01 1.573457e+02 
3.884600e-01 1.564883e+02 
3.896500e-01 1.556605e+02 
3.908700e-01 1.548186e+02 
3.920600e-01 1.540040e+02 
3.933100e-01 1.531552e+02 
3.945300e-01 1.523335e+02 
3.957200e-01 1.515433e+02 
3.969300e-01 1.507475e+02 
3.981700e-01 1.499385e+02 
3.993500e-01 1.491747e+02 
4.094840e-01 1.428750e+02 
4.272360e-01 1.328955e+02 
4.454600e-01 1.238181e+02 
4.630560e-01 1.160025e+02 
4.804610e-01 1.090551e+02 
4.980690e-01 1.027113e+02 
5.159230e-01 9.688816e+01 
5.317440e-01 9.217709e+01 
5.489640e-01 8.747584e+01 
5.671990e-01 8.292833e+01 
5.838690e-01 7.910934e+01 
6.018840e-01 7.531054e+01 
6.202330e-01 7.175601e+01 
6.379250e-01 6.859049e+01 
6.545410e-01 6.583661e+01 
6.714560e-01 6.322358e+01 
6.892080e-01 6.067109e+01 
7.066010e-01 5.834310e+01 
7.240540e-01 5.616032e+01 
7.420450e-01 5.405992e+01 
7.593780e-01 5.216687e+01 
7.764720e-01 5.041289e+01 
7.942840e-01 4.869581e+01 
8.116170e-01 4.712564e+01 
8.288310e-01 4.565610e+01 
8.462240e-01 4.425427e+01 
8.631980e-01 4.296144e+01 
8.810700e-01 4.167423e+01 
8.989410e-01 4.045682e+01 
9.166330e-01 3.931548e+01 
9.345640e-01 3.821941e+01 
9.515980e-01 3.722972e+01 
9.688720e-01 3.627480e+01 
9.865640e-01 3.534437e+01 
1.031870e+00 3.315357e+01 
1.063490e+00 3.177204e+01 
1.097920e+00 3.038832e+01 
1.134370e+00 2.904201e+01 
1.167730e+00 2.790577e+01 
1.203830e+00 2.676846e+01 
1.240470e+00 2.570009e+01 
1.275790e+00 2.474432e+01 
1.309140e+00 2.390136e+01 
1.342970e+00 2.310022e+01 
1.378420e+00 2.231289e+01 
1.413200e+00 2.158805e+01 
1.448110e+00 2.090335e+01 
1.484090e+00 2.023834e+01 
1.518820e+00 1.963303e+01 
1.552880e+00 1.907087e+01 
1.588630e+00 1.851174e+01 
1.623230e+00 1.799836e+01 
1.657720e+00 1.751216e+01 
1.692450e+00 1.704600e+01 
1.726400e+00 1.661172e+01 
1.762200e+00 1.617460e+01 
1.797880e+00 1.575908e+01 
1.833270e+00 1.536554e+01 
1.869070e+00 1.498485e+01 
1.903200e+00 1.463723e+01 
1.937740e+00 1.429984e+01 
1.973190e+00 1.396730e+01 
2.007440e+00 1.365875e+01 
2.042160e+00 1.335788e+01 
2.077900e+00 1.306002e+01 
2.112390e+00 1.278348e+01 
2.146220e+00 1.252176e+01 
2.181600e+00 1.225776e+01 
2.216930e+00 1.200341e+01 
2.250760e+00 1.176818e+01 
2.286500e+00 1.152817e+01 
2.321770e+00 1.129941e+01 
2.355950e+00 1.108475e+01 
2.391280e+00 1.086998e+01 
2.426240e+00 1.066412e+01 
2.460670e+00 1.046772e+01 
2.495640e+00 1.027447e+01 
2.531080e+00 1.008426e+01 
2.566220e+00 9.901326e+00 
2.600830e+00 9.726466e+00 
2.635080e+00 9.558408e+00 
2.670340e+00 9.390080e+00 
2.705970e+00 9.224790e+00 
2.740040e+00 9.071148e+00 
2.774520e+00 8.919719e+00 
2.809730e+00 8.769097e+00 
2.844390e+00 8.624864e+00 
2.879960e+00 8.480712e+00 
2.914860e+00 8.342755e+00 
2.949410e+00 8.209741e+00 
2.984440e+00 8.078124e+00 
3.019760e+00 7.948741e+00 
3.054730e+00 7.823953e+00 
3.089030e+00 7.704083e+00 
3.124060e+00 7.584698e+00 
3.159560e+00 7.466584e+00 
3.194710e+00 7.352283e+00 
3.229010e+00 7.243485e+00 
3.263320e+00 7.136680e+00 
3.297930e+00 7.031516e+00 
3.332830e+00 6.927783e+00 
3.368040e+00 6.825382e+00 
3.403300e+00 6.725138e+00 
3.438450e+00 6.627224e+00 
3.473060e+00 6.533088e+00 
3.508440e+00 6.438494e+00 
3.543110e+00 6.347965e+00 
3.577470e+00 6.259851e+00 
3.613040e+00 6.170656e+00 
3.648120e+00 6.084327e+00 
3.682910e+00 6.000529e+00 
3.718050e+00 5.917485e+00 
3.753320e+00 5.835826e+00 
3.787980e+00 5.757051e+00 
3.822290e+00 5.680609e+00 
3.857020e+00 5.604628e+00 
3.891920e+00 5.529793e+00 
3.926650e+00 5.456634e+00 
3.961970e+00 5.383703e+00 
3.997360e+00 5.311829e+00 
4.031670e+00 5.243566e+00 
4.066330e+00 5.175682e+00 
4.101420e+00 5.108400e+00 
4.136200e+00 5.042615e+00 
4.170810e+00 4.978517e+00 
4.206250e+00 4.913859e+00 
4.241580e+00 4.850680e+00 
4.276300e+00 4.789603e+00 
4.310970e+00 4.729702e+00 
4.346120e+00 4.670031e+00 
4.380600e+00 4.612390e+00 
4.414730e+00 4.556442e+00 
4.450350e+00 4.498819e+00 
4.485320e+00 4.443372e+00 
4.519810e+00 4.389476e+00 
4.555430e+00 4.334775e+00 
4.590870e+00 4.281296e+00 
4.625480e+00 4.229824e+00 
4.659910e+00 4.179582e+00 
4.695230e+00 4.128716e+00 
4.729960e+00 4.079595e+00 
4.764450e+00 4.031604e+00 
4.799530e+00 3.983507e+00 
4.834910e+00 3.935899e+00 
4.869700e+00 3.889668e+00 
4.904370e+00 3.844384e+00 
4.939450e+00 3.799316e+00 
4.973940e+00 3.755606e+00 
5.008430e+00 3.712666e+00 
5.043810e+00 3.669234e+00 
5.078840e+00 3.626899e+00 
5.113500e+00 3.585744e+00 
5.148890e+00 3.544200e+00 
5.184210e+00 3.503455e+00 
5.219060e+00 3.463898e+00 
5.253660e+00 3.425153e+00 
5.288570e+00 3.386724e+00 
5.323420e+00 3.348904e+00 
5.358440e+00 3.311422e+00 
5.393590e+00 3.274434e+00 
5.428310e+00 3.238387e+00 
5.462800e+00 3.203104e+00 
5.497640e+00 3.168046e+00 
5.532670e+00 3.133243e+00 
5.567280e+00 3.099373e+00 
5.602000e+00 3.065943e+00 
5.637270e+00 3.032404e+00 
5.672410e+00 2.999500e+00 
5.707020e+00 2.967607e+00 
5.742040e+00 2.935734e+00 
5.777430e+00 2.904012e+00 
5.812210e+00 2.873329e+00 
5.846820e+00 2.843175e+00 
5.881610e+00 2.813308e+00 
5.916510e+00 2.783809e+00 
5.951600e+00 2.754536e+00 
5.986560e+00 2.725786e+00 
6.021830e+00 2.697226e+00 
6.056490e+00 2.669527e+00 
6.091160e+00 2.642186e+00 
6.125830e+00 2.615252e+00 
6.161090e+00 2.588247e+00 
6.195760e+00 2.562039e+00 
6.230420e+00 2.536223e+00 
6.265690e+00 2.510337e+00 
6.300950e+00 2.484771e+00 
6.335620e+00 2.459999e+00 
6.370880e+00 2.435171e+00 
6.405550e+00 2.411070e+00 
6.440220e+00 2.387296e+00 
6.475480e+00 2.363463e+00 
6.510150e+00 2.340352e+00 
6.544810e+00 2.317549e+00 
6.580080e+00 2.294672e+00 
6.614750e+00 2.272499e+00 
6.649410e+00 2.250605e+00 
6.684080e+00 2.229001e+00 
6.719340e+00 2.207332e+00 
6.754010e+00 2.186312e+00 
6.788680e+00 2.165559e+00 
6.823940e+00 2.144741e+00 
6.859800e+00 2.123860e+00 
6.894470e+00 2.103941e+00 
6.929140e+00 2.084285e+00 
6.963800e+00 2.064896e+00 
6.999070e+00 2.045429e+00 
7.033730e+00 2.026544e+00 
7.068400e+00 2.007902e+00 
7.103660e+00 1.989192e+00 
7.138330e+00 1.971034e+00 
7.173600e+00 1.952800e+00 
7.208260e+00 1.935113e+00 
7.243530e+00 1.917349e+00 
7.277600e+00 1.900414e+00 
7.312860e+00 1.883117e+00 
7.348120e+00 1.866042e+00 
7.382790e+00 1.849466e+00 
7.417460e+00 1.833099e+00 
7.452720e+00 1.816663e+00 
7.487390e+00 1.800704e+00 
7.522650e+00 1.784677e+00 
7.557320e+00 1.769134e+00 
7.591990e+00 1.753789e+00 
7.627250e+00 1.738375e+00 
7.662510e+00 1.723151e+00 
7.697180e+00 1.708384e+00 
7.731850e+00 1.693802e+00 
7.766510e+00 1.679400e+00 
7.801180e+00 1.665165e+00 
7.836440e+00 1.650875e+00 
7.871110e+00 1.636999e+00 
7.906380e+00 1.623051e+00 
7.941040e+00 1.609508e+00 
7.976310e+00 1.595902e+00 
8.011570e+00 1.582477e+00 
8.046240e+00 1.569431e+00 
8.080900e+00 1.556540e+00 
8.115570e+00 1.543803e+00 
8.150830e+00 1.531032e+00 
8.185500e+00 1.518619e+00 
8.220770e+00 1.506136e+00 
8.255430e+00 1.494009e+00 
8.290100e+00 1.482043e+00 
8.324770e+00 1.470215e+00 
8.359430e+00 1.458522e+00 
8.394700e+00 1.446758e+00 
8.429960e+00 1.435148e+00 
8.464630e+00 1.423879e+00 
8.499890e+00 1.412546e+00 
8.534560e+00 1.401525e+00 
8.569200e+00 1.390634e+00 
