# Parameters:
# omega_b = 0.021768, omega_m = 0.121654, n_s = 0.968110, h = 75.787402, w = -1.000000, sigma_8 = 0.736220
# z = 1.900000
#
# k[1/Mpc] # P(k):
8.694000e-04 3.729395e+03 
2.077466e-03 7.841318e+03 
3.285532e-03 1.092793e+04 
4.493598e-03 1.318612e+04 
5.701664e-03 1.476600e+04 
6.909730e-03 1.579592e+04 
8.117797e-03 1.640825e+04 
9.325863e-03 1.667248e+04 
1.053393e-02 1.665567e+04 
1.174199e-02 1.641845e+04 
1.295006e-02 1.599952e+04 
1.415813e-02 1.544868e+04 
1.536619e-02 1.480753e+04 
1.657426e-02 1.410420e+04 
1.778233e-02 1.336395e+04 
1.899039e-02 1.262208e+04 
2.019846e-02 1.189739e+04 
2.140652e-02 1.120495e+04 
2.261459e-02 1.055301e+04 
2.382266e-02 9.950434e+03 
2.503072e-02 9.402111e+03 
2.623879e-02 8.908358e+03 
2.744685e-02 8.469316e+03 
2.865492e-02 8.081802e+03 
2.986299e-02 7.741377e+03 
3.100100e-02 7.462041e+03 
3.220400e-02 7.204674e+03 
3.288100e-02 7.076244e+03 
3.424300e-02 6.846547e+03 
3.555100e-02 6.655326e+03 
3.686000e-02 6.487055e+03 
3.795000e-02 6.359826e+03 
3.929100e-02 6.214404e+03 
4.039800e-02 6.098752e+03 
4.164000e-02 5.970966e+03 
4.294400e-02 5.831617e+03 
4.415000e-02 5.699702e+03 
4.542900e-02 5.549210e+03 
4.660900e-02 5.405137e+03 
4.782300e-02 5.244016e+03 
4.892900e-02 5.092366e+03 
5.031200e-02 4.894612e+03 
5.155900e-02 4.709807e+03 
5.238100e-02 4.586395e+03 
5.378200e-02 4.375397e+03 
5.513400e-02 4.173098e+03 
5.627600e-02 4.005729e+03 
5.735300e-02 3.852756e+03 
5.870100e-02 3.669597e+03 
5.988700e-02 3.517712e+03 
6.113500e-02 3.367930e+03 
6.225900e-02 3.242864e+03 
6.340100e-02 3.125813e+03 
6.480200e-02 2.995137e+03 
6.601100e-02 2.895381e+03 
6.725500e-02 2.804438e+03 
6.829100e-02 2.738309e+03 
6.958600e-02 2.664873e+03 
7.071100e-02 2.609912e+03 
7.192300e-02 2.558169e+03 
7.307400e-02 2.515233e+03 
7.412300e-02 2.480463e+03 
7.550400e-02 2.440184e+03 
7.663100e-02 2.410313e+03 
7.791200e-02 2.378929e+03 
7.912700e-02 2.350000e+03 
8.027600e-02 2.322501e+03 
8.138400e-02 2.295371e+03 
8.272200e-02 2.260994e+03 
8.406100e-02 2.224210e+03 
8.534100e-02 2.185430e+03 
8.653800e-02 2.145886e+03 
8.759800e-02 2.109024e+03 
8.900300e-02 2.057190e+03 
9.009000e-02 2.014658e+03 
9.113300e-02 1.971864e+03 
9.239600e-02 1.919121e+03 
9.358000e-02 1.868452e+03 
9.496100e-02 1.808205e+03 
9.608400e-02 1.759632e+03 
9.727500e-02 1.708920e+03 
9.852600e-02 1.656449e+03 
9.973800e-02 1.607643e+03 
1.009000e-01 1.562650e+03 
1.020900e-01 1.519675e+03 
1.034000e-01 1.475256e+03 
1.046000e-01 1.437296e+03 
1.057200e-01 1.405854e+03 
1.069100e-01 1.374588e+03 
1.082500e-01 1.343954e+03 
1.093900e-01 1.320977e+03 
1.105400e-01 1.299747e+03 
1.116900e-01 1.282109e+03 
1.129600e-01 1.264125e+03 
1.142000e-01 1.249396e+03 
1.153300e-01 1.236958e+03 
1.166400e-01 1.223914e+03 
1.177800e-01 1.213128e+03 
1.190000e-01 1.202003e+03 
1.201200e-01 1.191283e+03 
1.213400e-01 1.179753e+03 
1.227100e-01 1.164936e+03 
1.238900e-01 1.151900e+03 
1.250700e-01 1.137185e+03 
1.263200e-01 1.121106e+03 
1.275500e-01 1.103756e+03 
1.287500e-01 1.086284e+03 
1.299900e-01 1.067167e+03 
1.311300e-01 1.049292e+03 
1.323500e-01 1.029541e+03 
1.335900e-01 1.009526e+03 
1.347100e-01 9.912988e+02 
1.359800e-01 9.710098e+02 
1.372100e-01 9.515957e+02 
1.384300e-01 9.328977e+02 
1.395700e-01 9.160062e+02 
1.407700e-01 8.987135e+02 
1.420300e-01 8.816272e+02 
1.432800e-01 8.650984e+02 
1.444500e-01 8.509054e+02 
1.456300e-01 8.369102e+02 
1.468900e-01 8.231191e+02 
1.480500e-01 8.109424e+02 
1.491700e-01 7.998473e+02 
1.503800e-01 7.886422e+02 
1.516400e-01 7.773848e+02 
1.528200e-01 7.677758e+02 
1.540200e-01 7.581953e+02 
1.551900e-01 7.495414e+02 
1.564300e-01 7.406693e+02 
1.576600e-01 7.322050e+02 
1.588700e-01 7.242348e+02 
1.600900e-01 7.163522e+02 
1.612700e-01 7.089144e+02 
1.625400e-01 7.010584e+02 
1.637600e-01 6.935028e+02 
1.649500e-01 6.861784e+02 
1.662200e-01 6.784348e+02 
1.674000e-01 6.709792e+02 
1.685000e-01 6.641474e+02 
1.697500e-01 6.562278e+02 
1.710300e-01 6.479805e+02 
1.722200e-01 6.404544e+02 
1.734400e-01 6.323174e+02 
1.746400e-01 6.244367e+02 
1.758700e-01 6.163655e+02 
1.770900e-01 6.082215e+02 
1.782700e-01 6.004876e+02 
1.794600e-01 5.926792e+02 
1.807000e-01 5.845925e+02 
1.819100e-01 5.768471e+02 
1.830100e-01 5.699135e+02 
1.842200e-01 5.624156e+02 
1.855000e-01 5.546368e+02 
1.867000e-01 5.476283e+02 
1.879200e-01 5.406280e+02 
1.890900e-01 5.340733e+02 
1.902800e-01 5.277408e+02 
1.915200e-01 5.212546e+02 
1.926900e-01 5.153092e+02 
1.939000e-01 5.094947e+02 
1.951700e-01 5.034941e+02 
1.963100e-01 4.982668e+02 
1.975100e-01 4.930415e+02 
1.987800e-01 4.876006e+02 
2.000100e-01 4.824733e+02 
2.012500e-01 4.775185e+02 
2.023400e-01 4.732274e+02 
2.036100e-01 4.683193e+02 
2.048900e-01 4.635186e+02 
2.060400e-01 4.592704e+02 
2.072200e-01 4.549731e+02 
2.084200e-01 4.506572e+02 
2.096900e-01 4.461582e+02 
2.109200e-01 4.418670e+02 
2.121100e-01 4.377025e+02 
2.132700e-01 4.336967e+02 
2.145200e-01 4.294424e+02 
2.157200e-01 4.253439e+02 
2.168800e-01 4.214037e+02 
2.180700e-01 4.174180e+02 
2.193400e-01 4.131877e+02 
2.206000e-01 4.089816e+02 
2.217500e-01 4.051974e+02 
2.229500e-01 4.013033e+02 
2.241400e-01 3.974099e+02 
2.253500e-01 3.935047e+02 
2.264900e-01 3.898759e+02 
2.277100e-01 3.860225e+02 
2.289900e-01 3.820125e+02 
2.301500e-01 3.784298e+02 
2.313600e-01 3.747435e+02 
2.325600e-01 3.711221e+02 
2.337700e-01 3.675209e+02 
2.350000e-01 3.639110e+02 
2.362000e-01 3.604446e+02 
2.374100e-01 3.570051e+02 
2.386500e-01 3.535287e+02 
2.399100e-01 3.500453e+02 
2.410400e-01 3.469951e+02 
2.422500e-01 3.437751e+02 
2.435000e-01 3.404933e+02 
2.447300e-01 3.373164e+02 
2.458700e-01 3.344444e+02 
2.470600e-01 3.314840e+02 
2.483300e-01 3.283661e+02 
2.495600e-01 3.254070e+02 
2.507600e-01 3.225851e+02 
2.519600e-01 3.197986e+02 
2.532200e-01 3.169104e+02 
2.543700e-01 3.143325e+02 
2.555500e-01 3.117362e+02 
2.568000e-01 3.090201e+02 
2.580100e-01 3.064238e+02 
2.592400e-01 3.038379e+02 
2.604100e-01 3.014168e+02 
2.616100e-01 2.989632e+02 
2.628400e-01 2.964786e+02 
2.640600e-01 2.940603e+02 
2.652200e-01 2.917944e+02 
2.664300e-01 2.894582e+02 
2.676500e-01 2.871307e+02 
2.688400e-01 2.848928e+02 
2.700700e-01 2.826105e+02 
2.712400e-01 2.804646e+02 
2.724800e-01 2.782165e+02 
2.736700e-01 2.760848e+02 
2.748800e-01 2.739427e+02 
2.761000e-01 2.718077e+02 
2.773200e-01 2.696973e+02 
2.785400e-01 2.676099e+02 
2.797000e-01 2.656452e+02 
2.808900e-01 2.636517e+02 
2.821400e-01 2.615813e+02 
2.833900e-01 2.595345e+02 
2.845500e-01 2.576488e+02 
2.857800e-01 2.556712e+02 
2.870300e-01 2.536842e+02 
2.882100e-01 2.518292e+02 
2.893900e-01 2.499905e+02 
2.906300e-01 2.480776e+02 
2.918900e-01 2.461557e+02 
2.930500e-01 2.444055e+02 
2.942500e-01 2.426129e+02 
2.954200e-01 2.408796e+02 
2.966500e-01 2.390768e+02 
2.978900e-01 2.372792e+02 
2.990400e-01 2.356297e+02 
3.002700e-01 2.338828e+02 
3.015100e-01 2.321403e+02 
3.026800e-01 2.305134e+02 
3.038500e-01 2.289031e+02 
3.050300e-01 2.272955e+02 
3.062600e-01 2.256365e+02 
3.075000e-01 2.239818e+02 
3.087000e-01 2.223972e+02 
3.099100e-01 2.208159e+02 
3.111200e-01 2.192519e+02 
3.123100e-01 2.177314e+02 
3.135300e-01 2.161883e+02 
3.147300e-01 2.146860e+02 
3.159900e-01 2.131248e+02 
3.171800e-01 2.116690e+02 
3.183700e-01 2.102299e+02 
3.196300e-01 2.087216e+02 
3.208400e-01 2.072879e+02 
3.220300e-01 2.058918e+02 
3.232000e-01 2.045371e+02 
3.244300e-01 2.031287e+02 
3.256700e-01 2.017231e+02 
3.269200e-01 2.003204e+02 
3.280800e-01 1.990314e+02 
3.292500e-01 1.977497e+02 
3.304800e-01 1.964171e+02 
3.317100e-01 1.950976e+02 
3.328900e-01 1.938438e+02 
3.340700e-01 1.926016e+02 
3.353600e-01 1.912630e+02 
3.365300e-01 1.900628e+02 
3.377100e-01 1.888635e+02 
3.389200e-01 1.876451e+02 
3.401600e-01 1.864084e+02 
3.413700e-01 1.852187e+02 
3.425300e-01 1.840925e+02 
3.437700e-01 1.828996e+02 
3.449800e-01 1.817465e+02 
3.461800e-01 1.806134e+02 
3.473600e-01 1.795114e+02 
3.485800e-01 1.783878e+02 
3.498100e-01 1.772654e+02 
3.510200e-01 1.761713e+02 
3.522000e-01 1.751139e+02 
3.533900e-01 1.740569e+02 
3.546400e-01 1.729645e+02 
3.558400e-01 1.719257e+02 
3.570600e-01 1.708790e+02 
3.582700e-01 1.698500e+02 
3.595000e-01 1.688134e+02 
3.607100e-01 1.678067e+02 
3.618900e-01 1.668364e+02 
3.631200e-01 1.658338e+02 
3.643200e-01 1.648642e+02 
3.655500e-01 1.638790e+02 
3.667300e-01 1.629420e+02 
3.679500e-01 1.619879e+02 
3.691900e-01 1.610267e+02 
3.703600e-01 1.601274e+02 
3.715700e-01 1.592052e+02 
3.727700e-01 1.582983e+02 
3.739900e-01 1.573859e+02 
3.752000e-01 1.564917e+02 
3.763900e-01 1.556196e+02 
3.775800e-01 1.547547e+02 
3.788200e-01 1.538610e+02 
3.800300e-01 1.529963e+02 
3.812100e-01 1.521627e+02 
3.824200e-01 1.513168e+02 
3.836100e-01 1.504917e+02 
3.848600e-01 1.496321e+02 
3.860400e-01 1.488274e+02 
3.872400e-01 1.480156e+02 
3.884600e-01 1.472000e+02 
3.896500e-01 1.464120e+02 
3.908700e-01 1.456106e+02 
3.920600e-01 1.448352e+02 
3.933100e-01 1.440274e+02 
3.945300e-01 1.432453e+02 
3.957200e-01 1.424913e+02 
3.969300e-01 1.417315e+02 
3.981700e-01 1.409591e+02 
3.993500e-01 1.402298e+02 
4.094840e-01 1.342087e+02 
4.272360e-01 1.246276e+02 
4.454600e-01 1.158926e+02 
4.630560e-01 1.083683e+02 
4.804610e-01 1.016887e+02 
4.980690e-01 9.560544e+01 
5.159230e-01 9.004025e+01 
5.317440e-01 8.555300e+01 
5.489640e-01 8.109165e+01 
5.671990e-01 7.679222e+01 
5.838690e-01 7.319236e+01 
6.018840e-01 6.962125e+01 
6.202330e-01 6.628876e+01 
6.379250e-01 6.332617e+01 
6.545410e-01 6.075389e+01 
6.714560e-01 5.831560e+01 
6.892080e-01 5.593682e+01 
7.066010e-01 5.376902e+01 
7.240540e-01 5.173782e+01 
7.420450e-01 4.978449e+01 
7.593780e-01 4.802465e+01 
7.764720e-01 4.639472e+01 
7.942840e-01 4.479942e+01 
8.116170e-01 4.334112e+01 
8.288310e-01 4.197656e+01 
8.462240e-01 4.067517e+01 
8.631980e-01 3.947524e+01 
8.810700e-01 3.828078e+01 
8.989410e-01 3.715126e+01 
9.166330e-01 3.609267e+01 
9.345640e-01 3.507629e+01 
9.515980e-01 3.415870e+01 
9.688720e-01 3.327368e+01 
9.865640e-01 3.241158e+01 
1.031870e+00 3.038287e+01 
1.063490e+00 2.910446e+01 
1.097920e+00 2.782486e+01 
1.134370e+00 2.658082e+01 
1.167730e+00 2.553163e+01 
1.203830e+00 2.448235e+01 
1.240470e+00 2.349743e+01 
1.275790e+00 2.261705e+01 
1.309140e+00 2.184106e+01 
1.342970e+00 2.110433e+01 
1.378420e+00 2.038074e+01 
1.413200e+00 1.971510e+01 
1.448110e+00 1.908678e+01 
1.484090e+00 1.847694e+01 
1.518820e+00 1.792222e+01 
1.552880e+00 1.740743e+01 
1.588630e+00 1.689573e+01 
1.623230e+00 1.642621e+01 
1.657720e+00 1.598175e+01 
1.692450e+00 1.555591e+01 
1.726400e+00 1.515939e+01 
1.762200e+00 1.476049e+01 
1.797880e+00 1.438150e+01 
1.833270e+00 1.402275e+01 
1.869070e+00 1.367585e+01 
1.903200e+00 1.335927e+01 
1.937740e+00 1.305213e+01 
1.973190e+00 1.274949e+01 
2.007440e+00 1.246882e+01 
2.042160e+00 1.219523e+01 
2.077900e+00 1.192448e+01 
2.112390e+00 1.167316e+01 
2.146220e+00 1.143545e+01 
2.181600e+00 1.119570e+01 
2.216930e+00 1.096480e+01 
2.250760e+00 1.075132e+01 
2.286500e+00 1.053353e+01 
2.321770e+00 1.032602e+01 
2.355950e+00 1.013136e+01 
2.391280e+00 9.936640e+00 
2.426240e+00 9.750053e+00 
2.460670e+00 9.572059e+00 
2.495640e+00 9.396937e+00 
2.531080e+00 9.224609e+00 
2.566220e+00 9.058916e+00 
2.600830e+00 8.900569e+00 
2.635080e+00 8.748403e+00 
2.670340e+00 8.595983e+00 
2.705970e+00 8.446345e+00 
2.740040e+00 8.307273e+00 
2.774520e+00 8.170225e+00 
2.809730e+00 8.033919e+00 
2.844390e+00 7.903400e+00 
2.879960e+00 7.772962e+00 
2.914860e+00 7.648140e+00 
2.949410e+00 7.527799e+00 
2.984440e+00 7.408745e+00 
3.019760e+00 7.291705e+00 
3.054730e+00 7.178816e+00 
3.089030e+00 7.070394e+00 
3.124060e+00 6.962403e+00 
3.159560e+00 6.855550e+00 
3.194710e+00 6.752158e+00 
3.229010e+00 6.653745e+00 
3.263320e+00 6.557135e+00 
3.297930e+00 6.462008e+00 
3.332830e+00 6.368172e+00 
3.368040e+00 6.275535e+00 
3.403300e+00 6.184846e+00 
3.438450e+00 6.096260e+00 
3.473060e+00 6.011089e+00 
3.508440e+00 5.925499e+00 
3.543110e+00 5.843581e+00 
3.577470e+00 5.763834e+00 
3.613040e+00 5.683106e+00 
3.648120e+00 5.604973e+00 
3.682910e+00 5.529117e+00 
3.718050e+00 5.453926e+00 
3.753320e+00 5.379987e+00 
3.787980e+00 5.308664e+00 
3.822290e+00 5.239441e+00 
3.857020e+00 5.170619e+00 
3.891920e+00 5.102830e+00 
3.926650e+00 5.036553e+00 
3.961970e+00 4.970476e+00 
3.997360e+00 4.905344e+00 
4.031670e+00 4.843477e+00 
4.066330e+00 4.781942e+00 
4.101420e+00 4.720948e+00 
4.136200e+00 4.661297e+00 
4.170810e+00 4.603172e+00 
4.206250e+00 4.544522e+00 
4.241580e+00 4.487206e+00 
4.276300e+00 4.431790e+00 
4.310970e+00 4.377433e+00 
4.346120e+00 4.323277e+00 
4.380600e+00 4.270950e+00 
4.414730e+00 4.220155e+00 
4.450350e+00 4.167827e+00 
4.485320e+00 4.117469e+00 
4.519810e+00 4.068503e+00 
4.555430e+00 4.018796e+00 
4.590870e+00 3.970194e+00 
4.625480e+00 3.923409e+00 
4.659910e+00 3.877738e+00 
4.695230e+00 3.831481e+00 
4.729960e+00 3.786804e+00 
4.764450e+00 3.743146e+00 
4.799530e+00 3.699377e+00 
4.834910e+00 3.656049e+00 
4.869700e+00 3.613965e+00 
4.904370e+00 3.572739e+00 
4.939450e+00 3.531701e+00 
4.973940e+00 3.491884e+00 
5.008430e+00 3.452764e+00 
5.043810e+00 3.413187e+00 
5.078840e+00 3.374602e+00 
5.113500e+00 3.337089e+00 
5.148890e+00 3.299203e+00 
5.184210e+00 3.262041e+00 
5.219060e+00 3.225957e+00 
5.253660e+00 3.190604e+00 
5.288570e+00 3.155534e+00 
5.323420e+00 3.121013e+00 
5.358440e+00 3.086792e+00 
5.393590e+00 3.053018e+00 
5.428310e+00 3.020088e+00 
5.462800e+00 2.987847e+00 
5.497640e+00 2.955807e+00 
5.532670e+00 2.923996e+00 
5.567280e+00 2.893035e+00 
5.602000e+00 2.862471e+00 
5.637270e+00 2.831793e+00 
5.672410e+00 2.801687e+00 
5.707020e+00 2.772505e+00 
5.742040e+00 2.743327e+00 
5.777430e+00 2.714283e+00 
5.812210e+00 2.686186e+00 
5.846820e+00 2.658568e+00 
5.881610e+00 2.631210e+00 
5.916510e+00 2.604184e+00 
5.951600e+00 2.577353e+00 
5.986560e+00 2.550993e+00 
6.021830e+00 2.524805e+00 
6.056490e+00 2.499401e+00 
6.091160e+00 2.474321e+00 
6.125830e+00 2.449611e+00 
6.161090e+00 2.424829e+00 
6.195760e+00 2.400768e+00 
6.230420e+00 2.377063e+00 
6.265690e+00 2.353291e+00 
6.300950e+00 2.329804e+00 
6.335620e+00 2.307044e+00 
6.370880e+00 2.284230e+00 
6.405550e+00 2.262077e+00 
6.440220e+00 2.240220e+00 
6.475480e+00 2.218307e+00 
6.510150e+00 2.197052e+00 
6.544810e+00 2.176070e+00 
6.580080e+00 2.155017e+00 
6.614750e+00 2.134611e+00 
6.649410e+00 2.114454e+00 
6.684080e+00 2.094560e+00 
6.719340e+00 2.074605e+00 
6.754010e+00 2.055243e+00 
6.788680e+00 2.036118e+00 
6.823940e+00 2.016931e+00 
6.859800e+00 1.997685e+00 
6.894470e+00 1.979318e+00 
6.929140e+00 1.961191e+00 
6.963800e+00 1.943308e+00 
6.999070e+00 1.925350e+00 
7.033730e+00 1.907921e+00 
7.068400e+00 1.890713e+00 
7.103660e+00 1.873442e+00 
7.138330e+00 1.856677e+00 
7.173600e+00 1.839836e+00 
7.208260e+00 1.823499e+00 
7.243530e+00 1.807089e+00 
7.277600e+00 1.791440e+00 
7.312860e+00 1.775451e+00 
7.348120e+00 1.759665e+00 
7.382790e+00 1.744340e+00 
7.417460e+00 1.729202e+00 
7.452720e+00 1.713996e+00 
7.487390e+00 1.699231e+00 
7.522650e+00 1.684401e+00 
7.557320e+00 1.670014e+00 
7.591990e+00 1.655807e+00 
7.627250e+00 1.641535e+00 
7.662510e+00 1.627439e+00 
7.697180e+00 1.613759e+00 
7.731850e+00 1.600248e+00 
7.766510e+00 1.586901e+00 
7.801180e+00 1.573709e+00 
7.836440e+00 1.560459e+00 
7.871110e+00 1.547590e+00 
7.906380e+00 1.534652e+00 
7.941040e+00 1.522089e+00 
7.976310e+00 1.509464e+00 
8.011570e+00 1.497005e+00 
8.046240e+00 1.484896e+00 
8.080900e+00 1.472930e+00 
8.115570e+00 1.461104e+00 
8.150830e+00 1.449242e+00 
8.185500e+00 1.437711e+00 
8.220770e+00 1.426115e+00 
8.255430e+00 1.414848e+00 
8.290100e+00 1.403726e+00 
8.324770e+00 1.392731e+00 
8.359430e+00 1.381862e+00 
8.394700e+00 1.370924e+00 
8.429960e+00 1.360126e+00 
8.464630e+00 1.349641e+00 
8.499890e+00 1.339095e+00 
8.534560e+00 1.328840e+00 
8.569200e+00 1.318704e+00 
