# Parameters:
# omega_b = 0.021941, omega_m = 0.153346, n_s = 1.029528, h = 74.370079, w = -1.000000, sigma_8 = 0.766142
# z = 1.900000
#
# k[1/Mpc] # P(k):
8.694000e-04 1.367829e+03 
2.077466e-03 3.117908e+03 
3.285532e-03 4.587553e+03 
4.493598e-03 5.793645e+03 
5.701664e-03 6.753571e+03 
6.909730e-03 7.493196e+03 
8.117797e-03 8.051032e+03 
9.325863e-03 8.446717e+03 
1.053393e-02 8.702179e+03 
1.174199e-02 8.839359e+03 
1.295006e-02 8.872095e+03 
1.415813e-02 8.820406e+03 
1.536619e-02 8.701368e+03 
1.657426e-02 8.526341e+03 
1.778233e-02 8.306665e+03 
1.899039e-02 8.059933e+03 
2.019846e-02 7.795930e+03 
2.140652e-02 7.523830e+03 
2.261459e-02 7.248655e+03 
2.382266e-02 6.977470e+03 
2.503072e-02 6.716062e+03 
2.623879e-02 6.467470e+03 
2.744685e-02 6.232959e+03 
2.865492e-02 6.015183e+03 
2.986299e-02 5.814376e+03 
3.100100e-02 5.641091e+03 
3.220400e-02 5.474166e+03 
3.288100e-02 5.387588e+03 
3.424300e-02 5.228043e+03 
3.555100e-02 5.091040e+03 
3.686000e-02 4.968112e+03 
3.795000e-02 4.874810e+03 
3.929100e-02 4.769822e+03 
4.039800e-02 4.689002e+03 
4.164000e-02 4.602899e+03 
4.294400e-02 4.514926e+03 
4.415000e-02 4.435153e+03 
4.542900e-02 4.348862e+03 
4.660900e-02 4.268547e+03 
4.782300e-02 4.181260e+03 
4.892900e-02 4.099681e+03 
5.031200e-02 3.993273e+03 
5.155900e-02 3.892714e+03 
5.238100e-02 3.824454e+03 
5.378200e-02 3.705078e+03 
5.513400e-02 3.585788e+03 
5.627600e-02 3.482275e+03 
5.735300e-02 3.382794e+03 
5.870100e-02 3.255945e+03 
5.988700e-02 3.143359e+03 
6.113500e-02 3.024910e+03 
6.225900e-02 2.919846e+03 
6.340100e-02 2.816765e+03 
6.480200e-02 2.697603e+03 
6.601100e-02 2.603454e+03 
6.725500e-02 2.515861e+03 
6.829100e-02 2.450869e+03 
6.958600e-02 2.377895e+03 
7.071100e-02 2.322314e+03 
7.192300e-02 2.269248e+03 
7.307400e-02 2.224712e+03 
7.412300e-02 2.188460e+03 
7.550400e-02 2.146688e+03 
7.663100e-02 2.116258e+03 
7.791200e-02 2.085860e+03 
7.912700e-02 2.059945e+03 
8.027600e-02 2.037137e+03 
8.138400e-02 2.016206e+03 
8.272200e-02 1.991756e+03 
8.406100e-02 1.967450e+03 
8.534100e-02 1.943387e+03 
8.653800e-02 1.919536e+03 
8.759800e-02 1.897449e+03 
8.900300e-02 1.866324e+03 
9.009000e-02 1.840422e+03 
9.113300e-02 1.813716e+03 
9.239600e-02 1.780086e+03 
9.358000e-02 1.746757e+03 
9.496100e-02 1.705387e+03 
9.608400e-02 1.670900e+03 
9.727500e-02 1.633950e+03 
9.852600e-02 1.593443e+03 
9.973800e-02 1.554614e+03 
1.009000e-01 1.517859e+03 
1.020900e-01 1.480467e+03 
1.034000e-01 1.440677e+03 
1.046000e-01 1.405480e+03 
1.057200e-01 1.374372e+03 
1.069100e-01 1.342715e+03 
1.082500e-01 1.309615e+03 
1.093900e-01 1.283549e+03 
1.105400e-01 1.258691e+03 
1.116900e-01 1.236496e+03 
1.129600e-01 1.213402e+03 
1.142000e-01 1.193503e+03 
1.153300e-01 1.176684e+03 
1.166400e-01 1.159003e+03 
1.177800e-01 1.145183e+03 
1.190000e-01 1.131301e+03 
1.201200e-01 1.119853e+03 
1.213400e-01 1.107857e+03 
1.227100e-01 1.095515e+03 
1.238900e-01 1.085187e+03 
1.250700e-01 1.075139e+03 
1.263200e-01 1.064584e+03 
1.275500e-01 1.054075e+03 
1.287500e-01 1.043654e+03 
1.299900e-01 1.032486e+03 
1.311300e-01 1.021858e+03 
1.323500e-01 1.009844e+03 
1.335900e-01 9.971836e+02 
1.347100e-01 9.850385e+02 
1.359800e-01 9.709548e+02 
1.372100e-01 9.564000e+02 
1.384300e-01 9.418465e+02 
1.395700e-01 9.274859e+02 
1.407700e-01 9.125966e+02 
1.420300e-01 8.962213e+02 
1.432800e-01 8.803690e+02 
1.444500e-01 8.653129e+02 
1.456300e-01 8.504735e+02 
1.468900e-01 8.350894e+02 
1.480500e-01 8.212791e+02 
1.491700e-01 8.085035e+02 
1.503800e-01 7.953447e+02 
1.516400e-01 7.821495e+02 
1.528200e-01 7.709317e+02 
1.540200e-01 7.597585e+02 
1.551900e-01 7.500444e+02 
1.564300e-01 7.401857e+02 
1.576600e-01 7.311047e+02 
1.588700e-01 7.229484e+02 
1.600900e-01 7.149221e+02 
1.612700e-01 7.080854e+02 
1.625400e-01 7.008632e+02 
1.637600e-01 6.942893e+02 
1.649500e-01 6.881291e+02 
1.662200e-01 6.816668e+02 
1.674000e-01 6.757311e+02 
1.685000e-01 6.702893e+02 
1.697500e-01 6.639964e+02 
1.710300e-01 6.574558e+02 
1.722200e-01 6.514821e+02 
1.734400e-01 6.448443e+02 
1.746400e-01 6.384018e+02 
1.758700e-01 6.316945e+02 
1.770900e-01 6.247148e+02 
1.782700e-01 6.180792e+02 
1.794600e-01 6.111704e+02 
1.807000e-01 6.038747e+02 
1.819100e-01 5.968800e+02 
1.830100e-01 5.903553e+02 
1.842200e-01 5.832505e+02 
1.855000e-01 5.758633e+02 
1.867000e-01 5.689449e+02 
1.879200e-01 5.620321e+02 
1.890900e-01 5.555261e+02 
1.902800e-01 5.490786e+02 
1.915200e-01 5.424736e+02 
1.926900e-01 5.363923e+02 
1.939000e-01 5.303587e+02 
1.951700e-01 5.241319e+02 
1.963100e-01 5.186995e+02 
1.975100e-01 5.132482e+02 
1.987800e-01 5.075718e+02 
2.000100e-01 5.022355e+02 
2.012500e-01 4.971082e+02 
2.023400e-01 4.926675e+02 
2.036100e-01 4.876075e+02 
2.048900e-01 4.827326e+02 
2.060400e-01 4.784182e+02 
2.072200e-01 4.740618e+02 
2.084200e-01 4.697851e+02 
2.096900e-01 4.653261e+02 
2.109200e-01 4.610721e+02 
2.121100e-01 4.570350e+02 
2.132700e-01 4.531553e+02 
2.145200e-01 4.490338e+02 
2.157200e-01 4.451094e+02 
2.168800e-01 4.413568e+02 
2.180700e-01 4.375594e+02 
2.193400e-01 4.335403e+02 
2.206000e-01 4.295663e+02 
2.217500e-01 4.259893e+02 
2.229500e-01 4.223067e+02 
2.241400e-01 4.186312e+02 
2.253500e-01 4.149428e+02 
2.264900e-01 4.115138e+02 
2.277100e-01 4.078630e+02 
2.289900e-01 4.040530e+02 
2.301500e-01 4.006473e+02 
2.313600e-01 3.971410e+02 
2.325600e-01 3.936677e+02 
2.337700e-01 3.902120e+02 
2.350000e-01 3.867461e+02 
2.362000e-01 3.834024e+02 
2.374100e-01 3.800665e+02 
2.386500e-01 3.766932e+02 
2.399100e-01 3.733117e+02 
2.410400e-01 3.703233e+02 
2.422500e-01 3.671640e+02 
2.435000e-01 3.639428e+02 
2.447300e-01 3.608180e+02 
2.458700e-01 3.579711e+02 
2.470600e-01 3.550355e+02 
2.483300e-01 3.519427e+02 
2.495600e-01 3.489969e+02 
2.507600e-01 3.461737e+02 
2.519600e-01 3.433853e+02 
2.532200e-01 3.404940e+02 
2.543700e-01 3.379020e+02 
2.555500e-01 3.352835e+02 
2.568000e-01 3.325434e+02 
2.580100e-01 3.299234e+02 
2.592400e-01 3.273048e+02 
2.604100e-01 3.248488e+02 
2.616100e-01 3.223592e+02 
2.628400e-01 3.198376e+02 
2.640600e-01 3.173786e+02 
2.652200e-01 3.150724e+02 
2.664300e-01 3.126941e+02 
2.676500e-01 3.103242e+02 
2.688400e-01 3.080448e+02 
2.700700e-01 3.057195e+02 
2.712400e-01 3.035328e+02 
2.724800e-01 3.012414e+02 
2.736700e-01 2.990703e+02 
2.748800e-01 2.968904e+02 
2.761000e-01 2.947172e+02 
2.773200e-01 2.925685e+02 
2.785400e-01 2.904443e+02 
2.797000e-01 2.884476e+02 
2.808900e-01 2.864211e+02 
2.821400e-01 2.843160e+02 
2.833900e-01 2.822346e+02 
2.845500e-01 2.803223e+02 
2.857800e-01 2.783164e+02 
2.870300e-01 2.763004e+02 
2.882100e-01 2.744179e+02 
2.893900e-01 2.725543e+02 
2.906300e-01 2.706164e+02 
2.918900e-01 2.686688e+02 
2.930500e-01 2.668948e+02 
2.942500e-01 2.650776e+02 
2.954200e-01 2.633213e+02 
2.966500e-01 2.614940e+02 
2.978900e-01 2.596715e+02 
2.990400e-01 2.579986e+02 
3.002700e-01 2.562262e+02 
3.015100e-01 2.544574e+02 
3.026800e-01 2.528056e+02 
3.038500e-01 2.511702e+02 
3.050300e-01 2.495370e+02 
3.062600e-01 2.478491e+02 
3.075000e-01 2.461650e+02 
3.087000e-01 2.445518e+02 
3.099100e-01 2.429415e+02 
3.111200e-01 2.413472e+02 
3.123100e-01 2.397947e+02 
3.135300e-01 2.382187e+02 
3.147300e-01 2.366840e+02 
3.159900e-01 2.350886e+02 
3.171800e-01 2.335981e+02 
3.183700e-01 2.321227e+02 
3.196300e-01 2.305760e+02 
3.208400e-01 2.291053e+02 
3.220300e-01 2.276729e+02 
3.232000e-01 2.262801e+02 
3.244300e-01 2.248309e+02 
3.256700e-01 2.233841e+02 
3.269200e-01 2.219399e+02 
3.280800e-01 2.206124e+02 
3.292500e-01 2.192893e+02 
3.304800e-01 2.179124e+02 
3.317100e-01 2.165487e+02 
3.328900e-01 2.152526e+02 
3.340700e-01 2.139683e+02 
3.353600e-01 2.125817e+02 
3.365300e-01 2.113374e+02 
3.377100e-01 2.100938e+02 
3.389200e-01 2.088301e+02 
3.401600e-01 2.075471e+02 
3.413700e-01 2.063115e+02 
3.425300e-01 2.051407e+02 
3.437700e-01 2.039005e+02 
3.449800e-01 2.027013e+02 
3.461800e-01 2.015227e+02 
3.473600e-01 2.003758e+02 
3.485800e-01 1.992055e+02 
3.498100e-01 1.980361e+02 
3.510200e-01 1.968960e+02 
3.522000e-01 1.957939e+02 
3.533900e-01 1.946920e+02 
3.546400e-01 1.935525e+02 
3.558400e-01 1.924687e+02 
3.570600e-01 1.913764e+02 
3.582700e-01 1.903025e+02 
3.595000e-01 1.892204e+02 
3.607100e-01 1.881694e+02 
3.618900e-01 1.871567e+02 
3.631200e-01 1.861100e+02 
3.643200e-01 1.850976e+02 
3.655500e-01 1.840687e+02 
3.667300e-01 1.830899e+02 
3.679500e-01 1.820934e+02 
3.691900e-01 1.810893e+02 
3.703600e-01 1.801497e+02 
3.715700e-01 1.791860e+02 
3.727700e-01 1.782380e+02 
3.739900e-01 1.772847e+02 
3.752000e-01 1.763513e+02 
3.763900e-01 1.754407e+02 
3.775800e-01 1.745375e+02 
3.788200e-01 1.736040e+02 
3.800300e-01 1.727006e+02 
3.812100e-01 1.718302e+02 
3.824200e-01 1.709471e+02 
3.836100e-01 1.700854e+02 
3.848600e-01 1.691877e+02 
3.860400e-01 1.683470e+02 
3.872400e-01 1.674988e+02 
3.884600e-01 1.666475e+02 
3.896500e-01 1.658252e+02 
3.908700e-01 1.649888e+02 
3.920600e-01 1.641794e+02 
3.933100e-01 1.633358e+02 
3.945300e-01 1.625191e+02 
3.957200e-01 1.617325e+02 
3.969300e-01 1.609400e+02 
3.981700e-01 1.601341e+02 
3.993500e-01 1.593732e+02 
4.094840e-01 1.530874e+02 
4.272360e-01 1.430812e+02 
4.454600e-01 1.339260e+02 
4.630560e-01 1.259995e+02 
4.804610e-01 1.189148e+02 
4.980690e-01 1.124131e+02 
5.159230e-01 1.064161e+02 
5.317440e-01 1.015449e+02 
5.489640e-01 9.666500e+01 
5.671990e-01 9.192703e+01 
5.838690e-01 8.793565e+01 
6.018840e-01 8.395356e+01 
6.202330e-01 8.021758e+01 
6.379250e-01 7.688333e+01 
6.545410e-01 7.397699e+01 
6.714560e-01 7.121470e+01 
6.892080e-01 6.851284e+01 
7.066010e-01 6.604561e+01 
7.240540e-01 6.372946e+01 
7.420450e-01 6.149882e+01 
7.593780e-01 5.948694e+01 
7.764720e-01 5.762104e+01 
7.942840e-01 5.579316e+01 
8.116170e-01 5.412085e+01 
8.288310e-01 5.255490e+01 
8.462240e-01 5.106037e+01 
8.631980e-01 4.968118e+01 
8.810700e-01 4.830725e+01 
8.989410e-01 4.700681e+01 
9.166330e-01 4.578721e+01 
9.345640e-01 4.461505e+01 
9.515980e-01 4.355590e+01 
9.688720e-01 4.253351e+01 
9.865640e-01 4.153659e+01 
1.031870e+00 3.918526e+01 
1.063490e+00 3.769920e+01 
1.097920e+00 3.620880e+01 
1.134370e+00 3.475489e+01 
1.167730e+00 3.352523e+01 
1.203830e+00 3.229076e+01 
1.240470e+00 3.112823e+01 
1.275790e+00 3.008486e+01 
1.309140e+00 2.916219e+01 
1.342970e+00 2.828254e+01 
1.378420e+00 2.741579e+01 
1.413200e+00 2.661501e+01 
1.448110e+00 2.585591e+01 
1.484090e+00 2.511680e+01 
1.518820e+00 2.444146e+01 
1.552880e+00 2.381207e+01 
1.588630e+00 2.318397e+01 
1.623230e+00 2.260560e+01 
1.657720e+00 2.205604e+01 
1.692450e+00 2.152749e+01 
1.726400e+00 2.103316e+01 
1.762200e+00 2.053401e+01 
1.797880e+00 2.005797e+01 
1.833270e+00 1.960583e+01 
1.869070e+00 1.916670e+01 
1.903200e+00 1.876472e+01 
1.937740e+00 1.837341e+01 
1.973190e+00 1.798634e+01 
2.007440e+00 1.762609e+01 
2.042160e+00 1.727385e+01 
2.077900e+00 1.692402e+01 
2.112390e+00 1.659820e+01 
2.146220e+00 1.628898e+01 
2.181600e+00 1.597615e+01 
2.216930e+00 1.567391e+01 
2.250760e+00 1.539360e+01 
2.286500e+00 1.510679e+01 
2.321770e+00 1.483276e+01 
2.355950e+00 1.457500e+01 
2.391280e+00 1.431611e+01 
2.426240e+00 1.406744e+01 
2.460670e+00 1.382965e+01 
2.495640e+00 1.359509e+01 
2.531080e+00 1.336339e+01 
2.566220e+00 1.314015e+01 
2.600830e+00 1.292632e+01 
2.635080e+00 1.272034e+01 
2.670340e+00 1.251328e+01 
2.705970e+00 1.230958e+01 
2.740040e+00 1.211990e+01 
2.774520e+00 1.193244e+01 
2.809730e+00 1.174554e+01 
2.844390e+00 1.156625e+01 
2.879960e+00 1.138660e+01 
2.914860e+00 1.121421e+01 
2.949410e+00 1.104775e+01 
2.984440e+00 1.088269e+01 
3.019760e+00 1.072009e+01 
3.054730e+00 1.056303e+01 
3.089030e+00 1.041166e+01 
3.124060e+00 1.026070e+01 
3.159560e+00 1.011104e+01 
3.194710e+00 9.965927e+00 
3.229010e+00 9.827674e+00 
3.263320e+00 9.691518e+00 
3.297930e+00 9.557318e+00 
3.332830e+00 9.424686e+00 
3.368040e+00 9.293513e+00 
3.403300e+00 9.164920e+00 
3.438450e+00 9.039037e+00 
3.473060e+00 8.917932e+00 
3.508440e+00 8.795859e+00 
3.543110e+00 8.678960e+00 
3.577470e+00 8.564897e+00 
3.613040e+00 8.449343e+00 
3.648120e+00 8.337285e+00 
3.682910e+00 8.228388e+00 
3.718050e+00 8.120252e+00 
3.753320e+00 8.013810e+00 
3.787980e+00 7.910982e+00 
3.822290e+00 7.811080e+00 
3.857020e+00 7.711607e+00 
3.891920e+00 7.613535e+00 
3.926650e+00 7.517494e+00 
3.961970e+00 7.421676e+00 
3.997360e+00 7.327080e+00 
4.031670e+00 7.237178e+00 
4.066330e+00 7.147578e+00 
4.101420e+00 7.058750e+00 
4.136200e+00 6.971718e+00 
4.170810e+00 6.886902e+00 
4.206250e+00 6.801169e+00 
4.241580e+00 6.717350e+00 
4.276300e+00 6.636214e+00 
4.310970e+00 6.556572e+00 
4.346120e+00 6.477161e+00 
4.380600e+00 6.400334e+00 
4.414730e+00 6.325746e+00 
4.450350e+00 6.248804e+00 
4.485320e+00 6.174755e+00 
4.519810e+00 6.102637e+00 
4.555430e+00 6.029373e+00 
4.590870e+00 5.957703e+00 
4.625480e+00 5.888649e+00 
4.659910e+00 5.821233e+00 
4.695230e+00 5.752868e+00 
4.729960e+00 5.686824e+00 
4.764450e+00 5.622236e+00 
4.799530e+00 5.557408e+00 
4.834910e+00 5.493229e+00 
4.869700e+00 5.430836e+00 
4.904370e+00 5.369700e+00 
4.939450e+00 5.308818e+00 
4.973940e+00 5.249683e+00 
5.008430e+00 5.191581e+00 
5.043810e+00 5.132753e+00 
5.078840e+00 5.075372e+00 
5.113500e+00 5.019581e+00 
5.148890e+00 4.963151e+00 
5.184210e+00 4.907792e+00 
5.219060e+00 4.854028e+00 
5.253660e+00 4.801328e+00 
5.288570e+00 4.749050e+00 
5.323420e+00 4.697555e+00 
5.358440e+00 4.646471e+00 
5.393590e+00 4.596052e+00 
5.428310e+00 4.546858e+00 
5.462800e+00 4.498671e+00 
5.497640e+00 4.450784e+00 
5.532670e+00 4.403203e+00 
5.567280e+00 4.356880e+00 
5.602000e+00 4.311150e+00 
5.637270e+00 4.265214e+00 
5.672410e+00 4.220127e+00 
5.707020e+00 4.176422e+00 
5.742040e+00 4.132691e+00 
5.777430e+00 4.089154e+00 
5.812210e+00 4.047036e+00 
5.846820e+00 4.005601e+00 
5.881610e+00 3.964545e+00 
5.916510e+00 3.923990e+00 
5.951600e+00 3.883702e+00 
5.986560e+00 3.844114e+00 
6.021830e+00 3.804780e+00 
6.056490e+00 3.766604e+00 
6.091160e+00 3.728894e+00 
6.125830e+00 3.691742e+00 
6.161090e+00 3.654474e+00 
6.195760e+00 3.618279e+00 
6.230420e+00 3.582621e+00 
6.265690e+00 3.546859e+00 
6.300950e+00 3.511484e+00 
6.335620e+00 3.477203e+00 
6.370880e+00 3.442842e+00 
6.405550e+00 3.409455e+00 
6.440220e+00 3.376505e+00 
6.475480e+00 3.343471e+00 
6.510150e+00 3.311422e+00 
6.544810e+00 3.279769e+00 
6.580080e+00 3.248010e+00 
6.614750e+00 3.217226e+00 
6.649410e+00 3.186800e+00 
6.684080e+00 3.156767e+00 
6.719340e+00 3.126643e+00 
6.754010e+00 3.097406e+00 
6.788680e+00 3.068512e+00 
6.823940e+00 3.039524e+00 
6.859800e+00 3.010448e+00 
6.894470e+00 2.982673e+00 
6.929140e+00 2.955250e+00 
6.963800e+00 2.928197e+00 
6.999070e+00 2.901031e+00 
7.033730e+00 2.874649e+00 
7.068400e+00 2.848603e+00 
7.103660e+00 2.822460e+00 
7.138330e+00 2.797080e+00 
7.173600e+00 2.771575e+00 
7.208260e+00 2.746834e+00 
7.243530e+00 2.721982e+00 
7.277600e+00 2.698267e+00 
7.312860e+00 2.674022e+00 
7.348120e+00 2.650087e+00 
7.382790e+00 2.626850e+00 
7.417460e+00 2.603884e+00 
7.452720e+00 2.580809e+00 
7.487390e+00 2.558404e+00 
7.522650e+00 2.535900e+00 
7.557320e+00 2.514056e+00 
7.591990e+00 2.492482e+00 
7.627250e+00 2.470809e+00 
7.662510e+00 2.449404e+00 
7.697180e+00 2.428617e+00 
7.731850e+00 2.408080e+00 
7.766510e+00 2.387796e+00 
7.801180e+00 2.367747e+00 
7.836440e+00 2.347596e+00 
7.871110e+00 2.328015e+00 
7.906380e+00 2.308331e+00 
7.941040e+00 2.289217e+00 
7.976310e+00 2.270004e+00 
8.011570e+00 2.251033e+00 
8.046240e+00 2.232598e+00 
8.080900e+00 2.214380e+00 
8.115570e+00 2.196374e+00 
8.150830e+00 2.178297e+00 
8.185500e+00 2.160727e+00 
8.220770e+00 2.143058e+00 
8.255430e+00 2.125893e+00 
8.290100e+00 2.108926e+00 
8.324770e+00 2.092151e+00 
8.359430e+00 2.075568e+00 
8.394700e+00 2.058883e+00 
8.429960e+00 2.042406e+00 
8.464630e+00 2.026399e+00 
8.499890e+00 2.010301e+00 
8.534560e+00 1.994647e+00 
8.569200e+00 1.979177e+00 
