# Parameters:
# omega_b = 0.021972, omega_m = 0.151142, n_s = 0.955512, h = 57.834646, w = -1.000000, sigma_8 = 0.762992
# z = 1.900000
#
# k[1/Mpc] # P(k):
8.694000e-04 2.367103e+03 
2.077466e-03 5.053409e+03 
3.285532e-03 7.181051e+03 
4.493598e-03 8.851999e+03 
5.701664e-03 1.012857e+04 
6.909730e-03 1.106788e+04 
8.117797e-03 1.173755e+04 
9.325863e-03 1.217287e+04 
1.053393e-02 1.241068e+04 
1.174199e-02 1.248663e+04 
1.295006e-02 1.242217e+04 
1.415813e-02 1.224699e+04 
1.536619e-02 1.198736e+04 
1.657426e-02 1.166068e+04 
1.778233e-02 1.128234e+04 
1.899039e-02 1.087615e+04 
2.019846e-02 1.045531e+04 
2.140652e-02 1.003194e+04 
2.261459e-02 9.612362e+03 
2.382266e-02 9.205311e+03 
2.503072e-02 8.817754e+03 
2.623879e-02 8.453028e+03 
2.744685e-02 8.112420e+03 
2.865492e-02 7.798516e+03 
2.986299e-02 7.510985e+03 
3.100100e-02 7.264381e+03 
3.220400e-02 7.027943e+03 
3.288100e-02 6.905746e+03 
3.424300e-02 6.681031e+03 
3.555100e-02 6.488557e+03 
3.686000e-02 6.316066e+03 
3.795000e-02 6.185167e+03 
3.929100e-02 6.037758e+03 
4.039800e-02 5.924200e+03 
4.164000e-02 5.803228e+03 
4.294400e-02 5.679698e+03 
4.415000e-02 5.567852e+03 
4.542900e-02 5.447343e+03 
4.660900e-02 5.335603e+03 
4.782300e-02 5.214883e+03 
4.892900e-02 5.102666e+03 
5.031200e-02 4.957340e+03 
5.155900e-02 4.821008e+03 
5.238100e-02 4.729155e+03 
5.378200e-02 4.570162e+03 
5.513400e-02 4.414609e+03 
5.627600e-02 4.283442e+03 
5.735300e-02 4.161790e+03 
5.870100e-02 4.014156e+03 
5.988700e-02 3.890198e+03 
6.113500e-02 3.765996e+03 
6.225900e-02 3.659545e+03 
6.340100e-02 3.556125e+03 
6.480200e-02 3.434939e+03 
6.601100e-02 3.334914e+03 
6.725500e-02 3.236441e+03 
6.829100e-02 3.158350e+03 
6.958600e-02 3.065852e+03 
7.071100e-02 2.990920e+03 
7.192300e-02 2.915869e+03 
7.307400e-02 2.850128e+03 
7.412300e-02 2.794785e+03 
7.550400e-02 2.728726e+03 
7.663100e-02 2.679453e+03 
7.791200e-02 2.629090e+03 
7.912700e-02 2.585825e+03 
8.027600e-02 2.547941e+03 
8.138400e-02 2.513636e+03 
8.272200e-02 2.474594e+03 
8.406100e-02 2.437270e+03 
8.534100e-02 2.402338e+03 
8.653800e-02 2.369492e+03 
8.759800e-02 2.340133e+03 
8.900300e-02 2.300326e+03 
9.009000e-02 2.268376e+03 
9.113300e-02 2.236305e+03 
9.239600e-02 2.196563e+03 
9.358000e-02 2.157832e+03 
9.496100e-02 2.110413e+03 
9.608400e-02 2.071105e+03 
9.727500e-02 2.029116e+03 
9.852600e-02 1.983128e+03 
9.973800e-02 1.938886e+03 
1.009000e-01 1.896865e+03 
1.020900e-01 1.853530e+03 
1.034000e-01 1.806983e+03 
1.046000e-01 1.765353e+03 
1.057200e-01 1.727593e+03 
1.069100e-01 1.688756e+03 
1.082500e-01 1.646908e+03 
1.093900e-01 1.613078e+03 
1.105400e-01 1.580298e+03 
1.116900e-01 1.549722e+03 
1.129600e-01 1.517455e+03 
1.142000e-01 1.488429e+03 
1.153300e-01 1.463464e+03 
1.166400e-01 1.436503e+03 
1.177800e-01 1.414951e+03 
1.190000e-01 1.393062e+03 
1.201200e-01 1.374895e+03 
1.213400e-01 1.355835e+03 
1.227100e-01 1.336703e+03 
1.238900e-01 1.320895e+03 
1.250700e-01 1.306230e+03 
1.263200e-01 1.291194e+03 
1.275500e-01 1.277050e+03 
1.287500e-01 1.263480e+03 
1.299900e-01 1.249641e+03 
1.311300e-01 1.236836e+03 
1.323500e-01 1.222884e+03 
1.335900e-01 1.208412e+03 
1.347100e-01 1.194813e+03 
1.359800e-01 1.179110e+03 
1.372100e-01 1.163011e+03 
1.384300e-01 1.146883e+03 
1.395700e-01 1.130910e+03 
1.407700e-01 1.114312e+03 
1.420300e-01 1.095781e+03 
1.432800e-01 1.077827e+03 
1.444500e-01 1.060356e+03 
1.456300e-01 1.043126e+03 
1.468900e-01 1.024861e+03 
1.480500e-01 1.008343e+03 
1.491700e-01 9.928210e+02 
1.503800e-01 9.765233e+02 
1.516400e-01 9.600734e+02 
1.528200e-01 9.456096e+02 
1.540200e-01 9.312094e+02 
1.551900e-01 9.182475e+02 
1.564300e-01 9.049814e+02 
1.576600e-01 8.925627e+02 
1.588700e-01 8.811528e+02 
1.600900e-01 8.699181e+02 
1.612700e-01 8.600975e+02 
1.625400e-01 8.497278e+02 
1.637600e-01 8.403102e+02 
1.649500e-01 8.314979e+02 
1.662200e-01 8.223004e+02 
1.674000e-01 8.141017e+02 
1.685000e-01 8.065867e+02 
1.697500e-01 7.981408e+02 
1.710300e-01 7.895985e+02 
1.722200e-01 7.817977e+02 
1.734400e-01 7.736108e+02 
1.746400e-01 7.656837e+02 
1.758700e-01 7.575524e+02 
1.770900e-01 7.493300e+02 
1.782700e-01 7.415123e+02 
1.794600e-01 7.334950e+02 
1.807000e-01 7.251059e+02 
1.819100e-01 7.170611e+02 
1.830100e-01 7.095942e+02 
1.842200e-01 7.014675e+02 
1.855000e-01 6.930117e+02 
1.867000e-01 6.850155e+02 
1.879200e-01 6.770236e+02 
1.890900e-01 6.694752e+02 
1.902800e-01 6.618643e+02 
1.915200e-01 6.540664e+02 
1.926900e-01 6.468431e+02 
1.939000e-01 6.395354e+02 
1.951700e-01 6.319938e+02 
1.963100e-01 6.253698e+02 
1.975100e-01 6.186020e+02 
1.987800e-01 6.115560e+02 
2.000100e-01 6.048972e+02 
2.012500e-01 5.984156e+02 
2.023400e-01 5.928034e+02 
2.036100e-01 5.863989e+02 
2.048900e-01 5.801874e+02 
2.060400e-01 5.746917e+02 
2.072200e-01 5.691448e+02 
2.084200e-01 5.637146e+02 
2.096900e-01 5.580544e+02 
2.109200e-01 5.526555e+02 
2.121100e-01 5.475910e+02 
2.132700e-01 5.427278e+02 
2.145200e-01 5.375622e+02 
2.157200e-01 5.326970e+02 
2.168800e-01 5.280693e+02 
2.180700e-01 5.233870e+02 
2.193400e-01 5.184573e+02 
2.206000e-01 5.136304e+02 
2.217500e-01 5.092860e+02 
2.229500e-01 5.048135e+02 
2.241400e-01 5.003939e+02 
2.253500e-01 4.959600e+02 
2.264900e-01 4.918380e+02 
2.277100e-01 4.874562e+02 
2.289900e-01 4.828911e+02 
2.301500e-01 4.788103e+02 
2.313600e-01 4.746091e+02 
2.325600e-01 4.704348e+02 
2.337700e-01 4.662817e+02 
2.350000e-01 4.621166e+02 
2.362000e-01 4.580839e+02 
2.374100e-01 4.540436e+02 
2.386500e-01 4.499584e+02 
2.399100e-01 4.458634e+02 
2.410400e-01 4.422125e+02 
2.422500e-01 4.383491e+02 
2.435000e-01 4.344104e+02 
2.447300e-01 4.305835e+02 
2.458700e-01 4.270713e+02 
2.470600e-01 4.234502e+02 
2.483300e-01 4.196357e+02 
2.495600e-01 4.159935e+02 
2.507600e-01 4.124905e+02 
2.519600e-01 4.090311e+02 
2.532200e-01 4.054447e+02 
2.543700e-01 4.022260e+02 
2.555500e-01 3.989722e+02 
2.568000e-01 3.955678e+02 
2.580100e-01 3.923133e+02 
2.592400e-01 3.890648e+02 
2.604100e-01 3.860203e+02 
2.616100e-01 3.829345e+02 
2.628400e-01 3.798096e+02 
2.640600e-01 3.767732e+02 
2.652200e-01 3.739300e+02 
2.664300e-01 3.709984e+02 
2.676500e-01 3.680773e+02 
2.688400e-01 3.652796e+02 
2.700700e-01 3.624327e+02 
2.712400e-01 3.597557e+02 
2.724800e-01 3.569510e+02 
2.736700e-01 3.543026e+02 
2.748800e-01 3.516527e+02 
2.761000e-01 3.490113e+02 
2.773200e-01 3.463998e+02 
2.785400e-01 3.438233e+02 
2.797000e-01 3.414120e+02 
2.808900e-01 3.389649e+02 
2.821400e-01 3.364231e+02 
2.833900e-01 3.339106e+02 
2.845500e-01 3.316126e+02 
2.857800e-01 3.292021e+02 
2.870300e-01 3.267797e+02 
2.882100e-01 3.245178e+02 
2.893900e-01 3.222832e+02 
2.906300e-01 3.199621e+02 
2.918900e-01 3.176296e+02 
2.930500e-01 3.155050e+02 
2.942500e-01 3.133296e+02 
2.954200e-01 3.112295e+02 
2.966500e-01 3.090447e+02 
2.978900e-01 3.068658e+02 
2.990400e-01 3.048658e+02 
3.002700e-01 3.027467e+02 
3.015100e-01 3.006322e+02 
3.026800e-01 2.986575e+02 
3.038500e-01 2.967025e+02 
3.050300e-01 2.947502e+02 
3.062600e-01 2.927301e+02 
3.075000e-01 2.907147e+02 
3.087000e-01 2.887842e+02 
3.099100e-01 2.868572e+02 
3.111200e-01 2.849479e+02 
3.123100e-01 2.830861e+02 
3.135300e-01 2.811964e+02 
3.147300e-01 2.793562e+02 
3.159900e-01 2.774434e+02 
3.171800e-01 2.756536e+02 
3.183700e-01 2.738803e+02 
3.196300e-01 2.720214e+02 
3.208400e-01 2.702540e+02 
3.220300e-01 2.685326e+02 
3.232000e-01 2.668556e+02 
3.244300e-01 2.651094e+02 
3.256700e-01 2.633663e+02 
3.269200e-01 2.616265e+02 
3.280800e-01 2.600273e+02 
3.292500e-01 2.584307e+02 
3.304800e-01 2.567685e+02 
3.317100e-01 2.551223e+02 
3.328900e-01 2.535578e+02 
3.340700e-01 2.520077e+02 
3.353600e-01 2.503322e+02 
3.365300e-01 2.488281e+02 
3.377100e-01 2.473248e+02 
3.389200e-01 2.457975e+02 
3.401600e-01 2.442468e+02 
3.413700e-01 2.427526e+02 
3.425300e-01 2.413362e+02 
3.437700e-01 2.398358e+02 
3.449800e-01 2.383853e+02 
3.461800e-01 2.369597e+02 
3.473600e-01 2.355726e+02 
3.485800e-01 2.341569e+02 
3.498100e-01 2.327426e+02 
3.510200e-01 2.313638e+02 
3.522000e-01 2.300310e+02 
3.533900e-01 2.286985e+02 
3.546400e-01 2.273218e+02 
3.558400e-01 2.260125e+02 
3.570600e-01 2.246930e+02 
3.582700e-01 2.233958e+02 
3.595000e-01 2.220887e+02 
3.607100e-01 2.208206e+02 
3.618900e-01 2.195994e+02 
3.631200e-01 2.183373e+02 
3.643200e-01 2.171166e+02 
3.655500e-01 2.158761e+02 
3.667300e-01 2.146962e+02 
3.679500e-01 2.134982e+02 
3.691900e-01 2.122910e+02 
3.703600e-01 2.111614e+02 
3.715700e-01 2.100029e+02 
3.727700e-01 2.088635e+02 
3.739900e-01 2.077188e+02 
3.752000e-01 2.066001e+02 
3.763900e-01 2.055089e+02 
3.775800e-01 2.044265e+02 
3.788200e-01 2.033079e+02 
3.800300e-01 2.022254e+02 
3.812100e-01 2.011849e+02 
3.824200e-01 2.001308e+02 
3.836100e-01 1.991025e+02 
3.848600e-01 1.980311e+02 
3.860400e-01 1.970278e+02 
3.872400e-01 1.960156e+02 
3.884600e-01 1.950026e+02 
3.896500e-01 1.940252e+02 
3.908700e-01 1.930311e+02 
3.920600e-01 1.920690e+02 
3.933100e-01 1.910664e+02 
3.945300e-01 1.900958e+02 
3.957200e-01 1.891645e+02 
3.969300e-01 1.882272e+02 
3.981700e-01 1.872742e+02 
3.993500e-01 1.863743e+02 
4.094840e-01 1.789557e+02 
4.272360e-01 1.672446e+02 
4.454600e-01 1.565988e+02 
4.630560e-01 1.474211e+02 
4.804610e-01 1.392348e+02 
4.980690e-01 1.317231e+02 
5.159230e-01 1.247868e+02 
5.317440e-01 1.191424e+02 
5.489640e-01 1.134739e+02 
5.671990e-01 1.079567e+02 
5.838690e-01 1.032980e+02 
6.018840e-01 9.864175e+01 
6.202330e-01 9.426412e+01 
6.379250e-01 9.035132e+01 
6.545410e-01 8.693505e+01 
6.714560e-01 8.368631e+01 
6.892080e-01 8.050381e+01 
7.066010e-01 7.759595e+01 
7.240540e-01 7.486419e+01 
7.420450e-01 7.223156e+01 
7.593780e-01 6.985589e+01 
7.764720e-01 6.765181e+01 
7.942840e-01 6.549227e+01 
8.116170e-01 6.351496e+01 
8.288310e-01 6.166264e+01 
8.462240e-01 5.989374e+01 
8.631980e-01 5.826070e+01 
8.810700e-01 5.663303e+01 
8.989410e-01 5.509226e+01 
9.166330e-01 5.364561e+01 
9.345640e-01 5.225486e+01 
9.515980e-01 5.099796e+01 
9.688720e-01 4.978317e+01 
9.865640e-01 4.859819e+01 
1.031870e+00 4.580015e+01 
1.063490e+00 4.402958e+01 
1.097920e+00 4.225124e+01 
1.134370e+00 4.051438e+01 
1.167730e+00 3.904364e+01 
1.203830e+00 3.756565e+01 
1.240470e+00 3.617197e+01 
1.275790e+00 3.492009e+01 
1.309140e+00 3.381250e+01 
1.342970e+00 3.275452e+01 
1.378420e+00 3.171153e+01 
1.413200e+00 3.074750e+01 
1.448110e+00 2.983323e+01 
1.484090e+00 2.894206e+01 
1.518820e+00 2.812785e+01 
1.552880e+00 2.736861e+01 
1.588630e+00 2.661083e+01 
1.623230e+00 2.591245e+01 
1.657720e+00 2.524922e+01 
1.692450e+00 2.461087e+01 
1.726400e+00 2.401426e+01 
1.762200e+00 2.341166e+01 
1.797880e+00 2.283708e+01 
1.833270e+00 2.229117e+01 
1.869070e+00 2.176158e+01 
1.903200e+00 2.127637e+01 
1.937740e+00 2.080424e+01 
1.973190e+00 2.033769e+01 
2.007440e+00 1.990363e+01 
2.042160e+00 1.947921e+01 
2.077900e+00 1.905791e+01 
2.112390e+00 1.866606e+01 
2.146220e+00 1.829397e+01 
2.181600e+00 1.791799e+01 
2.216930e+00 1.755474e+01 
2.250760e+00 1.721816e+01 
2.286500e+00 1.687413e+01 
2.321770e+00 1.654553e+01 
2.355950e+00 1.623643e+01 
2.391280e+00 1.592653e+01 
2.426240e+00 1.562890e+01 
2.460670e+00 1.534451e+01 
2.495640e+00 1.506436e+01 
2.531080e+00 1.478797e+01 
2.566220e+00 1.452162e+01 
2.600830e+00 1.426664e+01 
2.635080e+00 1.402126e+01 
2.670340e+00 1.377515e+01 
2.705970e+00 1.353309e+01 
2.740040e+00 1.330779e+01 
2.774520e+00 1.308538e+01 
2.809730e+00 1.286385e+01 
2.844390e+00 1.265153e+01 
2.879960e+00 1.243906e+01 
2.914860e+00 1.223543e+01 
2.949410e+00 1.203893e+01 
2.984440e+00 1.184416e+01 
3.019760e+00 1.165257e+01 
3.054730e+00 1.146769e+01 
3.089030e+00 1.128976e+01 
3.124060e+00 1.111250e+01 
3.159560e+00 1.093704e+01 
3.194710e+00 1.076700e+01 
3.229010e+00 1.060508e+01 
3.263320e+00 1.044591e+01 
3.297930e+00 1.028914e+01 
3.332830e+00 1.013438e+01 
3.368040e+00 9.981520e+00 
3.403300e+00 9.831823e+00 
3.438450e+00 9.685479e+00 
3.473060e+00 9.544763e+00 
3.508440e+00 9.403207e+00 
3.543110e+00 9.267733e+00 
3.577470e+00 9.135806e+00 
3.613040e+00 9.002232e+00 
3.648120e+00 8.872845e+00 
3.682910e+00 8.747260e+00 
3.718050e+00 8.622811e+00 
3.753320e+00 8.500378e+00 
3.787980e+00 8.382179e+00 
3.822290e+00 8.267489e+00 
3.857020e+00 8.153498e+00 
3.891920e+00 8.041210e+00 
3.926650e+00 7.931392e+00 
3.961970e+00 7.821921e+00 
3.997360e+00 7.714018e+00 
4.031670e+00 7.611546e+00 
4.066330e+00 7.509633e+00 
4.101420e+00 7.408639e+00 
4.136200e+00 7.309870e+00 
4.170810e+00 7.213651e+00 
4.206250e+00 7.116605e+00 
4.241580e+00 7.021796e+00 
4.276300e+00 6.930136e+00 
4.310970e+00 6.840243e+00 
4.346120e+00 6.750714e+00 
4.380600e+00 6.664247e+00 
4.414730e+00 6.580335e+00 
4.450350e+00 6.493913e+00 
4.485320e+00 6.410772e+00 
4.519810e+00 6.330002e+00 
4.555430e+00 6.248057e+00 
4.590870e+00 6.167951e+00 
4.625480e+00 6.090846e+00 
4.659910e+00 6.015599e+00 
4.695230e+00 5.939464e+00 
4.729960e+00 5.865962e+00 
4.764450e+00 5.794182e+00 
4.799530e+00 5.722286e+00 
4.834910e+00 5.651137e+00 
4.869700e+00 5.582052e+00 
4.904370e+00 5.514396e+00 
4.939450e+00 5.447092e+00 
4.973940e+00 5.381864e+00 
5.008430e+00 5.317800e+00 
5.043810e+00 5.253028e+00 
5.078840e+00 5.189914e+00 
5.113500e+00 5.128573e+00 
5.148890e+00 5.066710e+00 
5.184210e+00 5.006052e+00 
5.219060e+00 4.947183e+00 
5.253660e+00 4.889555e+00 
5.288570e+00 4.832409e+00 
5.323420e+00 4.776190e+00 
5.358440e+00 4.720493e+00 
5.393590e+00 4.665544e+00 
5.428310e+00 4.612053e+00 
5.462800e+00 4.559731e+00 
5.497640e+00 4.507754e+00 
5.532670e+00 4.456176e+00 
5.567280e+00 4.405997e+00 
5.602000e+00 4.356479e+00 
5.637270e+00 4.306848e+00 
5.672410e+00 4.258176e+00 
5.707020e+00 4.211013e+00 
5.742040e+00 4.163922e+00 
5.777430e+00 4.117074e+00 
5.812210e+00 4.071771e+00 
5.846820e+00 4.027276e+00 
5.881610e+00 3.983220e+00 
5.916510e+00 3.939717e+00 
5.951600e+00 3.896586e+00 
5.986560e+00 3.854250e+00 
6.021830e+00 3.812203e+00 
6.056490e+00 3.771447e+00 
6.091160e+00 3.731237e+00 
6.125830e+00 3.691635e+00 
6.161090e+00 3.651947e+00 
6.195760e+00 3.613465e+00 
6.230420e+00 3.575567e+00 
6.265690e+00 3.537576e+00 
6.300950e+00 3.500099e+00 
6.335620e+00 3.463795e+00 
6.370880e+00 3.427417e+00 
6.405550e+00 3.392126e+00 
6.440220e+00 3.357326e+00 
6.475480e+00 3.322449e+00 
6.510150e+00 3.288644e+00 
6.544810e+00 3.255318e+00 
6.580080e+00 3.221891e+00 
6.614750e+00 3.189501e+00 
6.649410e+00 3.157542e+00 
6.684080e+00 3.126016e+00 
6.719340e+00 3.094404e+00 
6.754010e+00 3.063754e+00 
6.788680e+00 3.033522e+00 
6.823940e+00 3.003202e+00 
6.859800e+00 2.972800e+00 
6.894470e+00 2.943819e+00 
6.929140e+00 2.915234e+00 
6.963800e+00 2.887042e+00 
6.999070e+00 2.858744e+00 
7.033730e+00 2.831315e+00 
7.068400e+00 2.804245e+00 
7.103660e+00 2.777082e+00 
7.138330e+00 2.750731e+00 
7.173600e+00 2.724285e+00 
7.208260e+00 2.698639e+00 
7.243530e+00 2.672885e+00 
7.277600e+00 2.648350e+00 
7.312860e+00 2.623304e+00 
7.348120e+00 2.598585e+00 
7.382790e+00 2.574593e+00 
7.417460e+00 2.550919e+00 
7.452720e+00 2.527154e+00 
7.487390e+00 2.504086e+00 
7.522650e+00 2.480923e+00 
7.557320e+00 2.458470e+00 
7.591990e+00 2.436309e+00 
7.627250e+00 2.414055e+00 
7.662510e+00 2.392080e+00 
7.697180e+00 2.370780e+00 
7.731850e+00 2.349758e+00 
7.766510e+00 2.328997e+00 
7.801180e+00 2.308484e+00 
7.836440e+00 2.287903e+00 
7.871110e+00 2.267930e+00 
7.906380e+00 2.247857e+00 
7.941040e+00 2.228370e+00 
7.976310e+00 2.208800e+00 
8.011570e+00 2.189499e+00 
8.046240e+00 2.170747e+00 
8.080900e+00 2.152221e+00 
8.115570e+00 2.133920e+00 
8.150830e+00 2.115579e+00 
8.185500e+00 2.097755e+00 
8.220770e+00 2.079835e+00 
8.255430e+00 2.062430e+00 
8.290100e+00 2.045268e+00 
8.324770e+00 2.028308e+00 
8.359430e+00 2.011546e+00 
8.394700e+00 1.994683e+00 
8.429960e+00 1.978050e+00 
8.464630e+00 1.961912e+00 
8.499890e+00 1.945685e+00 
8.534560e+00 1.929908e+00 
8.569200e+00 1.914321e+00 
