# Parameters:
# omega_b = 0.022303, omega_m = 0.124134, n_s = 0.933465, h = 61.614173, w = -1.000000, sigma_8 = 0.818110
# z = 1.900000
#
# k[1/Mpc] # P(k):
8.694000e-04 5.694227e+03 
2.077466e-03 1.168123e+04 
3.285532e-03 1.606981e+04 
4.493598e-03 1.923753e+04 
5.701664e-03 2.142120e+04 
6.909730e-03 2.281775e+04 
8.117797e-03 2.362316e+04 
9.325863e-03 2.393915e+04 
1.053393e-02 2.386200e+04 
1.174199e-02 2.347827e+04 
1.295006e-02 2.284214e+04 
1.415813e-02 2.202329e+04 
1.536619e-02 2.108147e+04 
1.657426e-02 2.005730e+04 
1.778233e-02 1.898505e+04 
1.899039e-02 1.791354e+04 
2.019846e-02 1.686848e+04 
2.140652e-02 1.587086e+04 
2.261459e-02 1.493171e+04 
2.382266e-02 1.406304e+04 
2.503072e-02 1.327136e+04 
2.623879e-02 1.255697e+04 
2.744685e-02 1.191979e+04 
2.865492e-02 1.135569e+04 
2.986299e-02 1.085856e+04 
3.100100e-02 1.044910e+04 
3.220400e-02 1.007057e+04 
3.288100e-02 9.881128e+03 
3.424300e-02 9.541702e+03 
3.555100e-02 9.259083e+03 
3.686000e-02 9.010932e+03 
3.795000e-02 8.824140e+03 
3.929100e-02 8.612616e+03 
4.039800e-02 8.446270e+03 
4.164000e-02 8.264448e+03 
4.294400e-02 8.069238e+03 
4.415000e-02 7.886113e+03 
4.542900e-02 7.679266e+03 
4.660900e-02 7.482223e+03 
4.782300e-02 7.262707e+03 
4.892900e-02 7.056412e+03 
5.031200e-02 6.787468e+03 
5.155900e-02 6.535730e+03 
5.238100e-02 6.367515e+03 
5.378200e-02 6.079990e+03 
5.513400e-02 5.805305e+03 
5.627600e-02 5.579939e+03 
5.735300e-02 5.376848e+03 
5.870100e-02 5.139329e+03 
5.988700e-02 4.948305e+03 
6.113500e-02 4.765676e+03 
6.225900e-02 4.617028e+03 
6.340100e-02 4.479405e+03 
6.480200e-02 4.324793e+03 
6.601100e-02 4.202939e+03 
6.725500e-02 4.086586e+03 
6.829100e-02 3.996840e+03 
6.958600e-02 3.892080e+03 
7.071100e-02 3.808764e+03 
7.192300e-02 3.726338e+03 
7.307400e-02 3.654751e+03 
7.412300e-02 3.594671e+03 
7.550400e-02 3.522604e+03 
7.663100e-02 3.468129e+03 
7.791200e-02 3.410487e+03 
7.912700e-02 3.358251e+03 
8.027600e-02 3.309941e+03 
8.138400e-02 3.263757e+03 
8.272200e-02 3.207607e+03 
8.406100e-02 3.150182e+03 
8.534100e-02 3.092580e+03 
8.653800e-02 3.036011e+03 
8.759800e-02 2.984435e+03 
8.900300e-02 2.913507e+03 
9.009000e-02 2.856410e+03 
9.113300e-02 2.799704e+03 
9.239600e-02 2.730310e+03 
9.358000e-02 2.664113e+03 
9.496100e-02 2.585813e+03 
9.608400e-02 2.522751e+03 
9.727500e-02 2.456901e+03 
9.852600e-02 2.388627e+03 
9.973800e-02 2.324846e+03 
1.009000e-01 2.265807e+03 
1.020900e-01 2.208700e+03 
1.034000e-01 2.149151e+03 
1.046000e-01 2.097714e+03 
1.057200e-01 2.053992e+03 
1.069100e-01 2.010021e+03 
1.082500e-01 1.965450e+03 
1.093900e-01 1.930933e+03 
1.105400e-01 1.898355e+03 
1.116900e-01 1.869599e+03 
1.129600e-01 1.839645e+03 
1.142000e-01 1.813495e+03 
1.153300e-01 1.790905e+03 
1.166400e-01 1.766375e+03 
1.177800e-01 1.745877e+03 
1.190000e-01 1.724615e+03 
1.201200e-01 1.704928e+03 
1.213400e-01 1.683874e+03 
1.227100e-01 1.658925e+03 
1.238900e-01 1.637457e+03 
1.250700e-01 1.614759e+03 
1.263200e-01 1.590541e+03 
1.275500e-01 1.565632e+03 
1.287500e-01 1.541099e+03 
1.299900e-01 1.515075e+03 
1.311300e-01 1.491115e+03 
1.323500e-01 1.465173e+03 
1.335900e-01 1.439096e+03 
1.347100e-01 1.415626e+03 
1.359800e-01 1.389554e+03 
1.372100e-01 1.364741e+03 
1.384300e-01 1.340803e+03 
1.395700e-01 1.319136e+03 
1.407700e-01 1.296901e+03 
1.420300e-01 1.274668e+03 
1.432800e-01 1.253133e+03 
1.444500e-01 1.234203e+03 
1.456300e-01 1.215522e+03 
1.468900e-01 1.196657e+03 
1.480500e-01 1.179852e+03 
1.491700e-01 1.164259e+03 
1.503800e-01 1.148145e+03 
1.516400e-01 1.131833e+03 
1.528200e-01 1.117368e+03 
1.540200e-01 1.102949e+03 
1.551900e-01 1.089474e+03 
1.564300e-01 1.075549e+03 
1.576600e-01 1.062103e+03 
1.588700e-01 1.049243e+03 
1.600900e-01 1.036525e+03 
1.612700e-01 1.024445e+03 
1.625400e-01 1.011692e+03 
1.637600e-01 9.995715e+02 
1.649500e-01 9.879062e+02 
1.662200e-01 9.756457e+02 
1.674000e-01 9.642151e+02 
1.685000e-01 9.537441e+02 
1.697500e-01 9.418845e+02 
1.710300e-01 9.298005e+02 
1.722200e-01 9.187745e+02 
1.734400e-01 9.073516e+02 
1.746400e-01 8.963060e+02 
1.758700e-01 8.851135e+02 
1.770900e-01 8.740603e+02 
1.782700e-01 8.635593e+02 
1.794600e-01 8.530763e+02 
1.807000e-01 8.422953e+02 
1.819100e-01 8.319631e+02 
1.830100e-01 8.227449e+02 
1.842200e-01 8.127767e+02 
1.855000e-01 8.024247e+02 
1.867000e-01 7.930052e+02 
1.879200e-01 7.835918e+02 
1.890900e-01 7.747447e+02 
1.902800e-01 7.660469e+02 
1.915200e-01 7.571346e+02 
1.926900e-01 7.489141e+02 
1.939000e-01 7.407127e+02 
1.951700e-01 7.322473e+02 
1.963100e-01 7.248213e+02 
1.975100e-01 7.172616e+02 
1.987800e-01 7.093895e+02 
2.000100e-01 7.019333e+02 
2.012500e-01 6.946391e+02 
2.023400e-01 6.883222e+02 
2.036100e-01 6.810881e+02 
2.048900e-01 6.739759e+02 
2.060400e-01 6.676828e+02 
2.072200e-01 6.613201e+02 
2.084200e-01 6.549615e+02 
2.096900e-01 6.483337e+02 
2.109200e-01 6.420122e+02 
2.121100e-01 6.359549e+02 
2.132700e-01 6.301323e+02 
2.145200e-01 6.239487e+02 
2.157200e-01 6.180558e+02 
2.168800e-01 6.124194e+02 
2.180700e-01 6.067177e+02 
2.193400e-01 6.006944e+02 
2.206000e-01 5.947583e+02 
2.217500e-01 5.894169e+02 
2.229500e-01 5.839194e+02 
2.241400e-01 5.784715e+02 
2.253500e-01 5.730071e+02 
2.264900e-01 5.679285e+02 
2.277100e-01 5.625410e+02 
2.289900e-01 5.569401e+02 
2.301500e-01 5.519349e+02 
2.313600e-01 5.467837e+02 
2.325600e-01 5.417064e+02 
2.337700e-01 5.366563e+02 
2.350000e-01 5.315929e+02 
2.362000e-01 5.267123e+02 
2.374100e-01 5.218481e+02 
2.386500e-01 5.169307e+02 
2.399100e-01 5.120028e+02 
2.410400e-01 5.076477e+02 
2.422500e-01 5.030446e+02 
2.435000e-01 4.983527e+02 
2.447300e-01 4.938020e+02 
2.458700e-01 4.896552e+02 
2.470600e-01 4.853804e+02 
2.483300e-01 4.808779e+02 
2.495600e-01 4.765917e+02 
2.507600e-01 4.724867e+02 
2.519600e-01 4.684332e+02 
2.532200e-01 4.642313e+02 
2.543700e-01 4.604733e+02 
2.555500e-01 4.566831e+02 
2.568000e-01 4.527178e+02 
2.580100e-01 4.489275e+02 
2.592400e-01 4.451535e+02 
2.604100e-01 4.416207e+02 
2.616100e-01 4.380403e+02 
2.628400e-01 4.344146e+02 
2.640600e-01 4.308957e+02 
2.652200e-01 4.276023e+02 
2.664300e-01 4.242067e+02 
2.676500e-01 4.208236e+02 
2.688400e-01 4.175827e+02 
2.700700e-01 4.142848e+02 
2.712400e-01 4.111838e+02 
2.724800e-01 4.079351e+02 
2.736700e-01 4.048646e+02 
2.748800e-01 4.017895e+02 
2.761000e-01 3.987244e+02 
2.773200e-01 3.956943e+02 
2.785400e-01 3.927031e+02 
2.797000e-01 3.898999e+02 
2.808900e-01 3.870553e+02 
2.821400e-01 3.841008e+02 
2.833900e-01 3.811803e+02 
2.845500e-01 3.785029e+02 
2.857800e-01 3.756948e+02 
2.870300e-01 3.728729e+02 
2.882100e-01 3.702382e+02 
2.893900e-01 3.676330e+02 
2.906300e-01 3.649259e+02 
2.918900e-01 3.622056e+02 
2.930500e-01 3.597280e+02 
2.942500e-01 3.571912e+02 
2.954200e-01 3.547421e+02 
2.966500e-01 3.521944e+02 
2.978900e-01 3.496536e+02 
2.990400e-01 3.473218e+02 
3.002700e-01 3.448527e+02 
3.015100e-01 3.423897e+02 
3.026800e-01 3.400899e+02 
3.038500e-01 3.378130e+02 
3.050300e-01 3.355396e+02 
3.062600e-01 3.331916e+02 
3.075000e-01 3.308492e+02 
3.087000e-01 3.286057e+02 
3.099100e-01 3.263664e+02 
3.111200e-01 3.241497e+02 
3.123100e-01 3.219914e+02 
3.135300e-01 3.198008e+02 
3.147300e-01 3.176678e+02 
3.159900e-01 3.154508e+02 
3.171800e-01 3.133797e+02 
3.183700e-01 3.113300e+02 
3.196300e-01 3.091814e+02 
3.208400e-01 3.071387e+02 
3.220300e-01 3.051493e+02 
3.232000e-01 3.032146e+02 
3.244300e-01 3.012013e+02 
3.256700e-01 2.991916e+02 
3.269200e-01 2.971859e+02 
3.280800e-01 2.953424e+02 
3.292500e-01 2.935051e+02 
3.304800e-01 2.915934e+02 
3.317100e-01 2.897001e+02 
3.328900e-01 2.879010e+02 
3.340700e-01 2.861184e+02 
3.353600e-01 2.841937e+02 
3.365300e-01 2.824666e+02 
3.377100e-01 2.807406e+02 
3.389200e-01 2.789869e+02 
3.401600e-01 2.772066e+02 
3.413700e-01 2.754917e+02 
3.425300e-01 2.738666e+02 
3.437700e-01 2.721452e+02 
3.449800e-01 2.704809e+02 
3.461800e-01 2.688454e+02 
3.473600e-01 2.672541e+02 
3.485800e-01 2.656298e+02 
3.498100e-01 2.640072e+02 
3.510200e-01 2.624254e+02 
3.522000e-01 2.608964e+02 
3.533900e-01 2.593679e+02 
3.546400e-01 2.577873e+02 
3.558400e-01 2.562841e+02 
3.570600e-01 2.547694e+02 
3.582700e-01 2.532802e+02 
3.595000e-01 2.517798e+02 
3.607100e-01 2.503228e+02 
3.618900e-01 2.489187e+02 
3.631200e-01 2.474677e+02 
3.643200e-01 2.460644e+02 
3.655500e-01 2.446383e+02 
3.667300e-01 2.432819e+02 
3.679500e-01 2.419022e+02 
3.691900e-01 2.405120e+02 
3.703600e-01 2.392114e+02 
3.715700e-01 2.378774e+02 
3.727700e-01 2.365654e+02 
3.739900e-01 2.352462e+02 
3.752000e-01 2.339547e+02 
3.763900e-01 2.326950e+02 
3.775800e-01 2.314455e+02 
3.788200e-01 2.301544e+02 
3.800300e-01 2.289050e+02 
3.812100e-01 2.277023e+02 
3.824200e-01 2.264829e+02 
3.836100e-01 2.252933e+02 
3.848600e-01 2.240540e+02 
3.860400e-01 2.228936e+02 
3.872400e-01 2.217228e+02 
3.884600e-01 2.205489e+02 
3.896500e-01 2.194155e+02 
3.908700e-01 2.182627e+02 
3.920600e-01 2.171472e+02 
3.933100e-01 2.159848e+02 
3.945300e-01 2.148594e+02 
3.957200e-01 2.137774e+02 
3.969300e-01 2.126878e+02 
3.981700e-01 2.115800e+02 
3.993500e-01 2.105339e+02 
4.094840e-01 2.019043e+02 
4.272360e-01 1.882433e+02 
4.454600e-01 1.758260e+02 
4.630560e-01 1.651440e+02 
4.804610e-01 1.556550e+02 
4.980690e-01 1.469934e+02 
5.159230e-01 1.390411e+02 
5.317440e-01 1.326025e+02 
5.489640e-01 1.261694e+02 
5.671990e-01 1.199403e+02 
5.838690e-01 1.146987e+02 
6.018840e-01 1.094790e+02 
6.202330e-01 1.045874e+02 
6.379250e-01 1.002222e+02 
6.545410e-01 9.641895e+01 
6.714560e-01 9.280641e+01 
6.892080e-01 8.926947e+01 
7.066010e-01 8.604021e+01 
7.240540e-01 8.300700e+01 
7.420450e-01 8.008465e+01 
7.593780e-01 7.744717e+01 
7.764720e-01 7.500019e+01 
7.942840e-01 7.260252e+01 
8.116170e-01 7.040594e+01 
8.288310e-01 6.834739e+01 
8.462240e-01 6.638031e+01 
8.631980e-01 6.456366e+01 
8.810700e-01 6.275195e+01 
8.989410e-01 6.103671e+01 
9.166330e-01 5.942442e+01 
9.345640e-01 5.787399e+01 
9.515980e-01 5.647246e+01 
9.688720e-01 5.511630e+01 
9.865640e-01 5.379301e+01 
1.031870e+00 5.066526e+01 
1.063490e+00 4.868395e+01 
1.097920e+00 4.669155e+01 
1.134370e+00 4.474366e+01 
1.167730e+00 4.309272e+01 
1.203830e+00 4.143256e+01 
1.240470e+00 3.986538e+01 
1.275790e+00 3.845693e+01 
1.309140e+00 3.721050e+01 
1.342970e+00 3.601800e+01 
1.378420e+00 3.484200e+01 
1.413200e+00 3.375483e+01 
1.448110e+00 3.272349e+01 
1.484090e+00 3.171723e+01 
1.518820e+00 3.079806e+01 
1.552880e+00 2.994058e+01 
1.588630e+00 2.908471e+01 
1.623230e+00 2.829530e+01 
1.657720e+00 2.754606e+01 
1.692450e+00 2.682448e+01 
1.726400e+00 2.615046e+01 
1.762200e+00 2.546948e+01 
1.797880e+00 2.482026e+01 
1.833270e+00 2.420326e+01 
1.869070e+00 2.360532e+01 
1.903200e+00 2.305699e+01 
1.937740e+00 2.252363e+01 
1.973190e+00 2.199702e+01 
2.007440e+00 2.150719e+01 
2.042160e+00 2.102816e+01 
2.077900e+00 2.055286e+01 
2.112390e+00 2.011131e+01 
2.146220e+00 1.969176e+01 
2.181600e+00 1.926820e+01 
2.216930e+00 1.885896e+01 
2.250760e+00 1.848003e+01 
2.286500e+00 1.809301e+01 
2.321770e+00 1.772343e+01 
2.355950e+00 1.737573e+01 
2.391280e+00 1.702763e+01 
2.426240e+00 1.669330e+01 
2.460670e+00 1.637401e+01 
2.495640e+00 1.605982e+01 
2.531080e+00 1.575016e+01 
2.566220e+00 1.545161e+01 
2.600830e+00 1.516594e+01 
2.635080e+00 1.489125e+01 
2.670340e+00 1.461620e+01 
2.705970e+00 1.434569e+01 
2.740040e+00 1.409398e+01 
2.774520e+00 1.384572e+01 
2.809730e+00 1.359862e+01 
2.844390e+00 1.336193e+01 
2.879960e+00 1.312532e+01 
2.914860e+00 1.289878e+01 
2.949410e+00 1.268026e+01 
2.984440e+00 1.246370e+01 
3.019760e+00 1.225090e+01 
3.054730e+00 1.204573e+01 
3.089030e+00 1.184845e+01 
3.124060e+00 1.165208e+01 
3.159560e+00 1.145795e+01 
3.194710e+00 1.126987e+01 
3.229010e+00 1.109081e+01 
3.263320e+00 1.091506e+01 
3.297930e+00 1.074204e+01 
3.332830e+00 1.057139e+01 
3.368040e+00 1.040299e+01 
3.403300e+00 1.023822e+01 
3.438450e+00 1.007729e+01 
3.473060e+00 9.922613e+00 
3.508440e+00 9.767248e+00 
3.543110e+00 9.618629e+00 
3.577470e+00 9.474103e+00 
3.613040e+00 9.327843e+00 
3.648120e+00 9.186288e+00 
3.682910e+00 9.049024e+00 
3.718050e+00 8.913212e+00 
3.753320e+00 8.779654e+00 
3.787980e+00 8.650775e+00 
3.822290e+00 8.525845e+00 
3.857020e+00 8.401842e+00 
3.891920e+00 8.279774e+00 
3.926650e+00 8.160514e+00 
3.961970e+00 8.041707e+00 
3.997360e+00 7.924739e+00 
4.031670e+00 7.813726e+00 
4.066330e+00 7.703503e+00 
4.101420e+00 7.594310e+00 
4.136200e+00 7.487661e+00 
4.170810e+00 7.383797e+00 
4.206250e+00 7.279221e+00 
4.241580e+00 7.177113e+00 
4.276300e+00 7.078490e+00 
4.310970e+00 6.981833e+00 
4.346120e+00 6.885655e+00 
4.380600e+00 6.792890e+00 
4.414730e+00 6.702896e+00 
4.450350e+00 6.610307e+00 
4.485320e+00 6.521262e+00 
4.519810e+00 6.434936e+00 
4.555430e+00 6.347449e+00 
4.590870e+00 6.261967e+00 
4.625480e+00 6.179747e+00 
4.659910e+00 6.099534e+00 
4.695230e+00 6.018508e+00 
4.729960e+00 5.940327e+00 
4.764450e+00 5.864064e+00 
4.799530e+00 5.787806e+00 
4.834910e+00 5.712364e+00 
4.869700e+00 5.639173e+00 
4.904370e+00 5.567524e+00 
4.939450e+00 5.496308e+00 
4.973940e+00 5.427407e+00 
5.008430e+00 5.359757e+00 
5.043810e+00 5.291434e+00 
5.078840e+00 5.224911e+00 
5.113500e+00 5.160277e+00 
5.148890e+00 5.095248e+00 
5.184210e+00 5.031511e+00 
5.219060e+00 4.969686e+00 
5.253660e+00 4.909219e+00 
5.288570e+00 4.849275e+00 
5.323420e+00 4.790357e+00 
5.358440e+00 4.732045e+00 
5.393590e+00 4.674532e+00 
5.428310e+00 4.618646e+00 
5.462800e+00 4.564042e+00 
5.497640e+00 4.509814e+00 
5.532670e+00 4.456068e+00 
5.567280e+00 4.403809e+00 
5.602000e+00 4.352254e+00 
5.637270e+00 4.300657e+00 
5.672410e+00 4.250083e+00 
5.707020e+00 4.201090e+00 
5.742040e+00 4.152252e+00 
5.777430e+00 4.103691e+00 
5.812210e+00 4.056744e+00 
5.846820e+00 4.010705e+00 
5.881610e+00 3.965147e+00 
5.916510e+00 3.920171e+00 
5.951600e+00 3.875637e+00 
5.986560e+00 3.831956e+00 
6.021830e+00 3.788582e+00 
6.056490e+00 3.746591e+00 
6.091160e+00 3.705205e+00 
6.125830e+00 3.664455e+00 
6.161090e+00 3.623639e+00 
6.195760e+00 3.584100e+00 
6.230420e+00 3.545170e+00 
6.265690e+00 3.506157e+00 
6.300950e+00 3.467769e+00 
6.335620e+00 3.430590e+00 
6.370880e+00 3.393344e+00 
6.405550e+00 3.357252e+00 
6.440220e+00 3.321685e+00 
6.475480e+00 3.286045e+00 
6.510150e+00 3.251523e+00 
6.544810e+00 3.217528e+00 
6.580080e+00 3.183436e+00 
6.614750e+00 3.150409e+00 
6.649410e+00 3.117863e+00 
6.684080e+00 3.085770e+00 
6.719340e+00 3.053596e+00 
6.754010e+00 3.022424e+00 
6.788680e+00 2.991725e+00 
6.823940e+00 2.960941e+00 
6.859800e+00 2.930079e+00 
6.894470e+00 2.900712e+00 
6.929140e+00 2.871767e+00 
6.963800e+00 2.843225e+00 
6.999070e+00 2.814582e+00 
7.033730e+00 2.786852e+00 
7.068400e+00 2.759488e+00 
7.103660e+00 2.732035e+00 
7.138330e+00 2.705418e+00 
7.173600e+00 2.678728e+00 
7.208260e+00 2.652851e+00 
7.243530e+00 2.626868e+00 
7.277600e+00 2.602144e+00 
7.312860e+00 2.576933e+00 
7.348120e+00 2.552056e+00 
7.382790e+00 2.527914e+00 
7.417460e+00 2.504115e+00 
7.452720e+00 2.480241e+00 
7.487390e+00 2.457069e+00 
7.522650e+00 2.433804e+00 
7.557320e+00 2.411274e+00 
7.591990e+00 2.389046e+00 
7.627250e+00 2.366727e+00 
7.662510e+00 2.344691e+00 
7.697180e+00 2.323363e+00 
7.731850e+00 2.302324e+00 
7.766510e+00 2.281551e+00 
7.801180e+00 2.261027e+00 
7.836440e+00 2.240460e+00 
7.871110e+00 2.220516e+00 
7.906380e+00 2.200475e+00 
7.941040e+00 2.181021e+00 
7.976310e+00 2.161496e+00 
8.011570e+00 2.142254e+00 
8.046240e+00 2.123561e+00 
8.080900e+00 2.105096e+00 
8.115570e+00 2.086861e+00 
8.150830e+00 2.068603e+00 
8.185500e+00 2.050863e+00 
8.220770e+00 2.033029e+00 
8.255430e+00 2.015708e+00 
8.290100e+00 1.998662e+00 
8.324770e+00 1.981823e+00 
8.359430e+00 1.965181e+00 
8.394700e+00 1.948441e+00 
8.429960e+00 1.931938e+00 
8.464630e+00 1.915934e+00 
8.499890e+00 1.899844e+00 
8.534560e+00 1.884202e+00 
8.569200e+00 1.868748e+00 
